0,1,,
0,1,0.108,0.289,0.476,0.663,0.839,1.002,1.177,1.336,1.500,1.676,1.840,2.018,2.166,2.334,2.518,2.679,2.844,3.019,3.196,3.348,3.524,3.705,3.876,4.053,4.247,4.411,4.591,4.774,4.956,5.154,5.386,5.582,5.770,5.950,6.143,6.341,6.548,6.728,6.918,7.120,7.301,7.497,7.710,7.887,8.097,8.276,8.463,8.660,8.845,9.021,9.190,9.359,9.536,9.753,9.967,10.139,10.341,10.653,10.860,
0,1,0.128,0.280,0.451,0.615,0.790,0.942,1.110,1.277,1.442,1.613,1.774,1.952,2.110,2.281,2.439,2.613,2.787,2.965,3.161,3.346,3.520,3.717,3.874,4.048,4.231,4.397,4.598,4.775,4.963,5.143,5.329,5.496,5.670,5.857,6.042,6.208,6.372,6.545,6.742,6.908,7.097,7.271,7.468,7.645,7.914,8.118,8.331,8.537,
0,1,0.058,0.229,0.400,0.562,0.901,1.053,1.221,1.397,1.564,1.695,1.916,
1,1,0.170,0.333,0.498,0.676,0.841,1.000,1.178,1.334,1.513,1.684,1.858,2.026,2.200,2.396,2.576,
1,2,0.187,0.356,0.520,0.690,0.863,1.053,1.240,1.418,1.619,1.791,1.964,2.140,2.346,2.567,2.751,3.123,3.329,3.606,3.772,3.949,4.138,
1,3,0.033,0.190,0.360,0.576,0.731,0.917,1.073,1.267,1.431,1.603,1.782,1.973,2.140,2.349,2.577,2.768,2.929,3.151,3.406,3.589,3.793,4.167,4.341,4.540,4.727,4.938,5.116,5.290,5.483,5.690,5.903,6.078,6.290,6.497,6.713,6.965,7.196,7.390,7.611,7.790,7.980,8.220,8.403,8.571,8.771,8.940,9.144,9.318,9.484,
1,4,0.102,0.289,0.472,0.623,0.808,0.918,1.148,1.310,1.471,1.642,1.798,1.968,2.135,2.313,2.487,2.683,2.848,2.969,3.148,3.322,3.502,3.685,3.886,4.070,
1,5,0.216,0.422,0.576,0.745,0.919,1.111,1.279,1.473,1.651,1.831,2.018,2.193,2.367,2.536,2.733,2.922,3.114,3.290,3.464,3.657,3.850,4.000,4.156,4.386,4.600,4.825,5.019,5.188,5.373,5.560,5.712,5.896,6.136,6.367,6.551,6.724,6.907,7.083,7.270,7.448,7.637,7.836,8.021,8.176,8.364,8.547,8.661,8.894,9.081,9.245,9.421,9.655,
1,6,0.440,0.603,0.775,0.970,1.123,1.291,1.465,1.650,1.823,2.032,2.222,2.449,2.651,2.836,3.018,3.188,3.401,3.558,3.768,3.970,4.173,4.343,4.523,4.735,4.983,5.205,5.398,5.603,5.796,5.973,
1,7,,
1,8,0.197,0.356,0.519,0.691,0.857,1.033,1.207,1.398,1.568,1.731,1.898,2.090,2.249,2.415,2.577,2.740,2.899,3.068,3.234,3.414,3.581,3.766,3.920,4.100,4.287,4.466,4.620,4.821,4.990,5.337,5.500,5.658,5.821,6.000,6.168,6.367,6.548,6.716,6.890,7.064,7.233,7.413,7.596,7.778,7.932,8.092,8.272,
1,9,0.278,0.455,0.618,0.780,0.961,1.119,1.289,1.467,1.646,1.815,1.981,2.151,
1,10,0.293,0.555,0.710,0.865,1.025,1.179,1.338,1.489,1.647,1.802,1.948,2.104,2.259,
1,11,0.175,0.352,0.529,0.672,0.827,0.985,1.151,1.279,1.422,1.573,1.724,1.884,2.030,2.185,2.356,2.501,2.667,2.821,2.987,3.135,3.305,3.471,3.635,3.793,3.962,4.123,4.285,4.452,4.636,4.797,4.949,5.111,5.282,5.443,5.604,5.770,5.936,6.092,6.270,6.431,6.621,6.785,6.958,7.137,7.317,7.501,7.678,7.848,8.021,8.215,8.388,8.536,8.705,8.868,9.033,9.417,9.565,9.738,9.912,10.075,10.244,
1,12,0.187,0.317,0.510,0.668,0.827,0.984,1.152,1.321,1.478,1.656,1.828,1.995,2.156,2.334,2.499,2.666,2.834,3.011,3.206,3.370,3.551,3.707,3.862,4.054,4.239,4.427,4.618,4.782,4.952,5.150,5.333,5.494,5.696,5.792,5.987,6.146,6.321,6.486,6.676,6.833,6.994,7.151,7.327,7.501,7.675,7.897,8.047,8.210,8.397,8.559,8.732,8.909,9.072,9.248,9.608,9.782,9.951,10.160,10.338,
1,13,0.180,0.352,0.524,0.722,0.900,1.073,1.242,1.422,1.612,1.780,1.956,2.142,2.309,2.483,2.654,2.838,3.002,3.173,3.357,3.547,3.730,3.897,4.077,4.276,4.446,4.643,4.791,4.971,5.148,5.329,5.529,5.709,5.912,6.096,6.333,6.490,6.664,6.840,7.020,7.207,7.399,7.584,7.761,7.935,8.156,
1,14,0.036,0.194,0.368,0.541,0.708,0.886,1.064,1.232,1.425,1.583,1.751,1.925,2.102,2.279,2.466,2.608,2.783,2.955,3.271,3.467,3.638,3.818,4.033,4.177,4.356,4.537,4.729,4.896,5.091,5.272,5.435,5.610,5.815,5.991,6.159,6.316,6.501,6.688,6.853,7.057,7.224,7.420,7.582,7.773,7.930,8.096,8.282,8.465,8.649,8.840,9.028,9.237,9.395,9.570,9.774,9.956,10.152,10.324,10.495,10.675,10.856,
1,15,0.167,0.324,0.501,0.661,0.834,1.003,1.164,1.336,1.497,1.680,1.828,1.996,2.164,2.341,2.520,2.678,2.848,3.054,3.206,3.397,3.560,3.735,3.920,4.092,4.247,4.420,4.586,4.771,4.933,5.099,5.271,5.436,5.617,5.805,5.992,6.160,6.352,6.533,6.696,6.869,7.043,7.217,7.399,7.575,7.734,7.924,8.079,8.362,8.532,8.707,8.939,9.145,9.319,9.464,9.644,9.804,9.972,10.273,10.420,
1,16,0.376,0.528,0.683,0.840,0.999,1.162,1.319,1.492,1.665,1.831,2.020,2.181,2.434,
1,17,0.217,0.402,0.558,0.724,0.902,1.037,1.198,1.357,1.530,1.686,1.846,2.019,2.171,2.350,2.531,2.687,2.877,3.053,3.244,3.415,3.590,3.770,3.924,4.089,4.253,4.435,4.618,4.801,4.977,5.176,5.333,5.521,5.717,5.887,6.083,
1,18,0.340,0.464,0.599,0.771,0.932,1.109,1.276,1.453,1.619,1.945,2.100,2.272,2.432,
1,19,0.099,0.267,0.425,0.584,0.722,0.900,1.051,1.210,1.368,1.529,1.700,1.901,2.045,2.216,2.401,2.552,2.726,2.803,3.052,3.216,3.375,3.543,3.735,3.902,4.152,4.273,4.431,4.600,4.787,4.942,5.127,5.297,5.469,5.654,5.843,6.020,6.198,6.399,6.563,6.738,6.907,7.076,7.250,7.416,7.586,7.770,7.938,8.137,
1,20,0.037,0.211,0.400,0.576,0.719,0.900,1.043,1.209,1.376,1.554,1.732,1.883,2.065,2.240,2.390,2.574,2.733,2.903,3.073,3.242,3.438,3.634,3.820,4.018,4.189,4.356,4.527,4.723,4.902,5.078,5.240,5.422,5.600,5.774,5.949,6.136,6.316,6.487,6.661,6.857,7.034,7.225,7.402,7.604,7.778,7.953,8.137,8.310,8.538,8.726,8.953,9.118,9.293,9.521,
1,21,0.321,0.516,0.700,0.854,1.035,1.236,1.429,1.650,1.785,1.972,2.155,2.346,2.517,2.697,2.878,3.044,3.220,3.416,3.602,3.807,4.002,4.189,4.394,4.589,4.777,4.986,5.183,5.363,5.569,5.769,5.943,6.136,
1,22,0.150,0.357,0.521,0.688,0.866,1.041,1.212,1.400,1.557,1.725,1.900,2.081,2.267,2.424,2.598,2.779,2.944,3.119,3.288,3.473,3.666,3.864,4.001,4.163,
1,23,0.309,0.471,0.639,0.799,0.948,1.120,1.281,1.445,1.607,1.773,1.940,2.113,2.273,2.425,2.590,2.750,2.914,3.086,3.247,3.414,3.565,3.721,3.858,3.992,4.145,4.289,4.437,4.580,4.732,4.891,5.029,5.172,5.313,5.472,5.625,5.793,5.947,6.103,6.275,6.409,6.571,6.735,6.892,7.056,7.225,7.392,7.540,7.699,7.853,8.026,8.151,
1,24,0.163,0.327,0.473,0.615,0.775,0.904,1.046,1.179,1.327,1.463,1.602,1.741,1.875,2.026,2.143,2.276,2.397,2.531,2.661,2.801,2.924,3.044,3.218,3.356,3.489,3.624,3.784,3.953,4.165,4.354,4.560,4.740,4.912,5.087,5.268,5.428,5.597,5.750,5.894,6.011,6.144,6.283,6.425,6.573,6.736,6.857,7.087,7.250,7.395,7.522,7.650,7.801,7.926,8.061,8.214,
1,25,0.263,0.410,0.556,0.706,0.850,0.995,1.147,1.288,1.421,1.569,1.706,1.857,1.989,2.120,2.268,2.397,2.531,2.670,2.813,2.947,3.079,3.217,3.354,3.485,3.648,3.775,3.989,4.131,4.278,4.413,4.555,4.682,4.833,4.974,5.104,5.250,5.403,5.537,5.679,5.827,5.979,6.132,6.271,6.414,6.574,6.712,6.860,6.994,7.133,7.275,7.411,7.536,7.699,7.829,7.973,8.133,8.271,8.407,8.560,8.717,8.865,9.022,9.172,9.323,9.517,9.709,9.854,10.002,
1,26,0.147,0.317,0.479,0.647,0.798,0.960,1.118,1.269,1.429,1.596,1.768,1.931,2.099,2.249,2.413,2.571,2.719,2.898,3.041,3.185,3.399,3.533,3.680,3.874,3.953,4.128,4.297,
1,27,0.195,0.341,0.498,0.626,0.766,0.899,1.036,1.180,1.308,1.460,1.594,1.728,1.858,2.000,2.150,2.274,2.408,2.541,2.681,2.824,2.968,3.104,3.235,3.376,3.522,3.650,3.810,3.944,4.092,4.235,4.367,4.517,4.651,4.772,4.906,5.033,5.151,5.283,5.429,5.558,5.692,5.837,5.979,6.135,6.243,6.402,6.523,6.657,6.793,6.932,7.068,7.211,7.343,7.481,7.619,7.769,7.911,8.066,8.208,8.358,8.519,8.653,8.797,8.940,9.081,9.212,9.351,9.520,9.637,9.770,9.909,10.051,10.191,10.342,10.470,10.614,10.749,10.874,11.021,11.166,11.315,11.476,11.843,
1,28,0.144,0.278,0.416,0.549,0.694,0.831,0.969,1.117,1.245,1.374,1.515,1.657,1.797,1.941,2.081,2.226,2.364,2.497,2.645,2.779,2.910,3.050,3.192,3.330,3.474,3.603,3.741,3.873,4.013,4.146,4.292,4.430,4.565,4.696,4.839,4.979,5.120,5.268,5.427,5.572,5.725,5.854,5.998,6.147,6.281,6.415,6.551,6.688,6.811,6.966,7.117,7.264,7.398,7.545,7.688,
1,29,,
1,30,0.110,0.273,0.434,0.588,0.743,0.899,1.058,1.217,1.369,1.523,1.674,1.829,1.977,2.140,2.286,2.447,2.602,2.749,2.895,3.055,3.213,3.362,3.524,3.650,3.786,3.920,4.049,4.174,4.312,4.449,4.599,4.739,4.877,5.025,5.166,5.303,5.453,5.614,5.747,5.901,6.046,6.192,6.335,6.484,6.621,6.776,6.911,7.064,7.208,7.354,7.509,7.664,7.804,7.977,8.123,8.249,8.393,8.520,8.662,8.817,8.962,9.112,9.264,9.399,9.543,9.681,9.827,9.982,10.144,10.271,
1,31,,
1,32,0.129,0.291,0.447,0.604,0.770,0.913,1.067,1.208,1.378,1.529,1.675,1.824,1.979,2.142,2.295,2.443,2.604,2.771,2.915,3.061,3.202,3.365,3.522,3.663,3.815,3.961,4.122,
1,33,0.447,0.609,0.766,0.904,1.043,1.183,1.318,1.455,1.595,1.735,1.872,2.016,2.150,2.281,2.411,2.551,2.693,2.834,2.975,3.119,3.267,3.400,3.540,3.681,3.823,3.966,4.104,4.267,4.403,4.545,4.692,4.840,4.977,5.134,5.283,5.435,5.593,5.740,5.888,6.039,6.192,6.339,
1,34,0.065,0.210,0.353,0.487,0.645,0.775,0.916,1.051,1.192,1.343,1.498,1.645,1.762,1.904,2.053,2.196,2.333,2.462,2.616,2.763,2.896,3.027,3.171,3.315,3.462,3.597,3.732,3.867,3.996,4.128,4.274,4.409,4.559,4.694,4.836,4.977,5.122,5.264,5.397,5.545,5.684,5.832,5.973,6.111,6.264,6.398,6.541,6.676,6.798,6.925,7.058,7.204,7.342,7.483,7.618,7.765,7.898,8.020,8.157,8.292,8.443,8.589,8.721,8.860,9.016,9.149,9.279,9.412,9.543,9.688,9.835,9.976,10.123,10.266,10.416,10.552,10.689,10.820,10.965,11.111,11.250,11.367,11.521,11.650,11.782,11.928,12.061,12.207,12.351,12.480,12.637,12.779,12.922,13.055,13.198,13.333,13.473,13.634,13.777,13.913,14.058,
1,35,0.027,0.158,0.308,0.453,0.593,0.735,0.894,1.032,1.191,1.330,1.482,1.644,1.774,1.919,2.068,2.215,2.358,2.500,2.656,2.803,2.954,3.097,3.234,3.395,3.524,3.669,3.825,3.974,4.112,4.240,4.373,4.497,4.646,4.773,4.896,5.036,5.178,5.311,5.449,5.593,5.722,5.866,5.996,6.146,6.279,6.431,6.562,6.711,6.838,6.997,7.117,7.252,7.397,7.524,7.656,7.785,7.933,8.067,8.210,8.352,8.490,8.647,8.769,8.898,
1,36,0.238,0.442,0.593,0.767,0.901,1.054,1.204,1.362,1.518,1.660,1.814,1.967,2.103,2.268,2.406,2.555,2.707,2.851,3.018,3.156,3.302,3.445,3.593,3.738,3.902,4.023,4.173,4.312,4.462,4.596,4.735,4.874,5.019,5.155,5.284,5.419,5.562,5.692,5.832,5.957,6.105,6.242,6.403,6.528,6.669,6.814,6.954,7.098,7.270,7.394,7.545,7.689,7.829,7.980,8.125,
1,37,0.027,0.190,0.333,0.473,0.625,0.773,0.925,1.084,1.245,1.394,1.546,1.706,1.860,2.011,2.160,2.318,2.473,2.623,2.774,2.926,3.073,3.217,3.373,3.529,3.677,3.822,3.974,4.125,4.262,4.396,4.547,4.686,4.833,5.001,5.151,5.294,5.439,5.587,5.734,5.896,6.036,6.188,6.336,6.485,6.647,6.793,6.947,7.090,7.235,7.375,7.532,7.675,7.819,7.950,8.088,8.235,8.372,8.514,8.648,8.784,8.925,9.057,9.403,9.515,9.648,9.815,9.975,10.148,10.300,
1,38,0.030,0.183,0.333,0.499,0.656,0.805,0.954,1.117,1.272,1.419,1.570,1.713,1.872,2.048,2.203,2.354,2.514,2.666,2.829,2.982,3.148,3.291,3.451,3.609,3.765,3.919,4.063,4.227,4.399,4.529,4.675,4.816,4.964,5.120,5.270,5.414,5.568,5.721,5.871,6.034,6.203,
1,39,0.074,0.225,0.368,0.518,0.681,0.841,0.992,1.156,1.332,1.489,1.648,1.797,1.954,2.095,2.265,2.422,2.583,2.749,2.898,3.055,3.205,3.358,3.515,3.674,3.831,3.983,4.149,4.284,4.433,4.581,4.743,4.909,5.067,5.207,5.362,5.516,5.671,5.803,5.952,6.097,6.234,6.373,6.517,6.654,6.803,6.949,7.075,7.229,7.374,7.517,7.669,7.877,8.038,8.179,8.308,8.463,8.622,8.768,8.907,9.048,9.192,9.356,9.518,9.660,9.812,9.954,10.108,
1,40,0.025,0.172,0.325,0.477,0.642,0.794,0.951,1.105,1.276,1.401,1.541,1.693,1.848,1.997,2.155,2.304,2.450,2.599,2.750,2.893,3.049,3.209,3.368,3.517,3.662,3.801,3.940,4.090,4.232,4.394,4.534,4.669,4.815,4.948,5.088,5.226,5.357,5.521,5.660,5.800,5.934,6.076,6.233,6.361,6.494,6.645,6.785,6.936,7.078,7.214,7.356,7.512,7.646,7.779,7.905,8.046,8.189,8.324,8.460,8.598,8.731,8.876,9.017,9.158,9.299,9.443,9.603,9.785,9.950,10.094,10.230,10.397,10.554,10.691,
1,41,0.087,0.234,0.377,0.523,0.667,0.819,0.976,1.140,1.294,1.462,1.618,1.773,1.929,2.083,2.233,2.390,2.532,2.678,2.820,2.959,3.102,3.244,3.391,3.529,3.676,3.815,3.950,4.106,4.243,4.391,4.525,4.657,4.799,4.941,5.084,5.221,5.365,5.525,5.650,5.793,5.942,6.081,6.220,6.357,6.500,6.642,6.791,6.926,7.065,7.205,7.349,7.494,7.643,7.782,7.928,8.073,8.228,8.369,8.527,8.643,8.781,8.931,9.080,9.225,9.373,9.510,9.659,9.795,9.928,10.062,10.204,
1,42,0.211,0.354,0.523,0.660,0.810,0.974,1.140,1.295,1.443,1.592,1.739,1.896,2.050,2.200,2.353,2.501,2.654,2.806,2.958,3.106,3.275,3.403,3.546,3.687,3.821,3.960,4.100,4.242,4.376,4.525,4.642,4.775,4.907,5.040,5.167,5.303,5.442,5.572,5.716,5.848,5.986,6.143,6.275,6.414,6.563,6.699,6.829,6.964,7.108,7.243,7.393,7.527,7.665,7.811,7.959,8.105,8.245,8.394,8.526,8.644,8.767,8.915,9.055,9.194,9.359,9.514,9.659,9.809,9.957,
1,43,0.066,0.224,0.378,0.537,0.688,0.848,0.991,1.136,1.288,1.432,1.572,1.720,1.865,2.020,2.143,2.285,2.431,2.572,2.708,2.858,3.020,3.151,3.304,3.451,3.591,3.730,3.887,4.033,4.180,4.324,4.474,4.623,4.780,4.942,5.084,5.225,5.388,5.543,5.698,5.848,5.997,6.147,6.290,6.445,6.598,6.739,6.902,7.047,7.186,7.325,7.473,7.621,7.773,7.906,8.041,8.182,8.313,8.442,8.572,8.703,8.849,8.990,9.140,9.273,9.418,9.545,9.680,
1,44,0.167,0.332,0.484,0.648,0.810,0.963,1.111,1.277,1.433,1.583,1.732,1.873,2.027,2.170,2.317,2.463,2.615,2.761,2.906,3.052,3.197,3.355,3.511,3.644,3.790,3.952,4.110,4.247,4.395,4.535,4.695,4.846,4.979,5.145,5.291,5.452,5.592,5.742,5.896,6.048,6.202,6.349,6.513,6.661,6.821,6.970,7.121,7.280,7.424,7.564,7.714,7.850,7.995,8.147,8.274,8.415,8.552,8.697,8.841,8.978,9.127,9.264,9.397,9.521,9.662,9.797,9.938,10.084,10.229,10.365,10.514,10.653,10.788,
1,45,0.103,0.275,0.404,0.550,0.698,0.847,1.025,1.170,1.345,1.526,1.678,1.848,2.002,2.169,2.329,2.487,2.652,2.797,2.946,3.105,3.276,3.408,3.557,3.709,3.862,4.026,4.180,4.330,4.489,4.644,4.795,4.953,5.109,5.261,5.406,5.568,5.719,5.860,6.018,6.173,
1,46,0.154,0.315,0.472,0.650,0.785,0.925,1.071,1.225,1.400,1.532,1.672,1.814,1.960,2.099,2.233,2.366,2.518,2.651,2.780,2.919,3.058,3.198,3.348,3.496,3.651,3.793,3.920,4.055,4.192,4.341,4.487,4.620,4.769,4.902,5.043,5.188,5.329,5.479,5.652,5.774,5.915,6.061,6.269,6.386,6.520,6.648,6.789,6.919,7.060,7.200,7.347,7.496,7.637,7.775,7.910,8.048,8.200,8.327,8.461,8.615,8.771,8.901,9.051,9.182,9.320,9.470,9.609,9.771,9.916,10.061,10.191,10.342,10.489,10.638,10.786,10.932,11.084,
1,47,0.157,0.309,0.458,0.618,0.769,0.923,1.079,1.231,1.403,1.560,1.710,1.856,2.019,2.199,2.355,2.520,2.653,2.802,2.968,3.113,3.270,3.419,3.565,3.706,3.863,3.994,4.137,4.289,4.441,4.597,4.771,4.904,5.237,5.412,5.554,5.711,5.873,6.030,6.178,6.322,6.467,6.611,6.772,6.905,7.061,7.216,7.369,7.522,7.675,7.825,7.965,8.112,8.389,8.527,
1,48,0.062,0.197,0.349,0.500,0.657,0.806,0.961,1.116,1.270,1.423,1.585,1.751,1.905,2.052,2.209,2.366,2.530,2.694,2.844,2.995,3.156,3.326,3.485,3.647,3.809,3.975,4.124,4.281,4.439,4.601,4.764,4.906,5.064,5.223,5.398,5.544,5.701,5.865,6.029,6.176,6.333,6.490,6.660,6.825,6.967,7.119,7.285,7.452,7.592,7.744,7.899,8.042,8.189,8.322,8.455,8.588,8.733,8.864,9.016,9.150,9.271,9.409,9.572,9.696,9.827,9.985,10.150,10.291,10.533,
1,49,0.088,0.227,0.371,0.516,0.649,0.804,0.952,1.098,1.266,1.400,1.604,1.746,1.900,2.041,2.155,2.323,2.458,
1,50,0.124,0.274,0.429,0.573,0.740,0.870,0.993,1.145,1.274,1.415,1.552,1.691,1.821,1.956,2.093,2.222,2.369,2.525,2.642,2.775,2.920,3.062,3.198,3.341,3.477,3.615,3.775,3.905,4.047,4.174,4.316,4.461,4.607,4.746,4.893,5.034,5.179,5.323,5.464,5.602,5.748,5.898,6.042,6.190,6.353,6.497,6.643,6.791,6.937,7.083,7.241,7.394,7.558,7.697,7.869,8.011,8.159,8.305,8.459,8.610,8.778,8.909,9.059,9.217,9.395,9.538,9.676,9.819,9.957,10.102,10.262,10.410,10.572,10.717,10.872,11.037,11.205,11.372,11.542,11.696,11.855,
1,51,0.286,0.447,0.594,0.772,0.921,1.074,1.237,1.393,1.553,1.710,1.876,2.037,2.207,2.370,
1,52,0.266,0.411,0.546,0.687,0.836,0.982,1.127,1.272,1.415,1.577,1.720,1.872,2.032,2.179,2.317,2.470,2.623,2.768,2.906,3.065,3.209,3.359,3.518,3.656,3.805,3.948,4.093,4.247,4.398,4.556,4.708,4.859,5.001,5.157,5.313,5.452,5.610,5.769,5.914,6.075,6.240,6.376,6.519,6.674,6.826,6.982,7.136,7.288,7.444,7.598,7.770,7.915,8.076,8.237,8.398,8.548,8.719,8.887,9.025,9.185,9.330,9.488,9.649,9.798,9.938,10.099,10.271,10.405,10.568,10.714,10.877,11.040,11.213,11.367,11.540,11.729,11.909,12.059,12.232,12.403,12.559,12.704,12.855,13.003,13.151,13.294,13.445,13.585,13.740,13.894,14.038,14.193,14.351,14.523,14.655,14.806,14.969,15.120,15.274,15.430,15.585,15.737,
1,53,0.086,0.270,0.409,0.553,0.711,0.861,1.020,1.185,1.323,1.471,1.624,1.770,1.929,2.086,2.247,2.413,
1,54,0.074,0.226,0.390,0.528,0.671,0.820,0.970,1.117,1.274,1.408,1.561,1.717,1.873,2.033,2.184,2.340,2.485,2.641,2.941,3.119,3.451,3.641,3.790,3.942,4.078,4.225,4.366,4.525,4.663,4.806,4.947,5.086,5.224,5.363,5.498,5.642,5.784,5.942,6.082,6.224,6.356,6.513,6.671,6.820,6.964,7.087,7.266,7.419,7.573,7.732,7.893,8.054,8.209,8.361,8.527,8.681,8.849,9.035,9.226,9.394,9.528,9.675,9.821,9.972,10.114,10.264,10.428,10.587,10.726,10.877,11.025,11.185,11.329,11.486,11.645,11.791,11.929,12.072,12.221,12.356,12.497,12.646,
1,55,0.150,0.297,0.459,0.605,0.767,0.902,1.038,1.181,1.342,1.476,1.624,1.767,1.901,2.045,2.191,2.344,2.495,2.641,2.784,2.922,3.069,3.221,3.369,3.518,3.651,3.799,3.951,4.097,4.240,4.385,4.527,4.654,4.789,4.946,5.065,5.202,5.346,5.479,5.614,5.769,5.895,6.034,6.178,6.325,6.465,6.608,6.745,6.886,7.024,7.162,7.294,7.432,7.569,7.704,7.837,7.995,8.137,8.275,8.423,8.561,8.710,8.869,9.021,9.180,9.319,9.472,9.616,9.771,9.914,10.064,
1,56,0.144,0.310,0.461,0.617,0.773,0.907,1.040,1.177,1.317,1.462,1.640,1.779,1.921,2.058,2.197,2.336,2.484,2.622,2.774,2.900,3.039,3.178,3.322,3.462,3.606,3.740,3.892,4.025,4.179,4.319,4.472,4.614,4.775,4.920,5.059,5.195,5.354,5.509,5.651,5.795,5.955,6.088,6.235,6.393,6.531,6.680,6.826,6.978,7.143,7.263,7.420,7.564,7.715,7.859,8.027,8.171,
1,57,0.069,0.230,0.388,0.534,0.679,0.828,0.964,1.117,1.272,1.412,1.568,1.712,1.868,2.028,2.188,2.335,2.486,2.639,2.804,2.962,3.113,3.253,3.390,3.528,3.661,3.798,3.929,4.064,4.194,4.333,4.477,4.607,4.748,4.895,5.036,5.159,5.311,5.452,5.590,5.726,5.863,5.995,6.141,6.279,
1,58,0.127,0.269,0.416,0.556,0.701,0.848,1.012,1.166,1.310,1.460,1.605,1.762,1.911,2.062,2.198,2.350,2.501,2.650,2.802,2.949,3.099,3.263,3.405,3.555,3.702,3.853,4.016,4.177,4.316,4.456,4.592,4.722,4.875,5.018,5.156,5.290,5.425,5.572,5.719,5.859,6.014,6.148,6.282,6.431,6.572,6.715,6.878,7.015,7.148,7.294,7.442,7.574,7.720,7.861,8.001,8.149,8.281,8.417,8.553,8.686,8.824,8.961,9.101,9.232,9.399,9.531,9.669,9.818,9.968,10.112,10.266,
1,59,0.107,0.267,0.427,0.578,0.716,0.852,0.995,1.151,1.295,1.441,1.580,1.720,1.865,2.017,2.169,2.325,2.463,2.604,2.751,2.907,3.061,3.210,3.353,3.518,3.684,3.858,4.018,4.160,
1,60,0.086,0.241,0.391,0.536,0.685,0.818,0.962,1.100,1.241,1.392,1.530,1.684,1.811,1.971,2.110,2.275,
1,61,0.122,0.292,0.441,0.583,0.732,0.901,1.051,1.229,1.401,1.558,1.745,1.910,2.077,2.268,2.429,2.620,2.797,2.973,3.122,3.269,3.423,3.609,3.790,3.962,4.151,4.321,4.463,4.621,4.786,4.963,5.125,5.288,5.456,5.636,5.787,5.932,6.083,6.234,6.391,6.567,6.723,6.875,7.042,7.201,7.359,7.529,7.691,7.831,7.984,8.142,
1,62,0.143,0.288,0.435,0.592,0.734,0.893,1.029,1.168,1.295,1.427,1.567,1.706,1.853,1.988,2.123,2.252,2.374,2.503,2.652,2.783,2.918,3.053,3.188,3.322,3.456,3.601,3.742,3.895,4.011,4.150,4.287,4.438,4.571,4.714,4.849,4.977,5.105,5.234,5.395,5.531,5.661,5.795,5.946,6.080,6.211,6.356,6.495,6.626,6.780,6.914,7.055,7.193,7.339,7.484,7.616,7.763,7.897,8.037,8.174,8.315,8.446,8.612,8.764,8.925,
1,63,0.124,0.270,0.406,0.554,0.704,0.871,1.021,1.166,1.308,1.454,1.608,1.750,1.888,2.036,2.179,2.314,2.462,2.604,2.748,2.899,3.040,3.179,3.309,3.452,3.587,3.735,3.866,4.001,4.139,4.281,4.415,4.550,4.684,4.822,4.962,5.091,5.223,5.354,5.493,5.618,5.773,5.899,6.041,6.180,6.312,6.444,6.597,6.724,6.862,7.023,7.149,7.283,7.440,7.579,7.713,7.849,7.991,8.122,8.274,8.395,8.533,8.669,8.803,8.954,9.110,9.275,9.422,9.562,9.728,9.877,10.025,10.182,
1,64,0.038,0.180,0.331,0.510,0.652,0.810,0.957,1.112,1.282,1.451,1.612,1.764,1.931,2.094,2.247,2.403,2.564,2.719,2.873,3.042,3.189,3.352,3.503,3.648,3.816,3.959,4.100,4.262,
1,65,0.057,0.200,0.348,0.502,0.650,0.804,0.944,1.093,1.242,1.403,1.555,1.694,1.851,1.992,2.151,2.280,2.422,2.579,2.720,2.857,2.999,3.152,3.281,3.426,3.573,3.705,3.852,3.983,4.123,4.269,4.411,4.546,4.690,4.822,4.959,5.098,5.231,5.369,5.519,5.653,5.781,5.927,6.071,6.212,6.347,6.492,6.640,6.779,6.912,7.059,7.192,7.329,7.470,7.618,7.770,7.917,8.057,8.214,8.364,8.521,8.667,8.817,8.954,9.096,9.232,9.388,9.526,9.664,9.821,9.960,10.092,10.236,10.388,10.530,10.670,10.809,10.967,11.104,11.272,11.409,11.543,11.688,11.839,11.987,
1,66,0.234,0.414,0.553,0.687,0.814,0.984,1.150,1.271,1.421,1.557,1.691,1.825,1.959,2.088,2.229,2.362,2.489,2.622,2.749,2.901,3.017,3.151,3.272,3.417,3.551,3.679,3.818,3.960,4.090,4.236,4.363,4.523,4.651,4.782,4.916,5.044,5.183,5.325,5.464,5.600,5.744,5.902,6.019,6.164,6.292,6.455,6.598,6.728,6.869,7.019,7.151,7.296,7.443,7.585,7.732,7.871,8.020,8.156,8.296,8.434,8.585,8.731,8.875,9.020,9.141,9.292,9.439,9.592,9.734,9.872,10.021,10.142,10.289,10.438,10.577,10.726,10.863,10.998,11.145,11.280,11.430,11.578,11.722,11.869,12.022,12.149,12.293,
1,67,0.089,0.235,0.400,0.531,0.674,0.826,0.968,1.107,1.243,1.400,1.517,1.655,1.792,1.925,2.068,2.208,2.349,2.500,2.651,2.789,2.919,3.052,3.182,3.321,3.464,3.593,3.728,3.860,4.018,4.152,4.292,
1,68,0.160,0.302,0.452,0.613,0.775,0.904,1.059,1.220,1.374,1.538,1.677,1.825,1.983,2.143,2.291,2.439,2.598,2.760,2.901,3.054,3.199,3.357,3.498,3.660,3.807,3.959,4.108,4.260,
1,69,0.150,0.310,0.479,0.617,0.771,0.918,1.067,1.218,1.364,1.517,1.662,1.814,1.967,2.115,2.267,2.416,2.574,2.713,2.862,3.000,3.151,3.296,3.442,3.568,3.708,3.869,4.018,4.167,4.322,4.448,4.609,
1,70,0.033,0.201,0.357,0.525,0.663,0.809,0.966,1.117,1.276,1.413,1.568,1.717,1.848,1.992,2.143,2.280,2.408,2.551,2.699,2.845,2.992,3.143,3.270,3.402,3.531,3.676,3.816,3.958,4.102,4.251,4.412,4.542,4.665,4.808,4.947,5.083,5.217,5.363,5.503,5.644,5.789,5.935,6.118,6.280,6.425,6.575,
1,71,0.097,0.269,0.427,0.545,0.692,0.825,0.959,1.102,1.247,1.395,1.519,1.672,1.812,1.956,2.093,2.239,2.378,2.529,2.668,2.807,2.963,3.102,3.249,3.410,3.548,3.698,3.836,3.987,4.137,4.283,4.433,4.580,4.771,4.930,5.106,5.280,5.447,5.620,5.786,5.955,6.138,6.315,6.488,6.659,6.850,7.022,7.157,7.313,7.480,7.627,7.777,7.923,8.075,8.223,8.376,8.531,8.676,8.820,8.963,9.117,9.273,9.417,9.577,9.717,9.862,10.023,10.162,10.307,10.454,10.615,10.794,10.939,11.084,11.253,11.406,11.546,11.697,11.848,11.988,12.141,12.274,
1,72,0.070,0.238,0.400,0.532,0.686,0.834,0.987,1.151,1.286,1.448,1.615,1.767,1.916,2.068,2.213,2.375,2.526,2.679,2.831,2.989,3.148,3.277,3.438,3.590,3.741,3.895,4.046,4.202,4.344,4.493,4.624,4.769,4.914,5.046,5.169,5.319,5.474,5.618,5.784,5.931,6.069,6.251,6.389,6.536,6.712,6.890,7.054,7.207,7.359,7.520,7.673,7.846,8.020,8.189,8.355,8.521,8.676,8.839,9.039,
1,73,0.167,0.327,0.501,0.663,0.840,1.015,1.230,1.419,1.622,1.806,1.983,2.199,2.399,2.545,2.696,2.860,3.021,3.154,3.309,3.487,3.681,3.871,4.026,4.165,4.319,4.465,4.611,4.739,4.875,5.017,5.150,5.302,5.444,5.599,5.746,5.912,6.051,6.195,6.343,6.493,6.669,6.827,6.999,7.151,7.289,7.439,7.608,7.783,7.942,8.093,8.238,8.410,8.575,8.753,8.907,9.043,9.177,9.322,9.474,9.614,9.769,9.899,10.047,10.196,10.371,10.535,10.706,10.851,11.020,11.178,11.317,11.485,11.622,11.770,
1,74,0.162,0.337,0.517,0.668,0.833,1.017,1.176,1.339,1.489,1.644,1.789,1.938,2.083,2.223,2.360,2.494,2.625,2.768,2.901,3.043,3.182,3.327,3.458,3.607,3.743,3.902,4.027,4.186,4.330,4.487,4.645,4.817,4.958,5.103,5.269,5.441,5.636,5.800,5.981,6.136,6.326,
1,75,0.185,0.349,0.527,0.665,0.822,1.000,1.164,1.323,1.482,1.653,1.842,2.088,2.237,2.394,2.606,2.796,2.958,3.127,3.331,3.515,3.682,3.829,3.988,4.150,4.332,4.512,4.670,4.838,5.012,5.150,5.299,5.463,5.621,5.798,5.952,6.155,
1,76,0.115,0.272,0.425,0.578,0.742,0.910,1.080,1.242,1.401,1.563,1.730,1.926,2.106,2.281,2.462,2.640,2.800,2.955,3.111,3.273,3.402,3.535,3.688,3.830,3.956,4.093,4.246,4.400,
1,77,0.295,0.457,0.593,0.738,0.877,1.030,1.171,1.321,1.469,1.616,1.771,1.907,2.049,2.196,2.331,2.477,2.626,2.784,2.942,3.117,3.272,3.435,3.617,3.792,3.984,4.144,4.294,4.455,4.640,4.800,4.988,5.152,5.313,5.470,5.644,5.813,5.984,6.145,6.304,6.465,6.646,6.854,6.999,7.184,7.413,7.564,7.703,7.891,8.078,8.274,
1,78,0.212,0.345,0.488,0.650,0.775,0.924,1.070,1.218,1.403,1.550,1.700,1.849,1.993,2.150,2.308,2.447,2.588,2.731,2.876,3.034,3.179,3.319,3.461,3.619,3.768,3.910,4.062,4.212,4.367,4.503,4.654,4.815,4.961,5.113,5.269,5.407,5.543,5.693,5.841,5.992,6.167,6.300,6.436,6.589,6.769,6.908,7.061,7.203,7.368,7.529,7.694,7.847,7.996,8.154,
1,79,0.045,0.213,0.370,0.528,0.681,0.817,0.954,1.105,1.264,1.416,1.570,1.725,1.898,2.025,2.191,2.340,2.484,2.626,2.765,3.003,3.149,3.318,3.497,3.649,3.813,3.976,4.149,4.293,
1,80,0.149,0.299,0.446,0.588,0.735,0.889,1.022,1.162,1.312,1.458,1.590,1.744,1.889,2.037,2.189,2.335,2.489,2.640,2.785,2.927,3.083,3.229,3.362,3.523,3.661,3.802,3.955,4.101,4.249,4.416,4.567,4.718,4.877,5.032,5.184,5.343,5.494,5.641,5.774,5.931,6.077,6.216,6.366,6.525,6.658,6.799,6.957,7.110,7.275,7.404,7.549,7.704,7.857,8.025,8.175,8.319,8.491,8.642,8.807,8.966,9.126,9.276,9.430,9.576,9.732,9.905,10.031,10.176,10.329,10.477,10.643,10.777,10.937,11.089,11.251,11.394,11.551,11.616,
1,81,0.079,0.214,0.359,0.501,0.647,0.784,0.919,1.059,1.185,1.306,1.452,1.588,1.732,1.874,2.167,2.308,2.436,2.560,2.688,2.814,2.946,3.078,3.204,3.329,3.462,3.586,3.710,3.842,3.981,4.110,4.277,4.412,
1,82,0.031,0.169,0.311,0.448,0.590,0.733,0.872,1.015,1.148,1.270,1.417,1.552,1.692,1.831,1.961,2.092,2.227,2.360,2.495,2.649,2.770,2.908,3.037,3.170,3.308,3.461,3.608,3.744,3.900,4.021,4.165,4.307,4.450,4.585,4.721,4.868,5.017,5.150,5.301,5.450,5.589,5.740,5.887,6.048,6.184,6.333,6.475,6.627,6.772,6.921,7.067,7.217,7.359,7.498,7.647,7.789,7.943,8.093,8.231,8.370,8.523,8.667,8.815,8.949,9.089,9.222,9.336,9.519,9.639,9.790,9.937,10.090,10.248,
1,83,0.117,0.269,0.412,0.544,0.681,0.819,0.975,1.127,1.270,1.412,1.554,1.709,1.848,1.990,2.137,2.275,2.410,2.557,2.703,2.852,3.000,3.148,3.296,3.442,3.596,3.747,3.892,4.032,4.192,4.336,4.488,4.645,4.795,4.939,5.097,5.233,5.388,5.526,5.693,5.840,6.030,6.189,
1,84,0.115,0.264,0.418,0.564,0.718,0.857,1.002,1.148,1.308,1.451,1.582,1.727,1.877,2.024,2.171,2.326,2.480,2.648,2.780,2.923,3.071,3.207,3.356,3.500,3.660,3.804,3.952,4.095,4.244,4.399,4.540,4.690,4.825,4.976,5.127,5.275,5.434,5.579,5.721,5.858,6.017,6.159,6.300,6.447,6.609,6.748,6.900,7.032,7.180,7.324,7.482,7.643,7.779,7.912,8.055,8.197,8.352,8.496,8.644,8.786,8.929,9.068,9.217,9.363,9.518,9.660,9.813,9.961,10.101,
1,85,0.156,0.301,0.431,0.581,0.735,0.901,1.035,1.178,1.324,1.463,1.613,1.768,1.900,2.048,2.192,2.339,2.479,2.622,2.768,2.910,3.052,3.196,3.349,3.519,3.657,3.816,3.965,4.152,4.311,4.453,4.573,4.739,4.903,5.037,5.170,5.308,5.440,5.585,5.720,5.858,6.020,6.162,6.303,6.444,6.599,6.770,6.920,7.088,7.230,7.387,7.532,7.680,7.824,7.977,8.113,8.271,8.409,8.577,8.706,8.855,9.021,9.164,9.305,9.448,9.593,9.742,9.888,10.038,10.184,10.340,10.499,10.643,
1,86,0.028,0.170,0.325,0.473,0.617,0.749,0.895,1.035,1.184,1.335,1.484,1.626,1.767,1.911,2.055,2.205,2.353,2.491,2.646,2.774,2.915,3.055,3.197,3.336,3.483,3.647,3.771,3.925,4.065,4.207,4.346,4.518,4.680,4.841,5.036,5.164,5.309,5.501,5.660,5.821,6.015,6.202,6.371,6.551,6.733,6.898,7.073,7.228,7.365,7.502,7.667,7.806,7.939,8.075,8.234,8.371,8.501,8.623,8.766,8.899,9.016,9.149,9.271,9.399,9.537,9.668,9.806,9.933,10.063,
1,87,0.151,0.272,0.413,0.550,0.688,0.830,0.963,1.113,1.250,1.401,1.523,1.656,1.799,1.939,2.074,2.214,2.353,2.495,2.635,2.787,2.937,3.072,3.205,3.344,3.485,3.636,3.769,3.903,4.050,4.190,4.319,4.463,4.604,4.745,4.886,5.020,5.160,5.301,5.441,5.587,5.716,5.858,6.020,6.151,6.292,6.445,6.587,6.724,6.869,7.001,7.144,7.305,7.439,7.588,7.726,7.888,
1,88,0.104,0.266,0.415,0.554,0.709,0.851,1.017,1.150,1.302,1.465,1.599,1.741,1.901,2.029,2.177,2.320,2.473,
1,89,0.312,0.473,0.616,0.761,0.910,1.059,1.214,1.374,1.533,1.682,1.836,1.989,2.146,2.277,2.417,2.578,2.721,2.862,3.017,3.170,3.323,3.479,3.646,3.782,3.923,4.052,4.193,4.345,4.490,4.647,4.790,4.953,5.107,5.230,5.397,5.530,5.675,5.817,5.966,6.123,6.272,6.414,6.562,6.704,6.855,7.015,7.161,7.307,7.457,7.613,7.774,7.919,8.068,8.205,8.346,8.490,8.649,8.785,8.922,9.075,9.218,9.356,9.516,9.654,9.794,9.943,10.098,10.251,
1,90,0.051,0.198,0.346,0.490,0.648,0.800,0.948,1.090,1.243,1.398,1.537,1.677,1.820,1.974,2.114,2.266,2.415,2.556,2.698,2.838,2.980,3.114,3.266,3.399,3.547,3.680,3.831,3.978,4.107,4.266,4.404,4.557,4.696,4.839,4.994,5.150,5.272,5.422,5.566,5.700,5.838,5.976,6.111,6.267,6.387,6.533,6.669,6.808,6.951,7.095,7.234,7.388,7.527,7.676,7.819,7.972,8.112,8.245,8.388,8.530,8.663,8.809,8.952,9.087,9.234,9.367,9.519,9.655,9.793,9.937,10.069,10.206,
1,91,0.108,0.260,0.410,0.554,0.688,0.830,0.962,1.105,1.244,1.394,1.536,1.676,1.821,1.963,2.107,2.250,
