0,1,0.145,0.514,0.645,0.895,1.038,1.163,1.303,1.399,1.548,1.685,1.896,1.990,2.146,2.306,2.449,2.594,2.731,2.876,3.013,3.153,3.252,3.364,3.499,3.729,3.857,4.001,4.147,4.287,4.624,4.741,4.897,5.147,5.249,5.377,5.485,5.596,5.731,5.861,5.983,6.116,6.247,6.398,6.501,6.648,6.765,6.898,7.045,7.168,7.310,7.440,7.568,7.810,7.943,8.069,8.210,8.352,8.498,8.649,8.772,8.899,9.033,9.156,9.288,9.409,9.551,9.660,9.877,10.046,10.188,10.422,10.551,10.685,10.814,10.957,11.202,
0,1,0.134,0.236,0.344,0.465,0.584,0.695,0.793,0.909,1.137,1.275,1.399,1.528,1.648,1.768,1.897,2.025,2.164,2.278,2.410,2.538,2.660,2.781,2.895,3.118,3.234,3.333,3.460,3.587,3.726,3.843,3.978,4.092,4.183,4.314,4.451,4.573,4.690,4.801,4.927,5.066,5.187,5.297,5.437,5.557,5.717,5.844,6.077,6.215,6.351,6.521,6.651,6.803,6.954,7.094,7.229,7.524,7.638,7.771,7.898,8.054,8.475,8.617,8.775,8.918,9.039,9.275,9.552,9.709,9.863,10.053,10.202,
0,1,0.181,0.387,0.594,0.768,0.907,1.019,1.124,1.344,1.559,1.776,1.888,1.984,2.116,2.243,2.363,2.474,2.596,2.708,2.799,
0,1,0.084,0.176,0.300,0.401,0.495,0.616,0.973,1.120,1.240,1.353,1.477,1.585,1.700,1.815,1.940,2.070,2.200,2.318,2.568,2.712,2.854,
1,1,0.077,0.195,0.286,0.399,0.512,0.611,0.743,0.849,0.952,1.069,1.197,1.295,1.423,1.513,1.653,1.773,1.896,2.173,2.318,2.446,2.574,2.717,2.840,2.970,3.247,3.360,
1,2,0.088,0.181,0.304,0.418,0.518,0.658,0.785,0.899,1.033,
1,3,0.086,0.218,0.290,0.535,0.640,0.734,0.885,0.996,1.109,1.218,1.344,1.451,1.682,1.828,1.942,2.269,2.360,2.484,2.593,2.684,2.791,2.907,3.019,3.138,3.281,
1,4,0.054,0.178,0.298,0.407,0.531,0.654,0.789,0.919,1.028,1.152,1.271,1.388,1.522,1.745,1.888,2.022,2.145,2.272,2.389,2.522,2.639,2.739,2.856,2.984,3.088,3.230,3.366,3.489,3.624,3.749,3.875,4.000,4.109,4.320,4.443,4.555,4.690,4.820,4.936,5.077,5.191,5.320,5.456,5.575,5.704,5.847,6.038,6.189,6.315,6.454,6.605,6.715,6.850,6.980,7.202,7.524,7.663,7.774,7.921,8.057,8.210,8.347,8.462,8.596,8.708,
1,5,0.031,0.160,0.277,0.398,0.515,0.648,0.748,0.871,0.967,1.113,1.336,1.486,1.610,1.713,1.845,1.958,2.067,2.251,2.399,2.486,2.710,2.869,3.092,3.273,3.375,3.516,3.583,3.788,3.963,4.160,4.236,4.353,4.565,4.742,4.900,5.038,5.163,5.306,5.461,5.597,5.745,5.817,5.884,5.962,6.151,6.311,6.438,6.588,6.749,6.901,7.018,7.118,7.211,7.315,7.496,7.676,7.841,8.018,8.142,8.275,8.407,8.555,8.686,8.837,8.971,9.098,9.241,9.377,9.519,9.645,9.791,9.930,10.076,10.188,10.319,10.449,
1,6,0.056,0.287,0.375,0.520,0.626,0.831,0.955,1.066,1.216,1.314,1.462,1.580,1.727,1.975,2.138,2.288,2.394,2.546,2.682,2.771,2.937,3.051,3.159,3.316,
1,7,0.068,0.187,0.308,0.425,0.556,0.683,0.804,0.923,1.051,1.180,1.304,1.443,1.622,1.712,1.839,
1,8,0.085,0.208,0.319,0.449,0.561,0.681,0.909,1.057,1.319,1.455,1.576,1.693,1.812,1.936,2.065,2.199,2.316,2.448,2.542,2.796,2.929,3.026,3.170,3.286,3.415,3.543,3.675,3.777,3.866,4.002,4.150,4.267,4.386,4.521,4.618,4.748,4.901,4.998,5.103,5.212,5.413,5.556,5.688,5.804,5.921,6.047,6.186,6.453,6.619,6.788,6.929,7.082,7.239,7.404,7.558,7.721,7.864,8.019,8.220,8.361,8.526,8.682,8.796,8.922,9.036,9.202,9.354,9.520,9.672,9.799,9.934,10.197,10.344,10.498,10.647,10.829,10.973,11.124,11.274,11.550,11.721,11.868,12.021,12.163,12.321,12.453,12.615,12.747,
1,9,0.040,0.174,0.337,0.459,0.590,0.716,0.852,1.024,1.175,1.330,1.490,1.647,1.798,1.935,2.067,2.326,2.468,2.611,2.725,2.868,3.108,3.243,3.364,
1,10,0.115,0.258,0.392,0.511,0.648,0.792,0.934,1.070,1.211,1.351,1.492,1.617,1.750,1.902,2.070,2.226,2.359,2.526,2.662,2.825,2.949,3.088,3.246,3.393,3.527,3.660,3.799,4.060,4.207,4.366,4.734,4.870,5.120,5.311,5.463,5.592,5.724,5.898,6.062,6.191,6.412,6.560,6.725,6.864,7.011,7.145,7.273,7.429,7.580,7.709,7.835,7.973,8.145,8.296,8.457,8.590,8.714,8.866,9.024,9.158,9.289,9.443,9.576,9.787,9.974,10.117,10.289,10.440,10.593,10.729,10.860,11.013,11.153,11.325,11.480,11.597,11.752,11.897,12.033,12.184,12.312,12.466,12.613,12.764,12.917,13.063,13.219,13.376,13.515,13.657,13.794,13.959,14.209,14.398,14.515,14.737,14.899,15.043,15.225,15.399,15.555,15.695,
1,11,0.189,0.365,0.519,0.635,0.769,
1,12,0.122,0.267,0.408,0.520,0.686,0.840,0.982,1.120,1.267,1.389,1.521,1.654,1.792,1.931,2.067,2.206,2.350,2.501,2.671,2.827,2.978,3.135,3.278,3.424,3.589,3.726,3.891,4.068,4.233,4.388,4.522,4.676,4.840,5.026,5.190,5.353,5.519,5.665,5.833,5.988,6.136,6.302,6.498,6.662,6.817,6.989,7.137,7.300,7.467,7.774,7.948,8.101,8.271,8.458,8.611,8.783,8.938,9.102,9.278,9.521,9.650,9.869,10.046,10.216,10.388,10.556,10.741,10.888,11.054,11.212,11.423,11.622,11.779,11.943,12.122,
1,13,0.152,0.312,0.441,0.571,0.730,0.868,1.022,1.156,1.295,1.448,1.649,1.800,1.959,2.122,2.293,2.460,2.616,2.766,2.915,3.058,3.213,3.370,3.534,3.700,3.874,4.024,4.185,4.352,4.517,4.701,4.841,4.982,5.111,5.267,5.433,5.572,5.721,5.884,6.018,6.142,6.319,6.468,6.594,6.726,6.890,7.033,7.161,7.322,7.466,7.597,7.729,7.885,8.039,8.184,8.328,8.471,8.621,8.769,9.079,9.245,9.415,9.564,9.718,9.857,9.999,10.143,10.280,10.437,10.586,10.733,10.860,10.997,
1,14,0.109,0.271,0.407,0.563,0.718,0.874,1.022,1.174,1.353,1.561,1.772,1.943,2.098,2.272,2.439,2.584,2.773,2.926,3.087,3.273,3.409,3.585,3.746,3.917,4.087,4.236,4.403,4.562,4.724,4.890,5.065,5.391,5.597,5.774,5.940,
1,15,0.355,0.540,0.861,1.022,1.164,1.310,1.441,1.596,1.737,1.902,2.041,2.191,2.349,2.519,2.686,2.859,3.069,3.199,3.362,3.539,3.691,3.831,3.995,4.162,4.333,4.502,4.653,4.832,4.989,5.165,5.331,5.520,5.668,5.819,5.979,6.137,6.285,6.457,6.606,6.785,6.931,7.066,7.223,7.372,7.521,7.675,7.806,7.956,8.099,8.241,8.398,8.548,8.710,8.857,9.022,9.161,9.331,9.479,9.639,9.787,9.957,10.124,10.287,
1,16,0.039,0.195,0.339,0.479,0.656,0.825,0.975,1.165,1.327,1.461,1.600,1.733,1.900,2.017,2.150,2.301,2.471,2.650,2.804,2.954,3.100,3.222,3.366,3.483,3.613,3.746,3.901,4.021,4.159,4.290,4.445,4.568,4.666,4.877,5.021,5.188,5.353,5.518,5.664,5.812,5.961,6.142,6.300,6.487,6.627,6.769,6.913,7.048,7.180,7.316,7.449,7.553,7.741,7.889,8.050,8.204,8.343,8.570,8.724,8.895,9.020,9.185,9.341,9.520,9.670,9.827,9.976,10.137,10.277,10.421,10.610,10.777,10.921,11.058,11.352,11.536,11.690,11.855,12.021,12.141,12.286,12.454,12.611,12.784,12.937,13.117,13.272,13.427,13.594,13.792,13.948,
1,17,0.047,0.194,0.334,0.485,0.641,0.777,0.949,1.098,1.274,1.415,1.561,1.702,2.031,2.180,2.320,2.464,2.612,2.775,2.906,3.052,3.211,3.369,3.513,3.676,3.827,3.990,4.146,4.301,4.453,4.594,4.762,4.899,5.048,5.204,5.343,5.497,5.653,5.806,5.947,
1,18,0.163,0.301,0.437,0.580,0.722,0.896,1.019,1.185,1.333,1.481,1.625,1.763,1.903,2.047,2.204,2.354,2.526,2.689,2.864,3.014,3.167,3.304,3.449,3.603,3.764,3.901,4.021,4.322,4.554,4.702,4.809,4.947,5.061,5.199,5.321,5.489,5.594,5.689,5.857,6.098,6.286,6.471,6.652,6.716,6.899,7.062,7.232,7.399,7.565,7.725,8.064,8.215,8.400,8.555,8.718,8.868,9.002,9.157,9.310,9.466,9.650,9.791,9.950,10.113,10.277,10.427,10.581,10.735,10.901,11.049,11.198,11.361,11.524,11.696,11.853,12.002,12.171,12.332,12.494,12.659,12.818,12.983,13.144,13.293,13.461,13.620,13.781,13.953,14.112,14.293,14.466,14.636,14.831,14.989,15.150,15.309,15.473,15.653,15.816,
1,19,0.232,0.486,0.741,0.909,1.080,1.228,1.458,1.538,1.704,1.833,
1,20,0.050,0.203,0.349,0.495,0.625,0.771,0.921,1.071,1.223,1.350,1.522,1.638,1.786,
1,21,0.036,0.177,0.324,0.461,
1,22,0.059,0.210,0.351,0.498,0.642,0.775,0.931,1.082,1.228,1.359,1.526,1.659,1.808,1.976,2.108,2.276,2.410,2.563,2.723,2.871,3.014,3.150,3.308,3.467,3.608,3.760,3.911,4.054,4.202,4.361,4.513,4.661,4.805,4.952,5.103,5.261,5.424,5.566,5.729,5.894,
1,23,0.079,0.231,0.566,0.717,0.884,1.018,1.154,1.285,1.438,1.594,1.747,1.923,
1,24,0.034,0.215,0.356,0.520,0.656,0.807,0.936,1.077,1.223,1.367,1.511,1.664,1.812,1.946,2.145,2.262,2.432,2.762,2.902,3.048,3.194,3.335,3.485,3.646,3.796,3.952,4.114,4.269,4.426,4.568,4.746,4.896,5.046,5.195,5.345,5.487,5.647,5.811,
1,25,0.083,0.232,0.401,0.530,0.662,0.812,0.946,1.101,1.243,1.418,1.562,1.722,1.869,2.019,2.169,2.318,2.469,2.624,2.779,2.917,3.073,3.196,
1,26,0.103,0.271,0.409,0.546,0.683,0.850,1.021,1.293,1.459,1.613,1.772,1.933,2.078,2.223,2.375,2.534,2.697,2.839,2.973,3.139,3.242,3.448,3.615,3.773,3.921,4.069,4.220,4.367,4.496,4.669,4.812,4.944,5.089,5.273,5.402,5.568,5.717,5.890,6.051,6.216,6.372,6.524,6.641,6.793,6.952,7.092,7.274,7.428,7.620,7.785,7.946,8.090,8.275,8.414,8.574,8.742,8.898,9.062,9.220,9.371,9.550,9.722,9.871,10.055,10.201,10.353,10.526,10.682,10.825,10.990,11.143,
1,27,0.050,0.209,0.351,0.481,0.598,0.739,0.851,0.985,1.124,1.294,1.452,1.622,1.777,1.955,2.116,2.274,2.438,2.590,2.768,2.936,3.122,3.289,3.493,3.655,3.780,4.062,4.213,4.350,4.461,4.612,4.734,4.873,5.029,5.200,5.352,5.478,5.636,5.794,5.964,6.157,6.386,6.556,6.728,6.932,7.113,7.317,7.482,7.663,7.839,8.038,8.219,8.361,8.486,8.618,8.771,8.960,9.108,9.234,9.388,
1,28,0.150,0.279,0.422,0.559,0.707,0.836,0.970,1.105,1.236,1.359,1.494,1.649,1.777,1.919,
1,29,0.495,0.626,0.743,0.859,0.983,1.102,1.234,
1,30,0.123,0.295,0.422,
1,31,0.456,0.571,0.702,0.831,0.974,1.113,1.272,1.399,1.532,1.664,1.802,1.963,2.072,2.191,2.310,2.467,2.600,
1,32,0.210,0.322,0.451,0.580,0.701,0.828,0.942,1.056,1.180,1.306,1.432,1.554,1.675,1.804,1.925,2.061,2.193,2.323,2.448,2.600,2.734,2.862,3.023,3.149,3.305,3.429,3.560,3.685,3.827,3.969,4.102,4.244,4.390,4.523,4.652,4.958,5.109,5.274,5.420,5.570,5.731,5.891,6.024,6.141,6.241,6.447,6.620,6.796,6.965,7.115,7.275,7.423,7.583,7.745,7.919,8.082,8.251,8.419,8.576,8.740,8.912,9.109,9.276,9.444,9.575,
1,33,0.137,0.268,0.401,0.518,0.674,0.802,0.955,1.097,1.247,1.388,1.553,1.693,1.817,1.968,2.075,2.194,2.315,2.463,2.615,2.857,3.026,3.153,3.325,3.495,3.664,3.840,3.995,4.140,4.270,4.401,4.549,4.720,4.895,
1,34,0.083,0.214,0.359,0.524,0.675,0.800,0.932,1.056,1.180,1.341,1.524,1.719,1.911,2.078,2.398,2.574,2.732,2.867,3.000,3.148,3.300,3.443,3.567,3.708,3.839,3.990,4.113,4.249,4.392,4.526,4.669,4.822,4.968,5.109,5.269,5.412,5.578,5.726,5.893,6.029,6.178,6.318,6.493,6.663,6.809,6.972,7.122,7.250,7.423,7.562,7.727,7.894,8.011,8.166,8.328,8.482,8.644,8.773,8.924,9.077,9.215,9.359,9.511,9.651,9.791,9.945,10.112,10.272,10.442,10.584,10.718,10.895,11.046,11.197,11.355,11.499,11.649,
1,35,0.092,0.252,0.518,0.660,0.803,0.935,1.095,
1,36,0.165,0.294,0.449,0.573,0.712,0.860,0.979,
1,37,0.153,0.294,0.422,0.561,0.722,0.840,0.982,1.122,1.272,1.401,1.526,1.627,1.742,2.032,2.188,2.336,2.623,2.773,2.862,3.023,3.164,3.312,3.451,3.584,3.780,3.897,4.023,4.140,4.330,4.473,4.598,4.734,4.908,5.053,5.202,5.345,5.484,5.620,5.774,5.911,
1,38,0.167,0.322,
1,39,0.161,0.290,0.444,0.567,0.681,0.837,0.975,1.114,1.273,1.393,1.523,1.672,1.817,1.942,2.076,2.223,2.366,2.524,2.640,2.774,2.890,3.034,3.173,3.306,3.457,3.618,3.774,3.918,4.055,4.212,4.363,4.525,4.671,4.858,5.025,5.166,5.325,5.490,5.645,5.795,5.934,6.079,6.233,6.392,6.535,6.696,6.854,7.026,7.149,7.283,7.425,7.563,7.692,7.854,8.024,8.207,8.368,8.526,8.672,8.826,8.979,9.143,9.282,9.426,9.546,9.704,9.868,10.032,10.191,10.358,
1,40,0.035,0.173,0.312,0.443,
1,41,0.151,0.304,0.428,0.556,0.702,0.836,0.966,1.117,1.252,1.395,1.547,1.681,1.834,1.962,2.228,2.399,2.535,2.788,3.041,3.184,3.320,
1,42,0.035,0.169,0.308,0.444,0.574,0.716,0.854,0.985,1.123,1.279,1.422,1.568,1.723,1.889,2.029,2.168,2.314,2.466,2.613,2.770,2.894,3.047,3.202,3.357,3.520,3.663,3.817,3.969,4.117,4.270,4.403,4.667,4.798,4.947,5.087,5.224,5.354,5.478,5.597,5.771,5.995,6.153,
1,43,0.073,0.199,0.322,0.451,0.570,0.675,0.828,1.001,1.151,1.267,1.423,1.534,1.608,1.856,2.018,2.144,2.277,2.421,2.783,2.936,3.096,3.225,3.358,3.518,3.654,3.768,3.895,4.040,4.172,4.320,4.461,4.613,4.769,4.894,5.048,5.193,5.359,5.519,5.636,5.779,
1,44,0.189,0.404,0.690,1.017,
1,45,0.034,0.168,0.292,0.400,0.650,0.798,0.927,1.084,1.221,1.401,1.527,1.671,1.828,1.974,2.121,2.268,2.419,2.589,2.714,2.860,3.018,3.518,3.613,3.733,3.859,3.984,4.112,4.249,4.519,4.640,4.769,4.897,5.034,5.269,5.392,5.529,5.658,5.789,5.919,6.044,6.270,6.386,6.520,6.648,6.770,6.865,7.020,7.158,7.387,7.496,7.640,7.733,7.891,8.027,8.165,8.293,8.489,8.661,8.788,8.932,9.075,9.211,9.361,9.521,9.650,9.775,9.909,10.044,10.189,10.331,10.471,10.610,10.772,10.908,11.059,11.222,11.389,11.522,11.700,11.848,11.998,12.159,12.292,12.460,12.559,12.679,12.861,13.023,13.162,13.342,13.499,13.647,13.802,13.976,14.140,14.286,14.439,14.590,14.736,14.897,15.048,15.204,
1,46,0.152,0.286,0.439,
1,47,0.040,0.175,0.325,0.450,0.585,0.738,0.853,1.147,1.286,1.447,1.590,1.714,1.852,1.984,2.148,2.264,2.417,2.559,2.726,2.855,3.022,3.202,3.338,3.497,3.655,3.807,3.982,4.149,4.305,4.455,4.611,4.793,4.937,5.106,5.266,5.426,5.577,5.728,5.836,5.981,6.150,6.412,6.575,6.726,6.875,7.017,7.150,7.305,7.450,7.580,7.731,7.876,8.020,8.157,8.307,8.444,8.571,8.700,8.836,8.984,9.158,9.287,9.439,9.594,9.768,9.929,10.070,10.226,10.388,10.528,10.703,10.852,11.025,11.167,11.313,11.435,11.522,11.734,11.907,12.065,12.231,12.386,12.523,12.652,12.782,12.903,13.052,13.174,13.317,13.465,13.636,
1,48,0.097,0.247,0.383,0.529,0.682,0.819,0.959,1.102,1.267,1.384,1.530,1.670,1.819,1.933,2.069,2.217,2.357,2.501,2.642,2.792,2.938,3.074,3.217,3.363,
1,49,0.054,0.209,0.348,0.487,0.637,0.749,0.887,1.045,1.154,1.277,1.543,1.771,1.905,2.045,2.186,2.337,2.521,2.664,2.820,3.021,
1,50,0.111,0.223,0.332,0.456,
1,51,0.124,0.261,
1,52,0.039,0.198,0.331,0.435,0.678,0.795,0.899,0.996,
1,53,0.105,0.241,0.367,0.486,0.611,0.719,0.835,0.960,1.050,1.202,1.332,1.477,1.718,
1,54,0.053,0.182,0.447,0.584,0.705,0.817,0.947,1.082,1.200,1.334,1.453,1.617,1.941,2.095,2.235,2.516,2.749,2.915,3.063,3.199,
1,55,0.178,0.323,0.447,0.578,0.730,0.898,1.148,1.309,1.554,1.697,1.865,1.982,2.104,2.235,2.362,2.498,2.622,2.765,2.899,3.019,3.159,3.276,
1,56,0.079,0.211,0.339,0.473,0.602,0.736,0.897,0.999,1.120,1.250,1.375,1.524,1.644,1.793,1.918,2.051,2.176,2.306,2.432,2.563,2.704,2.819,2.958,3.091,3.220,3.331,3.462,3.576,3.693,3.829,3.911,4.109,4.285,4.421,4.570,4.708,4.852,5.001,5.142,5.286,5.424,5.570,5.722,5.868,
1,57,0.067,0.209,0.346,0.487,
1,58,0.123,0.269,0.402,0.519,0.668,0.802,0.925,1.047,1.160,1.297,1.416,1.547,1.681,1.822,1.962,2.108,2.244,2.387,2.521,2.654,2.777,2.930,3.055,3.213,3.364,
1,59,0.151,0.286,0.410,0.541,0.673,0.791,0.916,1.049,1.158,
1,60,0.225,0.367,0.498,0.649,0.766,0.899,1.019,1.179,1.315,1.600,1.739,1.900,2.041,2.192,2.338,2.484,2.720,2.874,3.020,3.173,3.314,3.666,3.999,4.149,4.292,4.518,4.659,4.802,4.970,5.151,5.305,5.465,5.612,5.733,5.885,6.022,6.183,6.340,6.519,6.635,6.796,6.948,7.093,7.269,7.427,7.593,7.739,7.901,8.076,8.270,8.437,8.636,8.829,9.030,9.228,9.454,9.670,9.834,9.982,10.105,10.245,
1,61,0.219,0.361,0.498,0.678,0.911,1.028,
1,62,0.176,0.314,0.436,0.576,0.703,0.838,0.958,1.086,1.203,1.339,1.488,1.594,1.751,1.874,2.014,2.154,2.281,2.427,2.572,2.704,2.860,3.001,3.148,3.294,3.427,3.568,3.739,3.898,4.051,4.209,4.356,4.515,4.649,4.792,4.955,5.105,5.280,5.438,5.565,5.735,5.864,6.033,6.181,6.318,6.488,6.650,6.811,6.951,7.109,7.251,7.412,7.580,7.726,7.868,8.017,8.165,8.351,8.517,8.654,8.828,8.967,9.141,9.304,9.467,9.596,9.774,9.946,10.088,10.271,10.416,10.584,10.740,10.905,11.095,11.268,11.422,11.619,11.798,11.937,12.103,12.272,12.447,12.617,12.801,12.983,13.147,13.301,13.486,13.650,13.828,13.988,14.143,14.282,
1,63,0.061,0.226,0.522,0.702,0.855,1.022,1.171,1.299,1.450,1.608,1.776,1.943,2.088,2.256,2.393,2.552,2.701,2.856,3.023,3.178,3.322,3.473,3.640,3.773,3.932,4.102,4.274,4.451,4.558,4.774,4.944,5.105,5.274,5.413,5.576,5.750,5.908,6.071,6.236,6.391,6.572,6.710,6.892,7.069,7.258,7.399,7.587,7.724,7.904,8.074,8.276,8.454,8.614,8.786,8.949,9.120,9.298,9.459,9.643,9.825,10.001,10.170,10.350,10.515,10.702,10.893,11.057,11.260,11.551,11.732,11.894,12.037,12.312,12.492,12.661,12.843,13.018,13.189,13.461,13.608,13.744,13.867,13.992,14.145,14.280,14.437,14.593,14.762,14.908,15.076,15.218,15.396,15.538,15.672,15.848,16.002,16.101,16.289,16.447,16.598,16.763,16.906,17.052,17.210,17.397,
1,64,0.202,0.351,0.497,0.651,0.774,0.928,1.062,1.178,1.433,1.596,1.768,1.931,2.098,2.283,2.451,2.640,2.808,2.995,3.279,3.587,3.810,4.019,4.222,4.457,4.665,4.886,5.083,5.287,5.481,5.697,5.875,6.098,6.285,6.486,6.668,6.868,7.065,7.271,7.470,7.698,7.873,8.058,8.230,8.421,8.617,8.781,8.961,9.138,9.296,9.483,9.680,9.843,10.049,10.216,10.395,10.554,10.715,10.889,11.054,11.215,11.389,11.545,11.706,11.872,12.039,12.201,12.376,12.543,12.694,
1,65,0.098,0.266,0.413,0.586,0.742,0.896,1.057,1.225,1.376,1.556,1.720,1.897,2.050,2.217,2.517,2.699,2.860,3.031,3.194,3.514,3.672,3.835,4.029,4.287,4.487,4.655,4.824,4.988,5.165,5.314,5.489,5.649,5.790,6.037,6.222,6.399,6.572,6.730,6.899,7.031,7.188,7.339,7.500,7.650,7.810,7.949,8.122,8.270,8.410,8.568,8.716,8.860,9.017,9.167,9.309,9.456,9.605,9.767,9.904,10.056,10.197,10.351,
1,66,0.033,0.153,0.298,0.439,0.577,0.720,0.856,0.992,1.150,1.287,1.432,1.566,1.704,1.852,1.986,2.150,2.274,2.425,2.551,2.682,2.841,2.991,3.118,3.267,3.394,3.547,3.705,3.849,3.980,4.114,4.268,4.392,4.481,4.618,4.746,4.828,4.948,5.077,5.208,5.330,5.422,5.529,5.681,5.805,5.946,6.082,6.269,6.413,6.570,6.721,6.886,7.115,7.276,7.395,7.519,7.911,8.190,8.324,8.540,8.777,8.920,9.047,9.180,9.280,9.427,9.548,9.702,9.903,10.067,10.220,10.472,10.608,10.732,10.851,10.978,11.100,11.230,11.351,11.476,11.617,11.732,11.934,12.056,12.204,12.343,12.482,12.625,12.772,12.906,13.046,13.188,13.319,13.452,13.589,13.726,13.865,14.023,14.152,14.295,14.443,14.606,14.748,
1,67,0.139,0.315,0.475,0.640,0.790,0.969,
1,68,0.124,0.272,0.412,0.537,0.671,0.821,0.945,1.106,1.272,1.414,1.550,1.701,1.837,2.023,2.351,2.523,2.662,2.815,2.961,3.124,3.412,3.579,3.735,3.890,4.043,4.194,4.357,4.492,4.650,4.826,5.054,5.225,5.371,5.556,5.702,5.870,6.034,6.191,6.338,6.501,6.659,6.837,6.997,7.162,7.342,7.525,7.679,7.849,8.009,8.222,8.405,8.565,8.723,8.893,9.058,9.196,9.393,9.554,9.716,9.875,10.039,10.193,10.342,10.495,10.647,10.809,10.977,11.144,11.270,11.411,11.569,11.727,11.869,12.030,12.194,12.331,12.472,12.645,12.781,12.919,13.054,13.209,13.349,13.460,13.645,13.797,13.951,14.107,14.262,14.427,
1,69,0.061,0.202,0.363,0.624,0.784,0.938,1.076,1.235,1.377,1.534,1.681,1.826,1.985,2.137,2.290,2.423,2.555,2.718,2.859,3.025,3.179,3.323,3.481,3.625,3.791,3.949,4.093,4.231,4.377,4.531,4.680,4.833,4.975,5.136,5.284,5.439,5.596,5.770,5.910,6.118,6.270,6.405,6.554,6.747,7.020,7.184,7.494,7.644,7.898,8.082,8.237,8.388,8.525,8.654,8.813,8.935,9.090,9.230,9.372,9.522,9.665,9.821,9.973,10.121,10.272,10.430,
1,70,0.039,0.185,0.346,0.470,0.606,0.773,0.902,1.035,1.161,1.305,1.436,1.570,1.714,1.849,
1,71,0.109,0.274,0.401,0.527,0.644,0.784,0.913,1.037,1.175,1.301,1.423,1.552,1.686,1.836,1.977,2.110,2.263,2.392,2.540,2.683,2.849,2.985,3.116,3.239,3.456,3.615,3.752,3.892,3.995,4.080,4.215,4.354,4.699,4.874,5.019,5.234,5.539,5.703,5.840,5.997,6.143,6.272,6.413,6.577,6.697,6.846,6.988,7.117,7.272,7.401,7.542,7.686,7.822,7.970,8.215,8.374,8.523,8.691,8.852,8.994,9.155,9.300,9.471,9.617,9.790,9.949,10.104,10.262,10.442,10.621,10.808,10.954,11.146,11.284,11.450,11.621,11.789,11.948,12.113,12.275,12.448,12.593,12.750,12.914,13.082,13.252,13.407,13.551,13.716,13.897,14.038,14.194,14.351,14.514,14.692,14.855,15.014,15.170,15.331,15.493,
1,72,0.136,0.284,0.428,0.574,0.681,0.811,0.961,1.105,1.270,1.389,1.544,1.703,1.841,
1,73,0.087,0.231,0.376,0.526,0.660,0.809,0.957,1.102,1.244,1.393,1.526,1.663,1.826,1.972,2.108,2.244,2.394,2.527,2.688,2.841,2.982,3.144,3.288,3.417,3.575,3.720,3.872,4.025,4.181,4.336,4.473,4.659,4.816,4.951,5.105,5.275,5.432,5.580,5.942,6.102,6.252,6.395,6.529,6.762,6.937,7.082,7.242,7.396,7.551,7.700,7.853,7.995,8.161,8.299,8.443,8.599,8.776,8.921,9.075,9.225,9.397,9.530,9.681,9.841,9.995,10.147,10.434,10.553,10.667,10.806,10.927,11.073,11.209,11.360,11.499,11.648,11.782,11.920,12.059,12.328,12.485,12.648,12.788,12.902,13.060,13.202,13.331,13.413,
1,74,0.142,0.300,0.431,0.562,0.692,0.827,0.968,1.126,1.269,1.414,1.568,1.718,1.857,2.019,2.136,2.269,2.407,2.549,2.714,2.852,3.019,3.152,3.304,3.460,3.836,4.020,4.143,4.300,4.481,4.627,4.783,4.935,5.104,5.270,5.446,5.621,5.790,5.960,6.138,6.288,6.468,6.621,6.796,6.941,7.090,7.252,7.361,7.534,7.687,7.853,8.022,8.185,8.353,8.539,8.690,8.850,9.022,9.139,9.316,9.487,9.654,9.809,9.970,10.125,10.283,10.438,
1,75,0.078,0.237,0.369,0.518,0.651,0.807,0.944,1.082,1.226,1.482,1.625,1.769,
1,76,0.150,0.422,0.578,0.685,0.799,1.017,
1,77,0.149,0.299,0.426,0.553,
1,78,0.146,0.266,0.396,0.516,0.646,0.775,0.903,1.042,1.176,1.324,1.431,1.573,1.702,1.841,1.960,2.147,2.264,2.500,2.654,2.791,2.946,3.089,3.244,3.397,3.546,3.701,3.847,3.989,4.148,4.274,4.418,4.566,4.706,4.861,5.015,5.148,5.306,5.452,5.591,5.765,5.874,6.079,6.242,6.399,6.522,6.676,6.834,6.980,7.124,7.285,7.446,7.601,7.769,7.922,8.087,8.220,8.400,8.548,8.716,8.868,9.033,9.174,9.316,9.475,9.634,9.774,
1,79,0.075,0.212,0.344,0.475,0.739,0.893,1.027,1.170,1.318,1.463,1.605,1.760,1.894,2.041,2.193,2.404,2.542,2.708,2.914,3.078,3.239,3.404,3.567,3.737,3.898,4.065,4.261,4.429,4.596,4.762,4.915,5.081,5.231,5.399,5.565,5.724,5.896,6.062,6.220,6.396,6.567,6.705,6.850,7.024,7.176,7.344,7.501,7.688,7.842,8.126,8.297,8.530,8.706,8.876,9.042,9.197,9.341,9.490,9.657,9.804,9.957,10.107,10.268,10.425,10.590,10.748,10.910,11.071,11.234,11.402,11.545,11.705,11.876,12.037,12.176,12.339,12.538,12.698,12.899,13.069,13.227,13.403,13.678,13.856,14.049,14.211,14.400,14.543,14.711,14.860,15.017,15.157,15.314,15.459,15.634,15.792,15.945,16.107,16.267,16.418,16.561,16.740,16.901,17.073,17.232,17.401,17.552,17.703,17.861,
1,80,0.106,0.273,0.410,0.655,0.806,0.939,1.083,1.232,1.370,1.524,1.647,1.795,1.935,2.075,2.215,2.359,2.524,2.644,2.782,2.917,3.049,3.186,3.328,3.464,3.606,3.892,4.037,4.176,4.331,4.477,4.620,4.766,4.912,5.070,5.248,5.393,5.464,5.594,5.725,5.848,6.105,6.252,6.393,6.515,6.663,6.801,6.930,7.073,7.202,7.347,7.487,7.644,7.760,7.894,8.042,8.183,8.331,8.470,8.623,8.761,8.901,9.042,9.181,9.332,9.468,9.603,9.761,9.895,10.054,10.199,10.346,
1,81,0.148,0.289,0.420,0.550,0.690,0.823,0.964,1.104,1.243,1.375,1.525,1.668,1.834,1.997,2.149,2.300,2.455,2.575,2.718,2.857,3.038,3.206,3.357,3.520,3.665,3.833,3.973,4.153,4.323,4.464,4.650,4.796,4.957,5.124,5.304,5.486,5.651,5.822,5.989,6.151,6.324,6.480,6.656,6.815,6.988,7.124,7.312,7.495,7.666,7.820,7.970,8.330,8.529,8.769,8.943,9.107,9.279,9.440,9.612,9.773,9.944,10.112,10.292,
1,82,0.093,0.232,0.375,0.528,0.683,0.829,0.975,1.107,1.292,1.461,1.601,1.761,1.929,2.072,2.283,2.427,2.577,2.726,2.842,3.111,3.247,3.396,3.662,3.786,3.930,4.071,4.202,4.364,4.530,4.666,4.799,4.972,5.146,5.277,5.443,5.603,5.748,5.907,
1,83,0.118,0.273,0.400,0.540,0.696,0.998,1.179,1.342,1.487,1.653,1.838,1.965,2.075,2.227,2.362,2.524,2.641,2.774,2.930,3.176,3.318,3.486,3.739,3.872,4.025,4.145,4.265,4.392,4.525,4.664,4.793,4.926,5.057,5.186,5.337,5.496,5.645,5.782,5.924,6.080,6.225,6.366,6.521,6.652,6.801,6.939,7.098,7.230,7.362,7.578,7.729,7.876,8.047,8.280,8.393,8.544,8.671,8.809,8.953,9.087,9.232,9.377,9.513,9.671,9.815,9.955,10.108,10.261,10.414,
1,84,0.147,0.288,0.422,0.556,0.679,0.803,1.058,1.218,1.357,1.483,1.648,1.789,1.904,2.234,2.349,2.475,2.794,2.876,3.044,3.200,3.341,
1,85,0.113,0.273,0.390,0.523,0.640,0.797,0.920,1.057,1.167,1.298,1.432,1.568,1.702,1.836,
1,86,0.111,0.271,0.399,0.533,0.672,0.791,0.938,1.087,1.204,1.355,1.489,1.638,1.908,2.142,2.296,2.445,2.590,2.739,2.889,3.022,3.149,3.289,
1,87,0.150,0.300,0.425,0.566,
1,88,0.215,0.345,0.481,0.609,0.736,0.867,0.994,1.127,1.268,1.387,1.500,1.609,1.749,1.885,2.019,2.172,2.303,2.454,2.587,2.697,2.835,2.947,3.127,3.296,3.447,3.608,3.770,3.910,4.064,4.204,4.366,4.537,4.655,4.843,5.035,5.160,5.334,5.479,5.652,5.806,5.971,6.137,6.283,6.450,6.596,6.771,6.902,7.045,7.199,7.358,7.521,7.650,7.806,7.971,8.138,8.278,8.456,8.615,8.750,8.922,9.089,9.272,9.426,9.573,9.738,9.904,10.056,10.239,10.393,10.592,10.773,10.926,11.090,11.221,11.390,11.540,11.708,11.890,12.033,12.216,12.394,12.558,12.737,13.061,13.274,13.427,13.583,13.753,13.928,14.091,14.250,14.413,14.576,14.742,14.901,15.052,15.215,15.365,
1,89,0.073,0.224,0.460,0.641,0.744,0.872,1.044,1.105,1.275,1.416,1.569,1.708,1.866,2.025,2.149,2.312,2.456,2.620,2.914,3.094,3.279,3.451,3.643,3.838,4.051,4.226,4.393,4.541,4.719,4.893,5.039,5.205,5.359,5.525,5.671,5.855,
1,90,0.037,0.180,0.334,0.455,0.608,0.739,0.887,1.067,1.235,1.397,1.580,1.739,1.875,2.031,
1,91,0.162,0.288,0.406,0.569,
1,92,0.149,0.272,0.416,0.520,0.640,0.800,1.060,1.223,1.400,1.517,1.681,1.837,1.967,2.120,2.309,2.627,2.790,2.964,3.146,3.302,3.487,3.651,3.768,3.931,4.088,4.268,4.416,4.579,4.743,4.912,5.072,5.246,5.402,5.565,5.700,5.867,
1,93,0.104,0.236,0.394,0.531,0.664,0.808,0.944,1.087,1.269,1.519,1.625,1.769,1.886,2.019,2.150,2.294,2.441,2.581,2.717,2.858,3.001,3.136,3.280,
1,94,0.043,0.176,0.315,0.449,0.590,0.735,0.946,1.087,1.166,1.322,1.466,1.597,1.731,1.853,2.080,2.239,2.391,2.656,2.831,3.046,3.222,3.364,3.497,3.648,3.790,3.921,4.049,4.182,4.315,4.441,4.592,4.730,4.861,5.001,5.142,5.290,5.439,5.592,5.722,5.866,6.014,6.160,6.296,6.444,6.596,6.759,6.893,7.024,7.167,7.306,7.440,7.593,7.744,7.893,8.030,8.175,8.336,8.496,8.644,8.782,8.928,9.080,9.227,9.370,9.515,9.656,9.809,9.960,10.102,10.243,10.395,10.513,10.659,10.800,10.968,11.091,11.251,11.407,11.555,11.692,11.852,12.001,12.152,12.302,12.449,12.596,12.727,
1,95,0.041,0.186,0.321,0.459,0.607,
1,96,0.028,0.184,0.315,0.444,0.574,0.699,0.830,0.968,1.114,1.262,1.395,1.562,1.791,
1,97,0.075,0.215,0.355,0.496,0.636,0.877,1.019,1.136,1.287,1.419,1.537,1.672,1.794,1.991,2.148,2.294,2.459,2.687,2.822,2.931,3.094,3.240,3.459,3.622,3.771,4.070,4.278,4.441,4.591,4.742,4.914,5.190,5.342,5.493,5.644,5.791,5.952,
1,98,0.051,0.201,0.343,0.483,0.622,0.770,0.894,1.033,1.171,1.300,1.445,1.594,1.748,1.913,2.065,2.209,2.369,2.528,2.681,2.820,2.948,3.098,3.247,3.405,3.563,3.712,3.888,4.049,4.232,4.389,4.565,4.723,4.892,5.047,5.125,5.305,5.460,5.616,5.751,5.921,6.045,6.186,6.315,6.462,6.599,6.744,7.038,7.216,7.343,7.491,7.640,7.855,7.993,8.147,8.296,8.442,8.583,8.738,8.891,9.034,9.226,9.395,9.542,9.678,9.838,9.994,10.156,10.307,10.472,10.645,10.821,10.993,11.142,11.308,11.451,11.592,11.776,11.914,12.077,12.240,12.416,12.573,12.731,12.893,
1,99,0.109,0.267,0.415,0.566,0.729,0.868,1.030,1.173,1.326,1.484,1.651,1.856,2.018,2.154,2.319,2.401,2.555,2.669,2.822,3.116,3.278,3.392,3.548,3.700,3.857,4.019,4.165,4.316,4.461,4.610,4.769,4.920,5.081,5.229,5.395,5.539,5.697,5.857,6.020,6.153,6.311,6.520,6.680,6.846,7.003,7.140,7.280,7.430,7.564,7.726,7.870,8.020,8.164,8.320,8.481,8.637,8.800,8.937,9.085,9.205,9.370,9.521,9.648,9.902,10.021,10.145,10.299,10.431,10.638,10.811,10.954,11.139,11.252,11.437,11.601,11.742,11.909,12.059,12.223,12.375,12.532,12.703,12.899,13.052,13.240,
1,100,0.038,0.173,0.313,0.462,
1,101,0.375,0.542,0.649,0.777,1.024,1.141,1.302,1.458,1.652,1.785,1.951,2.094,2.228,2.365,2.484,2.615,2.742,2.885,3.022,3.164,3.272,3.403,3.529,3.674,3.815,3.951,4.078,4.212,4.333,4.479,4.609,4.769,4.905,5.054,5.201,5.348,5.498,5.640,5.773,5.952,6.081,6.225,6.377,6.524,6.668,6.827,6.968,7.125,7.252,7.407,7.555,7.703,7.859,8.021,8.164,8.317,8.453,
1,102,0.086,0.226,0.358,0.481,0.634,0.752,0.884,1.035,1.171,1.298,1.419,1.574,1.835,2.018,2.164,2.323,2.469,2.635,2.779,2.925,3.092,3.239,3.393,3.585,3.733,3.889,4.049,4.206,4.360,4.520,4.670,4.826,4.984,5.146,5.304,5.484,5.637,5.770,5.935,6.094,6.245,6.390,6.547,6.678,6.835,6.984,7.271,7.394,7.497,7.774,7.904,8.021,8.167,8.301,8.459,8.619,8.772,8.898,9.022,9.204,9.345,9.494,9.639,9.772,9.913,10.069,10.220,10.526,10.698,10.848,11.023,11.146,11.279,11.440,11.613,11.773,11.941,12.099,12.273,12.465,12.640,12.890,13.024,
1,103,0.186,0.349,0.496,0.662,0.783,
1,104,0.133,0.230,0.370,0.499,0.650,0.783,0.939,
1,105,0.058,0.205,0.341,0.484,0.601,0.745,0.842,1.010,1.158,1.285,1.450,1.644,1.790,
1,106,0.205,0.355,0.490,0.637,0.771,0.899,1.043,1.176,1.317,1.585,1.771,1.891,2.060,2.198,2.345,2.452,2.573,2.693,2.825,2.956,3.094,3.226,3.338,3.470,3.608,3.772,3.889,4.022,4.142,4.272,4.409,4.537,4.678,4.808,4.933,5.059,5.196,5.329,5.466,5.604,5.737,5.872,5.999,6.140,6.273,
1,107,0.062,0.186,0.313,0.444,0.548,0.667,0.783,0.900,
1,108,0.068,0.182,0.311,0.435,0.556,0.675,0.804,1.024,1.150,1.377,1.544,1.634,1.729,1.839,1.953,2.072,2.185,2.319,2.563,2.730,2.872,3.151,3.290,3.409,3.535,3.657,3.768,3.885,4.018,4.135,4.250,4.385,4.519,4.624,4.748,4.885,4.959,
1,109,0.040,0.143,0.237,0.340,0.459,
