0,1,0.249,0.516,0.720,0.897,1.203,1.460,1.767,2.014,2.305,2.560,2.833,3.087,3.362,3.648,3.911,4.216,4.468,4.669,4.923,5.155,5.399,5.655,5.899,6.176,6.472,6.773,7.018,7.338,7.623,7.947,8.228,8.549,8.820,9.088,9.384,9.694,9.987,
0,1,,
0,1,0.295,0.524,0.783,
0,1,0.160,0.455,0.724,0.991,1.300,
2,1,0.235,0.532,0.769,1.070,1.341,1.616,1.804,2.031,2.295,2.513,2.800,3.072,3.298,3.501,3.914,4.147,4.327,4.531,4.764,4.964,5.264,5.432,5.613,5.779,
2,2,0.201,0.402,0.663,0.870,1.078,1.269,1.463,1.668,1.870,2.101,2.304,2.520,2.720,2.918,3.116,3.305,3.489,3.671,3.849,4.021,4.198,4.473,4.627,4.783,4.933,5.092,5.249,5.409,5.564,5.745,5.928,6.115,
2,3,0.273,0.423,0.550,0.701,0.851,1.002,1.143,1.288,1.430,1.599,1.743,1.852,1.987,2.141,2.277,2.427,2.581,2.736,2.891,3.028,3.289,3.459,3.616,3.775,3.917,4.064,4.222,4.392,4.538,4.700,4.856,5.025,5.184,5.348,5.502,5.649,5.808,5.965,6.105,6.241,6.393,6.531,6.682,6.823,6.976,7.125,7.277,7.436,7.585,7.735,7.893,8.050,8.212,8.366,8.527,8.688,8.846,8.995,9.154,9.317,9.477,9.644,9.787,9.949,10.105,10.261,10.428,10.570,10.743,10.917,11.087,11.261,11.428,11.586,11.762,11.933,12.118,12.290,12.463,12.625,
2,4,0.142,0.314,0.468,0.619,0.772,0.919,1.070,1.215,1.364,1.519,1.657,1.795,1.941,2.088,2.269,
2,5,0.033,0.181,0.335,0.485,0.644,0.782,0.928,1.079,1.224,1.366,1.524,1.675,1.818,1.968,2.121,2.278,2.436,2.589,2.747,2.909,3.218,3.402,3.573,3.721,3.853,4.019,4.177,4.342,4.519,4.668,4.823,4.991,5.165,5.303,5.463,5.621,5.782,5.942,6.270,6.416,6.576,6.736,6.890,7.033,7.186,7.348,7.520,7.668,7.795,
2,6,0.152,0.305,0.454,0.604,0.759,0.912,1.046,1.192,1.343,1.478,1.643,1.779,1.922,2.073,2.224,
2,7,0.060,0.211,0.359,0.519,0.653,0.803,0.956,1.102,1.269,1.371,1.526,1.686,1.837,1.994,2.146,2.299,2.450,2.600,2.770,2.905,3.066,3.207,3.387,3.545,3.682,3.849,3.989,4.147,4.297,4.452,4.611,4.771,4.928,5.104,5.242,5.397,5.551,5.714,5.874,6.028,6.184,6.352,6.522,6.678,6.835,6.991,7.139,7.289,7.442,7.598,7.750,7.892,8.044,
2,8,0.144,0.309,0.465,0.621,0.783,0.951,1.111,1.270,1.439,1.599,1.786,1.956,2.116,2.271,2.439,2.592,2.765,2.945,3.125,3.284,3.457,3.622,3.793,3.975,4.112,4.303,4.482,4.625,4.812,4.992,5.150,5.344,5.667,5.843,6.014,6.189,6.359,
2,9,0.137,0.292,0.444,0.587,0.736,0.894,1.060,1.225,1.400,1.565,1.866,2.021,2.160,2.309,2.478,2.638,2.809,2.967,3.138,3.304,3.457,3.620,3.778,3.945,4.125,4.287,4.445,4.608,4.772,4.943,5.101,5.276,5.456,5.593,5.773,5.912,6.072,6.240,6.409,6.580,6.745,6.910,7.087,7.245,7.420,7.595,7.774,7.935,8.098,8.278,8.447,8.605,8.774,8.952,9.141,9.321,9.485,9.664,9.816,
2,10,0.142,0.300,0.461,0.619,0.776,0.929,1.089,1.249,1.405,1.572,1.723,1.858,2.012,2.150,2.301,
2,11,0.160,0.325,0.474,0.625,0.784,0.937,1.102,1.274,1.408,1.860,1.999,2.151,2.312,2.475,2.616,2.775,2.929,3.089,3.275,3.409,3.570,3.750,3.912,4.067,4.225,4.377,4.533,4.687,4.840,5.126,5.306,5.476,5.643,5.787,5.952,6.103,6.282,6.447,6.616,6.784,6.943,7.115,7.267,7.431,7.600,7.776,7.936,8.106,8.268,8.446,8.627,8.781,8.953,9.125,9.292,
2,12,0.062,0.216,0.385,0.525,0.679,0.824,0.946,1.320,1.462,1.616,1.769,1.901,2.054,2.202,2.357,2.502,2.670,2.841,3.020,3.158,3.319,3.475,3.648,3.805,3.954,4.119,4.271,4.659,4.817,4.967,5.113,5.277,5.460,5.671,5.944,6.109,6.278,6.441,6.600,6.772,6.929,7.083,7.272,7.412,7.561,7.720,7.889,8.037,8.188,8.351,8.523,8.676,8.839,8.999,9.152,9.305,9.451,9.609,9.777,9.932,10.089,10.238,10.397,10.536,
2,13,0.109,0.272,0.424,0.583,0.734,0.889,1.054,1.202,1.356,1.522,1.687,1.838,1.993,2.156,2.309,2.477,2.656,2.797,2.958,3.140,3.290,3.448,3.624,3.790,3.961,4.140,4.283,4.449,4.609,4.774,4.922,5.088,5.274,5.413,5.563,5.736,5.901,6.071,6.239,6.391,6.566,6.731,6.898,7.074,7.244,7.409,7.574,7.742,7.913,8.077,8.240,8.412,8.722,8.892,9.063,9.231,9.405,9.568,9.728,9.893,10.046,10.210,10.393,10.542,10.699,10.862,11.018,11.180,11.338,11.492,11.660,11.816,11.975,
2,14,0.347,0.476,0.636,0.802,0.964,1.122,1.284,1.448,1.606,1.774,1.955,2.118,2.277,2.438,2.611,2.771,2.931,3.104,3.281,3.437,3.614,3.778,3.954,4.123,4.281,4.445,4.638,4.789,4.994,5.125,5.296,5.474,5.649,5.814,5.986,6.172,6.339,6.523,6.679,6.868,7.047,7.227,7.412,7.589,7.773,7.949,8.115,
2,15,0.146,0.305,0.456,0.612,0.771,0.932,1.089,1.259,1.408,1.571,1.736,1.910,2.078,2.241,2.400,2.549,2.730,2.894,3.055,3.215,3.394,3.561,3.720,3.894,4.067,4.228,
2,16,0.047,0.218,0.399,0.538,0.701,0.868,1.048,1.214,1.388,1.559,1.728,1.896,2.068,2.228,2.391,2.551,2.736,2.915,3.086,3.244,3.424,3.594,3.749,3.925,4.097,4.271,
2,17,0.149,0.308,0.469,0.646,0.789,0.958,1.112,1.269,1.435,1.578,1.749,1.914,2.066,2.230,2.409,2.582,2.763,2.947,3.115,3.283,3.466,3.647,3.815,4.014,4.192,4.363,4.546,4.729,4.908,5.093,5.272,5.452,5.622,5.809,5.987,6.168,
2,18,0.183,0.358,0.527,0.700,0.864,1.037,1.213,1.397,1.580,1.730,1.907,2.070,2.243,2.404,2.548,2.721,2.897,3.029,3.206,3.367,3.529,3.692,3.862,4.021,4.185,4.347,4.525,4.648,4.813,4.991,5.173,5.353,5.515,5.675,5.841,5.997,6.166,6.329,6.502,6.671,6.852,7.038,7.208,7.399,7.548,7.714,7.900,8.063,8.222,8.400,8.551,8.728,8.917,9.073,9.243,9.425,9.596,9.782,9.965,10.149,10.326,10.518,10.681,10.866,11.021,11.203,11.384,11.528,
2,19,0.158,0.333,0.524,0.658,0.828,0.996,1.173,1.343,1.525,1.696,1.863,2.032,2.196,2.368,2.553,2.725,2.896,3.065,3.259,3.434,3.600,3.776,3.941,4.106,4.276,
2,20,0.150,0.293,0.451,0.621,0.789,0.939,1.109,1.281,1.432,1.602,1.777,1.949,2.121,2.282,2.447,2.596,2.743,2.906,3.071,3.235,3.401,3.574,3.744,3.906,4.072,4.268,4.402,4.548,4.740,4.897,5.069,5.269,5.442,5.602,5.786,5.972,6.150,6.325,6.519,6.715,6.886,7.068,7.224,7.408,7.596,7.770,7.974,8.146,
2,21,0.068,0.214,0.389,0.568,0.751,0.934,1.106,1.279,1.460,1.649,1.834,2.023,2.168,2.346,2.523,2.692,2.862,3.040,3.203,3.363,3.534,3.719,3.906,4.095,4.281,4.456,4.641,4.796,4.979,5.173,5.366,5.539,5.708,5.892,6.076,6.282,
2,22,0.213,0.357,0.526,0.674,0.835,0.989,1.160,1.330,1.500,1.662,1.823,1.999,2.165,2.335,2.510,2.667,2.846,3.015,3.195,3.372,3.542,3.729,3.918,4.102,4.275,4.441,4.613,4.778,4.939,5.092,5.261,5.429,5.591,5.766,5.939,6.102,6.298,
2,23,0.030,0.195,0.371,0.550,0.728,0.917,1.103,1.290,1.464,1.647,1.823,1.994,2.147,2.296,2.478,2.655,2.828,3.018,3.209,3.398,3.588,3.765,3.935,4.115,4.302,
2,24,0.152,0.292,0.442,0.605,0.771,0.938,1.085,1.243,1.416,1.589,1.763,1.928,2.089,2.234,2.414,2.589,2.763,2.930,3.089,3.218,3.397,3.570,3.764,3.937,4.105,4.286,4.471,4.648,4.830,5.015,5.195,5.398,5.566,5.765,5.935,6.110,6.307,6.474,6.649,6.841,7.033,7.215,7.413,7.586,7.781,7.946,8.114,8.291,8.475,8.659,8.837,9.000,9.177,9.357,9.517,9.692,9.871,10.056,
2,25,0.091,0.258,0.434,0.596,0.775,0.938,1.113,1.288,1.468,1.646,1.815,1.988,2.160,2.321,2.477,2.607,2.769,2.923,3.071,3.237,3.403,3.562,3.729,3.894,4.052,4.198,4.394,4.562,4.761,4.941,5.115,5.276,5.439,5.614,5.796,5.978,6.162,6.350,6.530,6.699,6.870,7.047,7.236,7.410,7.596,7.771,7.954,8.122,8.313,8.496,8.670,8.841,8.999,9.178,9.350,9.513,9.678,
2,26,0.141,0.316,0.457,0.651,0.808,0.967,1.142,1.324,1.494,1.678,1.858,2.033,2.205,2.366,2.522,2.691,2.863,3.034,3.199,3.371,3.544,3.701,3.886,4.064,4.231,
2,27,0.080,0.217,0.374,0.544,0.701,0.854,1.020,1.187,1.360,1.520,1.662,1.829,2.021,2.168,2.354,2.521,2.689,2.857,3.021,3.181,3.355,3.521,3.671,3.840,4.021,4.155,4.333,4.522,4.678,4.850,5.029,5.198,5.389,5.557,5.727,5.892,6.062,6.238,6.431,6.608,6.797,6.970,7.152,7.329,7.523,7.689,7.864,8.027,8.199,8.390,8.553,8.721,8.890,9.046,9.209,9.367,9.524,9.673,9.832,
2,28,0.112,0.274,0.442,0.621,0.787,0.957,1.411,1.586,1.752,1.921,2.079,2.235,2.407,2.582,2.742,2.904,3.069,3.241,3.407,3.573,3.736,3.902,4.078,4.244,
2,29,0.237,0.397,0.569,0.739,0.898,1.056,1.211,1.398,1.554,1.709,1.881,2.035,2.195,2.373,
2,30,0.163,0.322,0.483,0.638,0.801,0.974,1.150,1.301,1.464,1.651,1.806,1.967,2.151,2.301,2.465,2.624,2.802,2.950,3.114,3.301,3.446,3.621,3.805,3.966,4.135,
2,31,0.082,0.227,0.400,0.559,0.727,0.894,1.057,1.215,1.377,1.542,1.699,1.851,2.018,2.173,2.355,2.518,2.677,2.844,3.018,3.193,3.385,3.546,3.701,3.858,4.041,4.219,4.400,4.582,4.744,4.932,5.107,5.273,5.445,5.625,5.802,5.967,6.136,6.316,6.492,6.680,6.824,6.997,7.185,7.344,7.520,7.685,7.856,8.024,8.178,8.356,8.521,8.692,8.865,9.041,9.222,9.391,9.556,9.736,9.902,10.078,10.272,10.419,10.585,10.750,10.917,11.091,11.272,11.413,11.593,11.776,11.938,12.117,12.292,12.456,12.606,12.773,12.960,
2,32,0.155,0.319,0.479,0.646,0.779,0.946,1.116,1.294,1.460,1.620,1.779,1.941,2.108,2.278,2.438,2.607,2.767,2.936,3.110,3.283,3.441,3.610,3.776,3.952,4.286,4.461,4.665,4.904,5.086,5.268,5.447,5.616,5.785,5.957,6.149,6.314,6.499,6.668,6.851,7.019,7.210,7.480,7.662,7.854,8.036,8.213,8.400,8.570,8.751,8.924,9.092,9.267,9.439,9.625,9.811,9.982,10.150,10.318,10.501,10.674,10.846,11.018,11.149,11.322,11.416,
2,33,0.038,0.217,0.401,0.585,0.746,0.919,1.089,1.268,1.427,1.585,1.741,1.905,2.077,2.242,2.414,2.598,2.748,2.922,3.102,3.269,3.455,3.636,3.813,3.994,4.168,4.334,4.520,4.685,4.861,5.030,5.202,5.371,5.562,5.750,5.942,6.115,6.285,6.462,6.658,6.847,7.021,7.203,7.388,7.571,7.742,7.915,8.102,8.278,8.463,8.638,8.825,8.996,9.160,9.319,9.491,9.649,9.816,9.984,10.151,10.315,
2,34,0.125,0.300,0.489,0.651,0.819,0.994,1.159,1.322,1.496,1.664,1.829,1.997,2.179,
2,35,0.182,0.339,0.526,0.655,0.823,0.982,1.143,1.311,1.480,1.644,1.816,1.984,2.163,2.327,2.492,2.654,2.816,2.982,3.151,3.314,3.480,3.645,3.804,3.975,4.145,4.324,4.512,4.684,4.861,5.035,5.212,5.379,5.546,5.740,5.896,6.058,6.241,6.396,6.568,6.745,6.913,7.093,7.270,7.431,7.597,7.777,7.963,8.147,
2,36,0.099,0.267,0.420,0.592,0.749,0.918,1.083,1.246,1.398,1.571,1.767,1.933,2.100,2.268,2.418,2.579,2.748,2.921,3.079,3.268,3.416,3.592,3.768,3.919,4.079,4.247,4.417,4.584,4.769,4.951,5.119,5.304,5.483,5.663,5.833,5.995,6.180,6.363,6.534,6.714,6.886,7.043,7.223,7.396,7.567,7.740,7.908,8.079,
2,37,0.041,0.205,0.356,0.524,0.686,0.860,1.088,1.275,1.433,1.613,1.782,1.960,2.120,2.295,2.489,2.652,2.815,2.987,3.155,3.317,3.490,3.667,3.835,4.019,4.204,4.350,4.524,4.720,4.984,5.143,5.324,5.467,5.620,5.804,5.965,6.144,6.309,6.470,6.656,6.826,7.011,7.184,7.365,7.526,7.679,7.869,8.052,8.234,8.412,8.595,8.784,8.973,9.163,9.325,9.523,9.721,9.918,10.118,10.313,10.661,10.814,11.016,11.205,11.396,11.565,11.731,11.903,12.087,12.263,12.422,12.582,
2,38,0.062,0.240,0.427,0.602,0.771,0.950,1.119,1.306,1.480,1.648,1.824,2.001,2.173,2.333,2.515,2.690,2.833,3.001,3.181,3.342,3.515,3.665,3.832,4.016,4.171,4.352,4.533,4.709,4.899,5.070,5.245,5.417,5.606,5.779,5.976,6.156,6.340,6.520,6.704,6.900,7.066,7.238,7.433,7.613,7.784,7.963,8.141,8.326,8.518,8.687,8.864,9.030,9.196,9.372,9.547,9.695,
2,39,0.139,0.292,0.472,0.639,0.792,0.983,1.179,1.371,1.567,1.736,1.907,2.069,2.245,2.402,2.561,2.729,3.033,3.206,3.373,3.546,3.728,3.908,4.063,4.232,4.415,4.610,4.787,4.989,5.190,5.375,5.562,5.738,5.921,6.142,6.307,6.500,6.676,6.856,7.045,7.237,7.412,7.599,7.783,7.966,8.149,8.357,8.524,8.696,8.893,9.058,9.250,9.413,9.590,9.765,9.945,10.112,10.513,
2,40,0.211,0.374,0.536,0.707,0.847,1.015,1.175,1.333,1.461,1.648,1.807,1.955,2.121,2.296,2.472,2.649,2.807,2.960,3.124,3.298,3.460,3.649,3.820,3.993,4.156,4.318,4.497,4.664,4.837,5.017,5.197,5.400,5.563,5.750,5.932,6.110,
2,41,0.079,0.273,0.427,0.601,0.774,0.940,1.111,1.289,1.453,1.620,1.803,2.002,2.180,2.365,
2,42,0.103,0.285,0.480,0.668,0.843,1.016,1.188,1.356,1.525,1.689,1.875,2.048,2.229,2.396,2.580,2.776,2.945,3.101,3.276,3.451,3.617,3.809,3.984,4.160,4.350,4.537,4.737,4.915,5.103,5.267,5.450,5.624,5.795,5.981,6.161,6.344,6.532,6.711,6.904,7.080,7.261,7.436,7.624,7.807,7.995,8.167,8.358,8.543,8.726,8.902,9.100,9.269,9.435,9.623,9.811,10.019,10.210,10.396,10.573,10.739,10.937,11.116,11.292,11.465,11.647,
2,43,0.063,0.239,0.411,0.584,0.750,0.913,1.079,1.252,1.411,1.577,1.768,1.933,2.121,2.275,2.451,2.621,2.789,2.968,3.142,3.328,3.522,3.706,3.886,4.061,4.224,4.395,4.580,4.769,4.942,5.126,5.297,5.476,5.680,5.862,6.047,6.246,6.429,6.622,6.807,6.990,7.181,7.371,7.563,7.737,7.912,8.080,8.249,8.419,
2,44,0.204,0.400,0.544,0.680,0.839,0.970,1.161,1.331,1.661,1.857,2.050,2.203,2.384,2.562,2.742,2.914,3.087,3.240,3.405,3.579,3.746,3.929,4.115,4.283,4.455,4.615,4.802,4.971,5.294,5.464,5.636,5.822,6.020,6.192,6.368,6.542,6.723,6.893,7.086,7.270,7.452,7.637,7.823,8.021,8.183,8.349,8.521,8.668,8.831,8.984,
2,45,0.113,0.272,0.433,0.593,0.769,0.932,1.101,1.269,1.442,1.626,1.806,1.975,2.160,2.336,2.519,2.684,2.886,3.063,3.270,3.429,3.606,3.797,3.967,4.156,
2,46,0.065,0.244,0.397,0.570,0.745,0.922,1.089,1.251,1.419,1.596,1.774,1.964,2.147,2.311,2.483,2.651,2.828,3.018,3.199,3.376,3.554,3.765,3.940,4.148,4.312,4.500,4.689,4.899,5.079,5.269,5.468,5.649,5.808,5.988,6.171,6.358,6.541,6.723,6.906,7.091,7.266,7.449,7.650,7.811,8.017,8.185,8.361,8.544,8.736,8.933,9.125,9.317,9.478,9.669,9.867,10.057,
2,47,0.028,0.198,0.355,0.511,0.659,0.813,0.964,1.115,1.262,1.412,1.554,1.694,1.865,2.018,2.180,2.313,2.464,2.613,2.774,2.929,3.078,3.243,3.396,3.560,3.738,3.896,4.058,4.223,4.373,4.538,4.720,4.897,5.050,5.228,5.397,5.568,5.728,5.897,6.058,6.223,6.397,6.558,6.707,6.855,7.029,7.185,7.363,7.537,7.702,7.898,8.047,8.227,8.415,8.564,8.739,8.914,9.095,9.265,9.457,9.649,9.822,9.988,10.169,10.344,10.526,10.701,10.854,11.029,11.189,11.367,11.531,11.699,11.861,12.029,12.199,12.417,
2,48,0.056,0.227,0.399,0.570,0.732,0.899,1.069,1.235,1.411,1.597,1.766,1.947,2.122,2.283,2.466,2.650,2.825,3.017,3.185,3.367,3.532,3.680,3.847,4.024,4.192,4.361,4.532,4.709,4.872,5.052,5.232,5.411,5.576,5.733,5.919,6.094,6.275,6.446,6.635,6.807,6.971,7.156,7.327,7.481,7.664,7.849,8.019,8.198,8.365,8.556,8.741,8.914,9.093,9.273,9.440,9.636,9.806,9.984,10.168,10.346,10.520,10.658,10.850,
2,49,0.149,0.337,0.499,0.675,0.855,1.019,1.208,1.386,1.546,1.729,1.886,2.056,2.242,2.404,2.596,2.797,2.969,3.143,3.317,3.520,3.695,3.887,4.094,4.288,4.472,4.679,4.849,5.036,5.228,5.438,5.617,5.796,5.985,6.165,6.370,6.559,6.742,6.908,7.093,7.237,7.471,7.679,7.863,8.047,
2,50,0.116,0.277,0.442,0.581,0.744,0.894,1.063,1.229,1.394,1.559,1.724,1.898,2.078,2.249,
2,51,0.106,0.273,0.446,0.614,0.788,0.964,1.140,1.284,1.451,1.619,1.774,1.964,2.141,2.308,
2,52,0.075,0.239,0.422,0.595,0.771,0.930,1.095,1.252,1.405,1.591,1.777,1.952,2.148,2.337,2.535,2.722,2.899,3.069,3.266,3.439,3.624,3.819,3.995,4.156,4.330,4.523,4.706,4.900,5.070,5.248,5.427,5.624,5.796,6.017,6.187,
2,53,0.035,0.224,0.396,0.539,0.702,0.854,1.013,1.166,1.323,1.480,1.646,1.801,1.963,2.147,2.293,2.461,2.626,2.790,2.941,3.096,3.264,3.419,3.588,3.746,3.927,4.097,4.264,4.430,4.588,4.764,5.089,5.268,5.449,5.648,5.851,6.000,6.203,6.411,6.612,6.809,7.016,7.193,7.375,7.560,7.766,7.931,8.106,8.276,8.449,8.622,8.783,8.963,9.124,9.304,9.476,9.657,9.840,10.020,10.202,10.389,10.571,10.740,10.932,11.123,11.312,11.495,11.664,11.847,12.038,12.223,12.399,12.577,
2,54,0.050,0.197,0.366,0.537,0.697,0.868,1.039,1.205,1.365,1.531,1.717,1.891,2.050,2.217,2.392,2.552,2.700,2.871,3.052,3.209,3.392,3.550,3.704,3.892,4.048,4.209,4.372,4.500,4.655,4.827,4.982,5.143,5.289,5.458,5.624,5.792,5.967,6.143,
2,55,0.033,0.212,0.386,0.554,0.784,0.940,1.151,1.280,1.459,1.634,1.814,1.984,2.151,2.304,2.465,2.634,2.800,2.968,3.142,3.315,3.487,3.657,3.830,4.019,4.186,4.344,4.519,4.679,4.865,5.042,5.225,5.406,5.590,5.773,5.970,6.148,6.341,6.534,6.731,6.921,7.089,7.270,7.453,7.637,7.802,7.972,8.144,
2,56,0.140,0.303,0.466,0.641,0.789,0.947,1.094,1.440,1.671,1.853,2.028,2.120,2.292,2.450,2.597,2.869,3.016,3.176,3.338,3.490,3.623,3.904,4.059,4.187,4.337,4.486,4.657,4.794,4.936,5.089,5.259,5.408,5.566,5.735,5.893,6.060,6.214,6.373,6.527,6.685,6.845,6.998,7.185,7.356,7.555,7.734,7.901,8.068,8.240,8.409,8.571,8.740,8.901,9.074,9.233,9.371,9.545,9.713,9.875,10.062,10.229,10.395,10.550,10.712,10.896,11.062,11.216,11.396,11.540,11.719,11.863,12.027,12.218,12.436,
2,57,0.052,0.274,0.430,0.620,0.803,0.961,1.093,1.230,1.391,1.524,1.660,1.806,1.959,2.100,2.275,2.425,2.548,2.691,2.829,3.025,3.151,3.316,3.513,3.664,3.822,3.998,
2,58,0.095,0.234,0.429,0.608,0.752,0.925,1.088,1.240,1.423,1.590,1.767,1.940,2.333,2.617,2.817,2.970,3.145,3.325,3.485,3.657,3.846,4.038,4.228,4.429,4.609,4.781,4.954,5.146,5.318,5.489,5.665,5.835,6.012,6.185,6.367,6.543,6.724,6.913,7.057,7.242,7.411,7.584,7.752,7.926,8.069,8.211,8.373,8.524,8.822,8.968,9.147,9.306,9.464,9.648,9.801,9.960,10.114,10.271,10.423,10.578,10.749,10.902,11.057,11.212,11.377,11.515,
2,59,0.040,0.196,0.364,0.539,0.687,0.854,1.020,1.175,1.384,1.558,1.734,1.901,2.084,2.267,2.455,2.651,2.826,2.996,3.181,3.366,3.528,3.703,3.872,4.174,4.347,4.518,4.696,4.869,5.022,5.214,5.386,5.575,5.769,5.932,6.136,6.309,6.496,6.702,6.913,7.115,7.299,7.646,7.841,8.042,8.270,8.432,8.637,8.844,9.057,9.271,9.467,9.659,9.849,
2,60,0.158,0.305,0.433,0.582,0.733,0.887,1.021,1.149,1.285,1.430,1.571,1.715,1.854,2.021,2.181,2.313,2.460,2.694,2.854,3.034,3.217,3.408,3.585,3.772,3.908,4.070,4.232,4.389,4.556,4.720,4.889,5.049,5.229,5.396,5.563,5.717,5.890,6.040,6.186,6.374,6.610,6.788,6.973,7.144,7.308,7.481,7.640,7.784,7.964,8.291,8.466,8.641,8.816,8.999,9.175,9.318,9.525,9.656,9.841,10.025,10.190,10.495,
2,61,0.146,0.300,0.460,0.607,0.748,0.911,1.069,1.230,1.397,1.542,1.709,1.867,2.240,2.422,2.590,2.750,2.901,3.048,3.199,3.398,3.521,3.699,3.865,4.021,4.198,4.364,4.518,4.702,4.898,5.072,5.237,5.402,5.581,5.765,5.926,6.104,6.269,6.443,6.624,6.801,6.978,7.149,7.332,7.516,7.713,7.900,8.065,8.242,8.410,8.581,8.782,8.900,9.085,9.284,9.430,9.610,9.774,9.940,10.096,
2,62,0.244,0.364,0.537,0.695,0.848,0.994,1.139,1.272,1.407,1.565,1.715,1.861,2.023,2.169,2.329,2.482,2.646,2.800,2.946,3.101,3.273,3.406,3.566,3.735,3.890,4.061,4.222,4.400,4.561,4.721,4.891,5.061,5.217,5.391,5.561,5.719,5.891,6.052,6.219,6.391,6.558,6.720,6.863,7.025,7.186,7.359,7.559,7.703,7.892,8.055,8.259,8.444,8.646,8.835,9.029,9.209,9.399,9.611,9.793,9.998,10.190,10.393,10.560,10.727,10.906,11.088,11.260,11.430,11.597,11.763,11.919,
2,63,0.145,0.332,0.491,0.807,0.968,1.122,1.300,1.460,1.643,1.800,1.971,2.143,2.334,2.500,2.679,2.850,3.040,3.231,3.400,3.593,3.774,3.957,4.141,4.318,4.479,4.665,4.850,5.044,5.226,5.411,5.608,5.789,5.988,6.181,6.366,6.565,6.768,6.960,7.149,7.337,7.521,7.713,7.896,8.092,8.286,8.476,8.667,8.860,9.041,9.230,9.430,9.643,9.799,9.997,10.180,10.376,10.561,10.761,10.941,11.127,11.319,11.495,11.681,11.864,12.057,12.235,
2,64,0.119,0.322,0.497,0.669,0.840,1.001,1.162,1.325,1.486,1.655,1.821,1.987,2.172,2.335,2.497,2.673,2.846,3.030,3.195,3.342,3.517,3.671,3.853,4.052,4.218,4.414,4.599,4.787,4.975,5.162,5.344,5.547,5.744,5.942,6.145,6.320,6.515,6.710,6.917,7.115,7.303,7.491,7.652,7.848,8.034,8.229,8.396,8.587,8.779,8.974,9.146,9.331,9.517,9.709,9.909,10.098,10.292,10.480,10.697,10.867,11.053,11.264,11.456,11.648,11.806,11.957,12.148,
2,65,0.149,0.300,0.455,0.607,0.775,0.938,1.102,1.266,1.412,1.572,1.738,1.906,2.065,2.230,2.390,2.556,2.709,2.876,3.046,3.218,3.377,3.551,3.731,3.900,4.071,4.250,4.411,4.598,4.780,4.962,5.144,5.322,5.492,5.666,5.817,5.968,6.152,6.327,6.528,6.718,6.885,7.048,7.238,7.410,7.607,7.791,7.986,8.162,8.343,8.534,8.690,8.866,9.029,9.214,9.391,9.569,9.749,9.955,10.166,
2,66,0.145,0.269,0.534,0.731,0.898,1.066,1.242,1.413,1.584,1.769,1.928,2.107,2.289,2.474,2.648,2.814,2.984,3.150,3.334,3.497,3.663,3.832,4.020,4.180,4.357,4.521,4.685,4.861,5.027,5.203,5.370,5.543,5.971,6.141,6.325,6.498,6.664,6.838,7.022,7.178,7.338,7.522,7.708,7.889,8.069,8.272,
2,67,0.092,0.246,0.377,0.548,0.738,0.911,1.095,1.285,1.501,1.663,1.836,2.018,2.190,2.368,2.518,2.666,2.820,2.992,3.146,3.327,3.502,3.663,3.823,4.002,4.171,4.355,4.519,4.686,4.852,5.054,5.244,5.431,5.608,5.796,5.980,6.162,6.331,6.520,6.698,6.887,7.035,7.208,7.405,7.574,7.771,7.945,8.084,8.303,8.504,8.666,8.847,9.021,9.166,9.344,9.528,9.692,9.853,10.022,10.190,
2,68,0.156,0.346,0.513,0.670,0.819,0.967,1.147,1.298,1.466,1.621,1.773,1.925,2.114,2.277,2.451,2.648,2.786,2.968,3.148,3.321,3.499,3.665,3.843,4.015,4.202,4.398,4.557,4.738,4.899,5.074,5.265,5.431,5.616,5.798,5.985,6.149,6.330,6.501,6.706,6.900,7.063,7.266,7.442,7.605,7.808,7.992,8.167,8.354,8.541,8.726,8.913,9.064,9.244,9.410,9.595,9.767,9.955,10.171,10.351,10.521,10.708,10.901,11.065,
2,69,0.043,0.211,0.390,0.558,0.724,0.905,1.081,1.270,1.437,1.603,1.797,1.947,2.114,2.288,
2,70,0.149,0.300,0.465,0.627,0.778,0.952,1.103,1.246,1.415,1.580,1.746,1.903,2.059,2.221,2.400,2.543,2.711,2.871,3.050,3.202,3.364,3.517,3.685,3.870,4.050,4.249,4.430,4.608,4.771,4.950,5.123,5.302,5.471,5.642,5.814,5.973,6.142,6.322,6.491,6.659,6.821,6.985,7.145,7.313,7.643,7.907,8.077,8.284,8.461,8.647,8.831,9.019,9.197,9.376,9.537,9.720,9.900,10.080,
2,71,0.201,0.345,0.522,0.675,0.818,0.967,1.123,1.284,1.404,1.593,1.742,1.918,2.083,2.272,2.438,2.586,2.738,2.914,3.079,3.250,3.418,3.594,3.773,3.908,4.090,4.273,4.420,4.577,4.774,4.920,5.092,5.280,5.451,5.641,5.805,5.981,6.156,6.340,6.524,6.697,6.874,7.049,7.222,7.401,7.562,7.775,7.933,8.112,8.283,8.467,8.661,8.834,9.026,9.201,9.392,9.555,9.721,9.893,10.017,
2,72,0.075,0.276,0.410,0.582,0.762,0.933,1.107,1.273,1.450,1.644,1.797,1.969,2.154,2.314,2.482,2.664,2.823,3.011,3.355,3.545,3.735,3.919,4.106,4.271,4.473,4.687,4.895,5.075,5.276,5.486,5.665,5.840,6.019,6.195,6.363,6.546,6.742,6.900,7.062,7.241,7.400,7.565,7.725,7.870,8.037,8.203,
2,73,0.033,0.184,0.334,0.467,0.627,0.785,0.935,1.092,1.261,1.423,1.589,1.749,1.901,2.045,2.191,2.358,2.538,2.694,2.871,3.030,3.193,3.357,3.530,3.706,3.895,4.057,4.240,4.413,4.606,4.792,4.966,5.163,5.323,5.493,5.663,5.833,6.013,6.188,6.369,6.541,6.710,6.903,7.091,7.267,7.435,7.603,7.770,7.907,8.072,8.181,8.397,8.558,8.730,8.918,9.085,9.264,9.427,9.611,9.775,9.954,10.148,10.302,10.494,10.668,10.846,11.029,11.190,11.596,11.783,12.035,
2,74,0.205,0.397,0.548,0.691,0.844,0.997,1.148,1.297,1.437,1.584,1.724,1.866,2.015,2.158,2.307,2.457,2.598,2.741,2.898,3.057,3.207,3.344,3.519,3.693,3.899,4.051,4.227,4.399,4.555,4.705,4.867,5.040,5.198,5.361,5.538,5.699,5.864,6.046,6.194,6.352,6.517,6.716,6.917,7.056,7.212,7.384,7.563,7.750,7.924,8.091,8.271,
2,75,0.109,0.288,0.447,0.626,0.821,0.961,1.126,1.296,1.468,1.655,1.808,1.974,2.155,2.328,2.500,2.687,2.893,3.056,3.212,3.404,3.606,3.752,3.962,4.110,4.284,4.451,4.644,4.815,4.995,5.151,5.333,5.491,5.664,5.849,6.019,6.194,6.370,6.533,6.692,6.821,7.031,7.202,7.362,7.524,7.694,7.855,8.016,8.197,8.396,8.551,8.719,8.896,9.046,9.188,9.368,9.544,9.698,9.857,10.030,10.193,10.371,10.545,10.703,10.869,11.041,11.228,11.397,11.575,11.740,11.898,12.067,12.226,12.398,12.546,12.702,12.856,12.994,13.190,13.348,13.515,13.683,13.853,
2,76,0.114,0.287,0.477,0.647,0.828,1.015,1.189,1.378,1.526,1.695,1.861,2.042,2.209,2.379,2.563,2.717,2.896,3.066,3.232,3.408,3.583,3.775,3.938,4.146,4.292,4.534,4.691,4.867,5.055,5.235,5.414,5.597,5.788,5.970,6.167,6.342,6.534,6.714,6.898,7.083,7.241,7.432,7.617,7.799,7.964,8.148,8.316,8.499,8.679,8.841,9.015,9.186,9.343,9.533,9.698,9.870,10.033,10.198,10.383,10.568,10.728,
2,77,0.210,0.388,0.568,0.708,0.865,1.049,1.219,1.399,1.576,1.746,1.913,2.076,2.272,2.428,2.615,2.794,2.947,3.156,3.294,3.475,3.643,3.814,3.985,4.157,4.320,4.494,4.657,4.835,4.994,5.176,5.343,5.524,5.699,5.853,6.039,6.224,
2,78,0.076,0.249,0.402,0.570,0.722,0.899,1.048,1.214,1.399,1.543,1.692,1.862,2.026,2.192,2.369,2.553,2.717,2.907,3.068,3.252,3.407,3.576,3.731,3.898,4.061,4.219,4.401,4.564,4.741,4.901,5.071,5.245,5.401,5.587,5.785,5.970,6.150,6.298,6.461,6.654,6.842,7.019,7.193,7.360,7.543,7.729,7.920,8.107,8.306,8.472,8.650,8.825,9.020,9.214,9.390,9.584,9.770,9.954,10.140,10.308,10.720,10.894,11.078,11.274,11.448,11.638,11.811,12.021,12.219,12.405,
2,79,0.147,0.313,0.485,0.657,0.829,1.037,1.217,1.398,1.534,1.700,1.861,2.015,2.168,2.334,2.481,2.649,2.790,2.965,3.149,3.305,3.468,3.649,3.829,4.016,4.216,4.364,4.526,4.686,4.818,4.978,5.150,5.372,5.495,5.653,5.830,5.995,6.180,6.357,6.544,6.729,6.904,7.081,7.277,7.457,7.611,7.792,7.955,8.151,8.283,8.492,8.669,8.837,9.001,9.166,9.336,9.519,9.662,9.845,10.019,10.179,10.352,10.546,10.769,11.136,11.323,
2,80,0.045,0.183,0.323,0.472,0.618,0.763,0.907,1.046,1.198,1.356,1.514,1.647,1.791,1.968,2.127,2.298,2.446,2.616,2.764,2.915,3.073,3.217,3.361,3.518,3.673,3.838,4.015,4.158,4.318,4.688,4.851,5.019,5.191,5.363,5.538,5.701,5.869,6.043,6.220,
2,81,0.030,0.203,0.368,0.534,0.688,0.863,1.017,1.176,1.335,1.496,1.667,1.828,1.994,2.157,2.318,2.478,2.648,2.816,2.976,3.148,3.306,3.474,3.648,3.802,3.973,4.148,4.311,4.484,4.648,4.826,4.982,5.149,5.327,5.487,5.649,5.832,6.016,6.166,6.343,6.500,6.662,6.840,7.016,7.176,7.333,7.517,7.670,7.835,8.017,8.175,8.348,8.517,8.685,8.867,9.027,9.185,9.344,9.517,9.678,9.835,9.988,10.156,10.322,10.481,10.651,10.785,10.951,11.121,11.275,11.443,11.599,11.769,
2,82,0.175,0.343,0.501,0.681,0.831,1.017,1.172,1.323,1.493,1.653,1.816,1.972,2.151,2.312,
2,83,0.171,0.330,0.492,0.650,0.825,0.985,1.150,1.321,1.472,1.638,1.802,1.965,2.146,2.309,
2,84,0.028,0.169,0.362,0.529,0.690,0.852,1.026,1.180,1.337,1.487,1.663,1.811,1.979,2.146,2.300,2.474,2.646,2.789,2.955,3.122,3.287,3.443,3.616,3.763,3.926,4.117,4.264,4.441,4.607,4.764,4.924,5.089,5.252,5.370,5.564,5.718,5.898,6.063,6.238,6.398,6.574,6.732,6.898,7.030,7.215,7.356,7.525,7.688,7.854,8.022,8.159,8.361,8.528,8.691,8.876,9.019,9.194,9.367,9.548,9.733,9.900,10.068,10.208,10.400,10.551,10.709,10.900,11.039,11.205,11.400,11.549,11.714,11.904,12.042,12.227,12.401,12.574,12.733,
2,85,0.038,0.203,0.385,0.572,0.723,0.874,1.036,1.197,1.362,1.529,1.689,1.850,1.999,2.170,2.343,2.520,2.678,2.865,3.026,3.202,3.387,3.535,3.724,3.887,4.064,4.234,4.402,4.579,4.750,4.913,5.094,5.271,5.422,5.605,5.771,5.927,6.107,6.284,6.461,6.627,6.804,6.986,7.170,7.348,7.534,7.715,7.899,8.066,8.252,8.418,8.606,8.785,8.943,9.139,9.297,9.490,9.664,9.854,10.045,10.225,
2,86,0.121,0.299,0.471,0.647,0.808,1.002,1.165,1.350,1.521,1.724,1.898,2.066,2.249,2.428,2.648,2.807,2.999,3.195,3.368,3.554,3.732,3.930,4.114,4.303,
3,1,0.035,0.183,0.332,0.484,0.635,0.781,0.941,1.094,1.246,1.405,1.558,1.711,1.865,2.019,2.172,2.336,2.493,2.658,2.816,2.969,3.136,3.296,3.460,3.616,3.777,3.917,4.085,4.270,4.450,4.608,4.781,4.975,5.158,5.351,5.555,5.718,5.914,6.109,6.305,6.524,6.685,6.937,7.114,7.281,7.475,7.669,7.856,8.048,8.219,8.401,8.576,8.752,8.935,9.101,9.279,9.443,9.606,9.776,9.946,10.124,
3,2,0.060,0.201,0.348,0.460,0.616,0.777,0.922,1.066,1.209,1.342,1.495,1.648,1.777,1.918,2.064,2.212,2.360,2.515,2.649,2.790,2.978,3.117,3.278,3.431,3.585,3.749,3.899,4.033,4.149,4.286,4.466,4.674,4.854,5.016,5.169,5.338,5.517,5.715,5.900,6.046,6.210,
3,3,0.101,0.273,0.425,0.587,0.773,0.912,1.063,1.236,1.371,1.500,1.655,1.825,1.961,2.109,2.290,2.444,2.605,2.774,2.923,3.092,3.236,3.403,3.556,3.702,3.851,4.025,4.161,4.309,4.458,4.600,4.749,4.895,5.043,5.211,5.365,5.525,5.662,5.808,5.953,6.101,6.242,6.415,6.597,6.769,6.944,7.097,7.276,7.479,7.660,7.845,8.027,8.219,8.410,8.595,8.777,8.960,9.144,9.299,9.461,9.661,9.811,9.985,10.144,
3,4,0.045,0.228,0.403,0.578,0.736,0.934,1.110,1.284,1.454,1.651,1.824,2.001,2.175,2.353,2.521,2.691,2.859,3.028,3.188,3.350,3.497,3.783,3.955,4.135,4.303,4.477,4.650,4.825,4.992,5.172,5.354,5.519,5.717,5.895,6.103,6.287,6.467,6.643,6.829,7.020,7.205,7.387,7.572,7.770,7.937,8.077,8.270,8.435,8.604,8.774,8.952,9.137,9.313,9.476,9.638,9.810,9.970,10.148,10.323,10.493,10.670,10.833,11.022,11.205,11.392,11.554,11.705,11.892,12.078,12.272,12.406,12.611,12.802,12.966,13.114,13.287,13.463,
3,5,0.064,0.228,0.391,0.537,0.686,0.841,1.002,1.161,1.329,1.492,1.659,1.820,1.979,2.142,2.349,2.529,2.709,2.893,3.058,3.235,3.410,3.576,3.742,3.920,4.110,4.294,4.474,4.671,4.873,5.059,5.249,5.430,5.619,5.805,5.964,6.144,6.323,6.498,6.708,6.895,7.080,7.273,7.463,7.660,7.843,8.034,8.262,
3,6,0.150,0.284,0.439,0.583,0.733,0.900,1.051,1.209,1.363,1.520,1.673,1.828,1.981,2.151,2.277,
3,7,0.039,0.143,0.349,0.523,0.652,0.818,0.971,1.097,1.308,1.466,1.640,1.791,1.988,2.150,2.294,2.443,2.597,2.752,2.910,3.063,3.234,3.397,3.564,3.741,3.891,4.041,4.183,4.356,4.525,4.673,4.829,4.990,5.159,5.320,5.497,5.654,5.810,5.985,6.142,
3,8,0.034,0.178,0.324,0.468,0.594,0.767,0.896,1.032,1.232,1.384,1.527,1.697,1.856,2.018,2.188,2.342,2.518,2.662,2.834,2.995,3.157,3.322,3.478,3.635,3.791,3.941,4.100,4.272,4.422,4.583,4.769,4.896,5.058,5.226,5.405,5.586,5.723,5.944,6.125,6.312,6.484,6.646,6.809,6.984,7.151,7.332,7.496,7.687,7.854,8.048,8.217,8.401,8.566,8.742,8.946,9.141,9.332,9.521,9.700,9.915,10.112,10.284,10.454,10.639,10.821,11.000,11.203,11.389,11.564,11.904,12.082,12.334,12.475,12.643,
3,9,0.078,0.262,0.427,0.605,0.776,0.918,1.057,1.219,1.408,1.583,1.763,1.977,2.173,2.359,2.525,2.715,2.897,3.058,3.264,3.422,3.625,3.834,3.995,4.158,4.345,4.536,4.702,4.872,5.046,5.209,5.371,5.545,5.715,5.898,6.096,6.269,6.460,6.649,6.839,7.015,7.196,7.362,7.543,7.725,7.899,8.080,8.243,8.444,8.650,8.833,9.017,9.180,9.335,9.517,9.685,9.845,10.020,10.183,10.343,10.499,10.656,10.812,10.992,11.151,11.292,11.445,11.603,11.783,
3,10,0.138,0.316,0.493,0.663,0.855,1.022,1.199,1.363,1.526,1.696,1.874,2.185,2.361,2.520,2.692,2.858,3.020,3.178,3.327,3.483,3.653,3.820,3.985,4.137,4.298,4.490,4.664,5.036,5.236,5.395,5.558,5.730,5.905,6.066,6.242,6.419,6.590,6.772,6.936,7.112,7.279,7.457,7.568,7.779,7.990,8.168,8.348,8.526,8.695,8.872,9.054,9.238,9.426,9.621,9.800,9.993,10.213,10.373,10.557,10.731,10.897,11.085,11.274,11.431,11.614,11.781,11.950,12.113,12.275,12.490,12.582,12.697,12.858,13.069,13.275,13.415,
3,11,0.115,0.275,0.414,0.564,0.705,0.843,0.984,1.117,1.242,1.392,1.540,1.679,1.822,1.968,2.118,2.276,2.415,2.553,2.701,2.849,3.001,3.150,3.296,3.461,3.594,3.748,3.903,4.050,4.207,
3,12,0.082,0.232,0.366,0.487,0.650,0.792,0.916,1.064,1.198,1.334,1.470,1.611,1.745,1.896,2.045,2.190,2.348,2.518,2.654,2.783,2.968,3.137,3.288,3.453,3.587,3.769,3.910,4.053,4.219,4.364,4.548,4.696,4.859,5.023,5.321,5.491,5.647,5.814,5.964,6.136,6.287,6.440,6.608,6.770,6.916,7.086,7.240,7.420,7.570,7.739,7.896,8.062,8.221,8.387,8.555,8.706,8.894,9.082,9.233,9.432,9.579,9.735,9.895,10.063,10.231,
3,13,0.056,0.203,0.365,0.523,0.674,0.826,0.985,1.143,1.285,1.444,1.619,1.773,1.921,2.071,2.223,2.344,2.738,2.903,3.055,3.217,3.372,3.531,3.702,3.871,4.042,4.205,4.370,4.528,4.700,4.872,5.025,5.181,5.341,5.525,5.706,5.859,6.029,6.196,6.362,6.546,6.706,6.861,6.975,7.172,7.361,7.524,7.702,7.857,8.026,8.194,8.370,8.564,8.751,8.923,9.101,9.279,9.460,9.651,9.816,9.995,10.156,10.329,10.514,10.693,10.895,11.055,11.239,11.436,11.615,11.798,11.978,12.145,12.296,
3,14,0.150,0.318,0.487,0.653,0.822,0.997,1.166,1.331,1.495,1.676,1.840,2.017,2.196,
3,15,0.051,0.234,0.416,0.599,0.768,0.941,1.099,1.268,1.436,1.604,1.775,1.929,2.085,2.251,2.438,2.627,2.803,2.970,3.144,3.319,3.486,3.660,3.835,4.019,4.179,4.358,4.530,4.692,4.855,5.020,5.204,5.371,5.552,5.729,5.918,6.096,6.270,6.447,6.625,6.810,6.981,7.172,7.320,7.521,7.693,7.888,8.073,8.271,8.417,8.621,8.818,9.022,9.195,9.356,9.522,9.672,9.868,10.044,10.244,10.426,10.606,10.790,10.970,11.159,11.327,11.494,11.671,11.861,12.053,12.223,12.390,12.555,12.732,12.900,13.078,13.241,
3,16,0.066,0.229,0.416,0.577,0.769,0.965,1.152,1.324,1.516,1.693,1.869,2.053,2.209,2.400,2.546,2.716,2.865,3.051,3.223,3.405,3.580,3.736,3.900,4.044,4.217,4.401,4.562,4.733,4.901,5.064,5.228,5.401,5.574,5.728,5.892,6.047,6.215,6.402,6.586,6.778,6.973,7.165,7.352,7.529,7.750,7.920,8.122,8.306,8.519,8.694,8.896,9.105,9.279,9.450,9.610,9.794,9.979,10.170,
3,17,0.067,0.238,0.414,0.587,0.766,0.947,1.117,1.289,1.462,1.650,1.814,1.968,2.150,2.304,2.459,2.639,2.802,2.987,3.169,3.331,3.518,3.676,3.876,4.077,4.243,4.444,4.621,4.829,5.018,5.212,5.400,5.594,5.779,5.966,6.150,6.345,6.519,6.652,6.855,7.019,7.184,7.386,7.557,7.738,7.920,8.076,8.243,8.418,8.593,8.777,8.953,9.078,9.248,9.418,9.599,9.788,9.972,10.164,10.320,10.521,10.676,10.856,11.043,11.222,11.403,11.568,11.734,11.901,12.079,
3,18,0.147,0.327,0.492,0.658,0.824,1.025,1.141,1.292,1.442,1.584,1.758,1.924,2.091,2.258,2.412,2.562,2.719,2.895,3.058,3.238,3.396,3.563,3.726,3.896,4.070,4.249,4.420,4.612,4.777,4.954,5.143,5.304,5.499,5.683,5.851,6.025,6.194,6.365,6.523,6.718,6.894,7.047,7.211,7.394,7.562,7.728,7.895,8.060,8.250,8.432,8.612,8.778,8.964,9.127,9.310,9.479,9.645,9.832,10.034,
3,19,0.118,0.275,0.407,0.550,0.705,0.866,1.014,1.178,1.350,1.526,1.679,1.854,2.043,2.229,2.397,2.568,2.765,2.940,3.104,3.277,3.472,3.653,3.858,4.032,4.220,4.416,4.581,4.761,4.901,5.069,5.240,5.419,5.596,5.792,5.971,6.145,6.314,6.512,6.692,6.876,7.053,7.233,7.432,7.645,7.788,7.962,8.123,8.325,8.494,8.676,8.896,9.066,9.263,9.452,9.656,9.921,10.118,10.353,
3,20,0.094,0.244,0.392,0.536,0.696,0.847,0.989,1.143,1.294,1.439,1.598,1.737,1.893,2.034,2.193,
3,21,0.084,0.231,0.400,0.532,0.670,0.827,0.984,1.117,1.287,1.450,1.544,1.785,1.918,2.067,2.230,2.384,2.530,2.686,2.846,3.001,3.159,3.312,3.471,3.635,3.800,3.955,4.121,4.278,4.431,4.604,4.769,4.917,5.078,5.244,5.410,5.568,5.719,5.886,6.042,6.202,6.371,6.544,6.711,6.887,7.042,7.197,7.361,7.520,7.668,7.831,8.004,8.168,
3,22,0.034,0.185,0.327,0.460,0.592,0.743,0.907,1.065,1.218,1.385,1.538,1.693,1.837,1.991,2.162,2.316,2.478,2.635,2.803,2.961,3.124,3.286,3.444,3.622,3.791,3.963,4.112,4.294,4.445,4.610,4.782,4.949,5.113,5.280,5.442,5.615,5.787,5.953,6.121,6.288,6.442,6.606,6.771,6.914,7.067,7.247,7.412,7.577,7.740,7.914,8.083,8.271,
3,23,0.150,0.314,0.484,0.643,0.816,0.983,1.168,1.319,1.476,1.625,1.800,1.950,2.126,2.285,2.441,2.616,2.772,2.941,3.106,3.269,3.433,3.596,3.744,3.904,4.068,4.243,4.403,4.556,4.706,4.875,5.032,5.194,5.360,5.526,5.689,5.843,6.020,6.188,6.366,6.535,6.697,6.875,7.030,7.203,7.364,7.530,7.691,7.866,8.031,8.203,8.388,8.565,8.737,8.897,9.048,9.230,9.398,9.574,9.742,9.928,10.086,10.251,10.413,10.586,10.772,10.928,11.095,11.272,11.427,11.603,11.773,11.896,12.042,
3,24,0.099,0.264,0.446,0.614,0.781,0.961,1.111,1.283,1.444,1.625,1.811,1.985,2.168,2.338,2.515,2.695,2.861,3.047,3.199,3.373,3.538,3.725,3.899,4.045,4.201,4.376,4.523,4.694,4.867,5.016,5.182,5.354,5.498,5.677,5.857,6.036,6.192,
3,25,0.097,0.244,0.411,0.570,0.732,0.889,1.064,1.212,1.359,1.532,1.688,1.853,2.023,2.171,2.340,2.523,2.654,2.820,2.976,3.140,3.305,3.456,3.622,3.796,3.961,4.140,4.274,4.435,4.592,4.774,4.923,5.095,5.252,5.420,5.591,5.731,5.906,6.054,6.211,6.391,6.535,6.701,6.892,7.042,7.221,7.374,7.543,7.725,7.892,8.063,
3,26,0.036,0.183,0.326,0.470,0.619,0.782,0.916,1.062,1.203,1.349,1.511,1.664,1.812,1.976,2.144,2.312,2.466,2.622,2.778,2.945,3.099,3.262,3.427,3.592,3.750,3.925,4.096,4.265,4.425,4.592,4.762,4.918,5.090,5.262,5.435,5.612,5.781,5.946,6.098,6.267,6.409,6.570,6.727,6.897,7.056,7.230,7.397,7.552,7.715,7.897,8.043,8.196,8.344,8.482,8.647,8.781,8.948,9.095,9.252,9.398,9.559,9.731,9.898,10.051,10.207,10.373,10.537,10.698,10.853,11.015,11.183,11.351,11.528,11.698,11.860,12.033,12.197,12.364,12.523,12.686,12.849,13.016,13.192,13.348,13.530,13.669,13.828,13.999,14.154,14.338,14.490,14.680,14.857,15.020,15.206,15.366,15.537,15.688,15.872,16.035,16.225,16.437,
