0,1,,
0,1,0.267,0.417,0.574,0.732,0.901,1.069,1.232,1.401,1.559,1.716,1.885,2.047,2.211,2.377,2.539,2.701,2.861,3.019,3.184,3.348,3.502,3.650,3.810,3.971,4.120,4.287,4.465,4.557,4.716,4.797,4.864,4.959,5.119,5.270,5.343,5.430,5.499,5.596,5.667,5.770,5.846,5.933,6.020,6.099,6.178,6.270,6.344,6.438,6.520,6.610,6.698,6.788,6.887,6.961,7.053,7.147,7.224,7.329,7.521,7.637,7.823,7.887,8.065,8.227,8.397,8.570,8.771,8.938,9.115,9.298,9.466,9.612,9.728,9.859,9.965,10.087,10.287,10.373,10.502,10.580,10.772,10.938,11.066,11.157,11.335,11.503,11.668,11.856,12.033,12.204,12.390,12.580,12.773,12.959,13.153,13.341,13.524,13.700,13.874,14.049,
0,1,,
0,1,0.281,0.443,0.615,0.794,0.979,1.164,1.343,1.525,1.715,1.897,2.086,2.269,2.463,2.643,2.833,3.023,3.202,3.394,3.585,3.780,3.971,
1,1,0.319,0.489,0.650,0.829,0.999,1.183,1.359,1.527,1.693,1.850,2.045,2.219,2.397,2.579,2.750,2.931,3.124,3.307,3.498,3.691,3.898,4.082,4.280,4.483,4.674,4.899,5.090,5.284,5.496,5.698,5.899,6.085,6.284,6.487,6.678,6.900,7.076,7.273,7.467,7.663,7.852,8.046,8.241,8.423,8.614,8.818,9.024,9.217,9.414,9.625,9.831,10.036,10.225,10.433,10.617,10.807,11.018,11.220,11.408,11.601,11.805,12.002,12.205,12.406,12.621,12.823,13.023,13.228,13.426,13.636,13.837,14.027,14.220,14.434,14.637,14.826,15.024,15.208,15.417,15.616,15.814,16.024,16.231,16.439,16.645,16.845,17.034,17.232,17.442,17.638,17.832,18.034,18.241,18.447,18.653,18.869,19.081,19.285,19.522,19.719,19.938,20.139,20.342,20.546,20.747,20.959,21.165,21.368,21.582,21.789,22.023,22.226,22.429,22.640,22.841,23.044,23.250,23.452,23.669,23.875,24.068,24.293,24.540,24.716,
1,2,0.200,0.392,0.559,0.740,0.923,1.106,
1,3,0.268,0.436,0.635,0.820,1.001,1.181,1.361,1.549,1.742,1.928,2.119,2.307,2.519,2.684,2.875,3.066,3.269,3.445,3.636,3.813,3.996,4.193,4.386,4.561,4.770,4.937,5.137,5.317,5.520,5.712,5.919,6.101,6.286,6.487,6.665,6.851,7.025,7.199,7.418,7.604,7.784,7.972,
1,4,0.252,0.416,0.599,0.786,0.977,1.162,1.346,1.547,1.734,1.930,2.107,2.274,2.453,2.650,2.833,3.033,
1,5,0.194,0.375,0.553,0.724,0.894,1.069,1.249,1.419,1.595,1.768,1.931,2.110,2.294,2.485,2.663,2.838,3.025,3.219,3.402,3.593,3.769,3.937,4.163,4.354,4.555,4.746,4.950,5.143,5.329,5.520,5.697,5.886,6.304,
1,6,0.215,0.400,0.545,0.706,0.877,1.068,
1,7,0.159,0.326,0.514,0.714,0.898,1.084,1.268,1.467,1.655,1.863,2.038,
1,8,0.119,0.300,0.482,0.670,0.855,1.044,1.237,1.421,1.606,1.792,1.978,2.156,2.336,2.526,2.702,2.893,3.061,3.251,3.460,3.664,3.844,4.040,4.221,4.415,4.621,4.823,5.056,5.244,5.443,5.645,5.838,6.041,6.219,
1,9,0.175,0.350,0.525,0.710,0.892,1.045,1.216,1.402,1.579,1.759,1.961,2.158,2.348,2.514,2.689,2.893,3.061,3.246,3.431,3.602,3.778,3.968,4.143,4.340,4.523,4.718,4.911,5.105,5.299,5.492,5.688,5.877,6.065,6.247,6.446,6.617,6.804,6.993,7.196,7.376,7.579,7.761,7.936,8.120,8.307,8.470,8.676,8.859,9.049,9.235,9.429,9.646,9.815,10.019,10.190,10.368,10.539,
1,10,0.049,0.237,0.421,0.650,
1,11,0.207,0.366,0.550,0.766,0.959,1.166,1.364,1.552,1.748,1.942,2.150,2.343,2.535,2.722,2.919,3.115,3.316,3.495,3.696,3.905,4.097,4.286,4.477,4.658,4.844,5.041,5.231,5.420,5.611,5.799,5.992,6.178,6.388,6.581,6.795,6.984,7.188,7.389,7.586,7.790,7.976,8.166,8.368,8.566,8.770,8.950,9.153,9.342,9.538,9.719,9.901,10.080,10.271,10.439,10.613,10.796,10.982,11.154,
1,12,0.218,0.406,0.590,0.782,0.966,1.150,1.311,1.487,1.660,1.846,2.017,2.196,2.361,2.550,2.751,2.952,3.154,3.327,3.517,3.717,3.911,4.087,4.281,4.484,4.677,4.845,5.018,5.194,5.369,5.534,5.712,5.885,6.018,6.166,
1,13,0.073,0.268,0.439,0.651,0.804,1.000,1.173,1.361,1.522,1.707,1.866,2.034,2.201,2.385,2.555,2.797,2.970,3.162,3.336,3.497,3.662,
1,14,0.079,0.242,0.417,0.584,0.775,0.943,1.118,1.279,1.458,1.619,1.788,1.943,2.093,2.259,2.413,2.536,2.684,2.827,2.992,3.142,3.283,3.439,3.584,3.738,3.900,4.048,4.212,4.374,4.533,4.689,4.857,5.029,5.195,5.362,5.522,5.677,5.850,6.026,6.193,6.357,6.523,6.690,6.865,7.029,7.199,7.365,7.524,7.655,7.776,7.905,8.027,8.145,8.262,8.395,8.512,8.622,8.745,8.942,9.095,9.262,9.429,9.596,9.762,9.927,10.083,
1,15,0.074,0.261,0.431,0.603,0.789,0.949,1.120,1.284,1.462,1.645,1.823,1.992,2.159,
1,16,0.092,0.299,0.453,0.618,0.796,0.964,1.150,
1,17,0.117,0.316,0.500,0.688,0.894,1.099,1.301,1.517,1.688,1.897,2.110,2.296,2.486,2.669,2.850,3.031,3.212,3.402,3.593,3.799,3.996,4.207,4.411,4.600,4.827,5.053,5.269,5.468,5.658,5.859,6.056,6.244,6.452,6.643,6.855,7.059,7.251,7.427,7.626,7.819,8.021,8.175,8.378,8.562,8.746,8.947,9.138,9.326,9.529,9.738,9.938,10.124,10.297,10.459,10.657,10.840,11.048,11.215,11.417,11.604,11.797,
1,18,0.099,0.281,0.462,0.657,0.855,1.046,1.236,1.427,1.617,1.802,1.985,2.182,2.391,2.576,2.790,2.986,3.180,3.392,3.582,3.779,3.981,4.199,4.396,4.588,4.775,4.952,5.168,5.340,5.549,5.718,5.926,6.107,6.298,6.492,6.691,6.869,7.074,7.270,
1,19,0.141,0.326,0.528,0.731,0.917,1.111,1.310,1.495,1.688,1.889,2.058,
1,20,0.030,0.216,0.397,0.583,
1,21,0.121,0.313,0.515,0.689,0.898,1.056,1.233,1.409,1.615,1.772,1.958,2.149,2.309,2.516,2.698,2.877,3.073,3.269,3.440,3.670,3.850,4.050,4.242,4.444,4.650,4.835,5.030,5.219,5.404,5.595,5.785,5.983,6.176,6.359,6.538,6.735,6.936,7.134,7.321,7.518,7.699,
1,22,0.093,0.283,0.470,0.651,0.827,1.021,1.221,1.401,1.598,1.789,1.979,2.168,2.343,2.518,2.704,2.843,3.031,3.217,3.496,
1,23,0.180,0.358,0.537,0.706,0.889,1.064,1.244,1.444,1.621,1.817,1.980,2.161,2.351,2.523,2.715,2.901,3.088,3.284,3.482,3.679,3.891,4.060,4.274,4.458,4.664,4.860,5.045,5.236,5.438,5.660,5.835,6.050,6.244,6.444,6.646,6.848,7.055,7.284,7.485,7.684,7.906,8.088,8.283,8.493,8.695,8.875,9.070,9.243,9.429,9.602,9.778,9.955,10.123,10.314,10.534,10.692,10.874,11.021,
1,24,0.230,0.390,0.541,0.725,0.902,1.093,1.241,
1,25,0.154,0.332,0.500,0.666,0.857,1.045,1.222,1.405,1.587,1.775,1.950,2.148,2.302,2.491,2.682,2.911,3.149,3.350,3.559,3.769,3.984,4.198,4.367,4.556,4.738,4.938,5.163,5.356,5.558,5.749,5.964,6.213,
1,26,0.167,0.361,0.552,0.733,0.921,1.116,1.297,1.470,1.648,1.838,2.022,2.189,2.373,2.552,2.741,2.929,3.139,3.313,3.522,3.696,3.889,4.056,4.232,4.420,4.600,4.773,4.944,5.140,5.304,5.485,5.658,5.844,6.024,6.192,
1,27,0.147,0.305,0.480,0.651,0.833,1.021,1.209,1.398,1.579,1.774,1.960,2.148,2.333,2.535,2.730,2.923,3.115,3.312,3.515,3.701,3.899,4.098,4.294,4.478,4.662,4.872,5.065,5.273,5.498,5.683,5.900,6.088,6.282,6.476,6.671,6.900,7.079,7.280,7.691,7.865,8.066,8.268,8.451,8.624,8.806,8.986,9.189,9.363,9.560,9.746,9.947,10.135,10.353,10.534,10.738,10.932,11.136,11.336,11.535,11.734,11.928,12.106,12.301,12.494,12.667,12.853,13.040,13.230,13.453,13.637,13.832,14.028,14.213,14.402,14.577,14.771,14.941,15.150,15.335,15.521,15.710,15.891,16.088,
1,28,0.177,0.331,0.548,
1,29,0.147,0.323,0.514,0.694,0.873,1.061,
1,30,0.079,0.283,0.479,0.664,0.862,1.033,1.227,1.418,1.606,1.786,1.970,2.175,2.369,2.552,2.771,2.961,3.147,3.328,3.540,3.733,3.944,4.142,4.349,4.540,4.746,4.961,5.142,5.341,5.546,5.773,5.974,6.172,6.365,6.559,6.745,6.941,7.140,7.325,7.523,7.715,7.897,8.103,8.287,8.494,8.695,8.894,9.086,9.281,9.484,9.677,9.868,10.086,10.284,10.500,
1,31,0.178,0.348,0.539,0.730,0.926,1.109,1.284,1.475,1.664,1.864,2.060,2.274,2.453,2.645,2.845,3.024,3.187,3.365,3.525,3.688,3.875,4.056,4.244,4.428,4.610,4.798,4.989,5.173,5.392,5.567,5.767,5.965,6.176,6.371,6.573,6.772,6.968,7.161,7.355,7.551,7.744,7.950,8.151,8.394,8.609,8.809,9.000,9.211,9.401,9.595,9.780,9.985,10.180,10.395,10.582,10.773,10.974,11.185,11.408,11.615,11.845,12.043,12.241,12.437,12.650,12.872,13.076,13.299,13.530,13.763,13.963,14.167,14.397,14.596,14.814,15.050,15.276,15.497,15.704,15.918,16.112,16.322,16.518,16.725,16.921,
1,32,0.117,0.328,0.514,0.691,0.895,1.103,1.282,
1,33,0.177,0.375,0.557,0.743,0.937,1.144,1.317,1.514,1.722,1.907,2.078,2.261,2.441,2.645,2.828,3.012,3.199,3.362,3.725,
1,34,0.207,0.423,0.602,0.785,0.988,1.197,1.387,1.574,1.767,1.975,2.169,2.345,2.533,2.719,2.902,3.140,3.302,3.518,3.689,3.885,4.101,4.300,4.519,4.713,4.914,5.124,5.313,5.487,5.698,5.886,6.076,6.270,6.438,6.626,6.811,7.003,7.174,7.358,7.544,7.717,8.080,8.387,8.667,8.845,9.065,9.204,9.400,9.554,9.743,9.907,10.070,10.272,10.411,
1,35,0.091,0.236,0.398,0.570,0.747,0.933,1.112,1.282,1.464,1.652,1.814,1.993,2.207,2.396,2.584,2.762,2.942,3.143,3.330,
1,36,0.045,0.239,0.415,0.587,
1,37,0.139,0.298,0.484,0.662,0.835,1.023,1.189,1.350,1.523,1.668,1.812,1.978,2.158,2.341,2.531,2.704,2.905,3.106,3.278,3.470,3.661,3.849,4.035,4.229,4.409,4.612,4.793,4.976,5.162,5.342,5.525,5.705,5.874,
1,38,0.124,0.304,0.477,0.651,0.819,0.994,1.189,1.366,1.533,1.742,1.918,
1,39,0.071,0.249,0.444,0.617,0.792,0.990,1.179,1.336,1.538,1.721,1.896,2.080,2.271,2.464,2.644,2.837,3.033,3.210,3.401,3.596,3.775,3.952,4.147,4.314,4.501,4.683,4.868,5.055,5.237,5.429,5.602,5.807,5.987,6.173,6.356,6.537,6.727,6.911,7.097,7.295,7.475,7.646,7.834,
1,40,0.145,0.329,0.497,0.685,0.863,1.043,1.244,1.420,1.608,1.804,1.992,2.180,2.366,2.565,2.771,2.921,3.111,3.315,3.500,3.671,3.888,4.058,4.248,4.444,4.622,4.821,5.022,5.189,5.374,5.556,
1,41,0.162,0.343,0.516,0.693,0.857,
1,42,0.040,0.239,0.425,0.591,0.779,0.964,1.149,1.340,1.527,1.701,1.875,2.054,2.248,2.426,2.584,2.751,2.936,3.121,3.334,3.510,3.697,3.893,4.081,4.281,4.471,4.657,4.848,5.052,5.247,5.443,5.644,5.838,6.024,6.213,6.395,6.586,6.783,
1,43,0.115,0.307,0.490,0.666,0.847,1.027,1.200,1.396,1.578,1.772,
1,44,0.150,0.326,0.517,0.691,0.877,1.065,1.242,1.430,1.618,1.811,1.990,2.151,
1,45,0.113,0.309,0.491,0.685,0.868,1.051,1.265,1.425,1.627,1.825,2.030,2.219,2.399,2.591,2.781,2.979,3.181,3.375,3.571,3.767,3.957,4.150,4.354,4.556,4.734,4.920,5.110,5.301,5.488,5.673,5.869,6.069,6.243,6.426,6.608,6.801,6.981,
1,46,0.168,0.351,0.523,0.695,0.867,1.043,1.234,1.416,1.605,1.781,1.977,2.175,2.359,2.539,2.740,2.930,3.116,3.321,3.492,3.682,3.862,4.062,4.271,4.442,4.627,4.810,5.037,5.223,5.407,5.599,5.788,5.969,6.152,6.346,6.535,6.729,6.920,7.110,7.301,7.490,7.681,7.863,8.041,
1,47,0.127,0.322,0.515,0.687,0.899,1.074,1.265,1.463,1.680,1.844,2.036,2.229,2.425,2.614,2.803,3.016,3.217,3.403,3.611,3.810,4.017,4.218,4.409,4.604,4.812,5.027,5.223,5.426,5.642,5.831,6.033,6.223,6.401,6.593,6.788,6.972,7.178,7.385,7.570,7.768,7.962,8.160,8.359,8.568,8.786,8.965,9.161,9.374,9.571,9.786,9.971,10.162,
1,48,0.106,0.291,0.481,0.660,0.851,1.027,1.224,1.418,1.618,1.802,2.024,2.195,2.369,2.560,2.774,2.950,3.141,3.331,3.528,3.719,3.902,4.089,4.284,4.476,4.673,4.860,5.063,5.282,5.482,5.670,5.857,6.049,6.235,6.431,6.604,6.797,6.988,7.170,7.351,7.544,7.736,7.929,8.117,8.319,8.513,8.656,
1,49,0.190,0.374,0.547,0.728,0.888,1.057,1.247,1.449,1.638,1.800,1.986,2.191,2.376,2.553,2.772,2.955,3.146,3.337,3.522,3.696,3.896,4.087,4.280,4.485,4.650,4.845,5.023,5.217,5.447,5.640,5.815,6.024,6.202,6.390,6.596,6.826,7.001,7.203,7.391,7.584,7.790,7.991,8.185,8.395,8.563,8.752,8.930,9.123,9.328,9.532,9.759,9.959,10.153,10.332,10.541,10.776,10.936,11.120,11.316,11.519,11.749,11.909,12.105,12.314,12.498,12.685,12.893,
1,50,0.070,0.252,0.415,0.585,0.749,0.939,1.114,1.285,1.457,1.651,1.814,1.992,2.157,2.355,2.533,2.734,2.923,3.105,3.291,3.462,3.635,3.815,
1,51,0.037,0.219,0.415,0.602,0.805,0.995,1.195,1.388,1.559,1.738,1.926,2.138,2.328,2.499,2.687,2.852,3.073,3.298,3.543,3.773,3.988,4.226,4.445,4.695,4.947,5.209,5.452,5.692,5.934,6.174,6.432,6.672,6.911,7.148,7.367,7.615,7.857,8.117,8.318,8.525,8.711,8.943,9.173,9.392,9.590,9.814,10.046,10.276,10.509,10.727,11.019,
1,52,0.052,0.252,0.459,0.647,0.817,1.040,1.240,1.446,1.652,1.866,2.084,2.284,2.524,2.733,2.974,3.203,3.427,3.641,
1,53,0.157,0.366,0.597,0.793,1.017,1.240,1.451,1.661,1.877,2.110,2.340,2.564,2.794,3.025,3.268,3.587,
1,54,0.042,0.270,0.490,0.708,0.927,1.193,1.413,1.647,1.863,2.077,2.295,2.514,2.764,2.972,3.196,3.430,3.651,3.898,4.118,4.339,4.569,4.796,5.036,5.236,5.483,5.696,5.925,6.149,
1,55,0.163,0.369,0.578,0.785,0.983,1.161,1.400,1.596,1.803,2.017,2.191,2.414,2.618,2.824,3.034,3.272,3.459,3.676,3.885,4.099,4.330,4.529,4.734,4.970,5.192,5.424,5.651,5.854,6.233,6.442,6.649,6.886,7.122,7.352,7.579,7.824,8.057,8.317,8.549,8.796,9.037,9.271,9.521,9.750,9.979,10.221,10.467,10.678,10.908,
1,56,0.097,0.307,0.537,0.771,
1,57,0.230,0.464,0.674,
1,58,0.151,0.347,0.535,0.746,0.911,1.110,1.283,1.456,1.634,1.820,1.990,
1,59,0.160,0.366,0.549,0.741,0.926,1.109,1.295,1.490,1.676,1.852,2.052,2.247,2.437,2.624,2.800,2.979,3.158,3.349,3.527,3.713,3.896,4.085,4.263,4.453,4.618,4.786,4.995,5.203,5.407,5.588,5.797,6.021,6.199,6.397,6.573,6.764,6.927,7.111,7.297,7.485,7.704,7.914,8.107,8.318,
1,60,0.067,0.245,0.440,0.601,0.816,0.978,1.185,
1,61,0.086,0.294,0.469,
1,62,0.033,0.230,0.413,0.596,0.771,0.950,1.117,1.306,1.480,1.655,1.832,2.018,2.204,2.405,2.583,2.772,2.954,3.151,3.343,3.536,
1,63,0.030,0.208,0.396,0.595,0.798,1.013,
1,64,0.170,0.348,0.546,0.742,0.951,
1,65,0.175,0.364,0.563,
1,66,0.069,0.273,0.463,0.653,0.825,0.997,1.174,1.346,1.520,1.694,1.883,
1,67,0.181,0.400,0.581,0.777,0.975,1.160,1.354,1.551,1.738,1.947,2.139,2.319,2.518,2.717,2.920,3.111,3.329,
1,68,0.199,0.411,0.609,0.800,0.978,1.184,1.388,1.584,1.785,1.985,
1,69,0.185,0.410,0.604,0.785,0.988,1.171,
1,70,0.106,0.309,0.500,0.686,0.872,1.070,1.247,1.455,1.655,1.861,2.051,2.265,2.470,2.659,2.859,3.062,3.247,3.432,3.624,
1,71,0.229,0.421,0.593,0.774,0.960,1.141,1.341,1.542,1.731,1.912,2.110,2.306,2.508,2.709,2.907,3.107,3.288,3.482,3.680,3.892,4.069,4.276,4.454,4.643,4.818,5.009,5.188,5.361,5.543,5.747,5.940,6.143,6.323,
1,72,0.210,0.401,0.569,0.768,0.952,1.135,1.293,1.518,1.697,1.874,2.065,2.237,2.446,2.664,2.854,3.029,3.233,3.409,
1,73,0.158,0.343,0.526,0.717,0.896,1.079,1.276,1.488,1.669,1.854,2.061,2.247,2.444,2.650,2.839,3.031,3.239,3.432,3.625,3.781,
1,74,0.198,0.397,0.572,0.752,0.946,1.154,1.346,1.532,1.730,1.904,2.087,
1,75,0.190,0.365,0.555,0.743,0.910,1.117,1.311,1.490,1.674,1.870,2.071,2.262,2.442,2.643,2.842,3.030,3.242,3.429,3.643,3.850,4.067,4.263,4.463,4.667,4.852,5.026,5.208,5.397,5.587,5.771,5.951,
1,76,0.101,0.284,0.468,0.656,0.850,1.036,1.213,1.401,1.592,1.761,1.959,
1,77,0.143,0.343,0.526,0.727,0.929,1.118,1.327,1.519,1.698,1.886,2.089,2.301,2.473,2.666,2.852,3.056,3.270,3.427,3.637,3.816,4.020,4.213,4.411,4.603,4.781,4.978,5.163,5.363,5.578,5.775,5.960,6.164,6.364,6.539,6.746,6.909,7.111,7.285,7.474,7.646,7.865,8.038,8.233,8.406,8.619,8.806,8.997,9.183,9.370,9.557,9.730,9.931,10.121,10.289,10.474,10.661,10.825,10.991,
1,78,0.033,0.222,0.422,0.615,
1,79,0.152,0.299,0.474,0.644,0.812,0.986,1.178,1.349,1.526,1.706,1.904,2.102,2.280,2.470,2.648,2.830,3.045,3.244,3.433,3.605,3.873,4.066,4.274,4.468,4.663,4.891,5.104,5.281,5.492,5.695,5.888,6.077,6.275,6.521,6.684,6.871,7.068,7.247,7.428,7.612,7.795,8.022,8.187,8.389,8.588,8.798,
1,80,0.153,0.338,0.524,0.702,0.891,1.094,1.295,1.476,1.665,1.866,2.069,2.249,2.420,2.641,2.848,3.013,3.211,3.415,3.615,3.807,4.021,4.225,4.451,4.655,4.852,5.036,5.241,5.460,5.647,5.808,6.041,6.244,6.442,6.647,6.832,7.043,7.260,7.473,7.667,7.858,8.062,8.274,8.484,8.683,8.894,9.110,9.300,9.511,9.722,9.931,10.145,10.353,10.568,10.795,10.986,11.158,
1,81,0.046,0.242,0.409,0.563,0.741,0.909,1.079,1.251,1.422,1.614,1.830,2.002,2.195,2.399,2.582,2.771,2.940,3.138,3.340,3.537,3.723,3.916,4.104,4.292,4.522,4.700,4.907,5.096,5.303,5.522,5.693,5.927,
1,82,0.192,0.394,0.549,0.732,0.920,1.111,1.288,1.476,1.668,1.895,2.042,2.225,2.415,2.620,2.815,3.015,3.204,3.395,3.563,
1,83,0.106,0.290,0.473,0.648,0.810,1.015,
1,84,0.141,0.323,0.517,0.687,0.889,1.073,1.267,1.438,1.622,1.800,1.990,2.164,2.360,2.541,2.729,2.915,3.093,3.275,3.453,3.627,3.815,4.001,4.179,4.356,4.568,4.751,4.940,5.159,5.362,5.563,5.769,5.962,6.167,6.370,6.563,6.749,6.937,7.143,7.353,7.527,
1,85,0.164,0.355,0.556,0.793,0.984,1.192,1.407,1.598,1.819,2.039,2.253,2.482,2.713,2.915,3.145,3.366,3.578,3.796,4.021,4.241,4.460,4.674,4.895,5.083,5.339,5.545,5.770,5.960,6.182,6.400,6.646,6.903,7.101,
1,86,0.206,0.430,0.620,
1,87,0.097,0.290,0.477,0.700,0.917,1.114,1.335,1.563,1.778,2.025,2.229,2.465,2.685,2.902,3.142,3.366,3.656,3.964,4.248,4.526,4.848,5.115,5.407,5.718,6.012,6.320,6.643,6.922,7.244,7.543,7.873,8.175,8.480,8.778,
1,88,0.124,0.396,0.609,0.849,1.076,1.287,1.556,
1,89,0.238,
1,90,0.179,0.401,0.591,0.837,1.036,1.244,1.443,1.637,1.838,2.018,2.208,2.429,2.635,2.833,3.044,3.250,3.444,3.653,3.834,4.019,4.177,4.347,4.537,4.715,4.886,5.249,5.486,5.746,5.971,6.198,6.420,6.660,6.912,7.137,7.371,7.595,7.812,8.038,8.224,8.429,
1,91,0.089,0.310,0.527,0.733,0.916,
1,92,0.056,0.274,0.499,0.774,0.960,1.197,1.448,1.662,1.940,2.182,2.441,2.652,2.892,3.108,3.343,3.555,
1,93,0.065,0.287,0.495,0.697,
1,94,0.209,0.426,0.658,0.897,1.095,1.322,1.554,1.793,2.023,2.281,2.483,2.702,2.916,3.119,3.318,3.718,3.924,4.141,4.352,4.571,4.775,4.970,5.188,5.392,5.620,5.842,6.068,6.275,6.501,6.730,6.954,7.176,7.393,7.559,7.789,8.053,8.260,8.473,8.697,8.893,9.108,
1,95,0.214,0.425,0.640,0.846,1.050,1.269,1.472,1.680,1.886,2.114,2.352,2.555,2.780,2.987,3.233,3.447,3.648,3.866,4.090,4.299,4.520,4.745,4.964,5.183,5.398,5.585,5.815,6.052,6.271,6.498,6.730,6.965,7.187,7.413,7.639,7.857,8.089,8.290,8.522,8.729,8.972,9.198,9.410,9.640,9.819,10.056,
1,96,0.162,0.355,0.561,0.771,0.959,1.164,1.402,1.554,1.768,1.992,2.176,2.385,2.606,2.825,3.022,3.223,3.424,3.626,3.807,4.019,4.226,4.427,4.651,4.870,5.086,5.280,5.520,5.700,5.920,6.113,6.363,6.543,6.777,6.985,7.210,7.438,7.683,7.921,8.144,8.410,8.598,
1,97,0.091,0.338,0.528,0.727,0.937,1.138,1.349,1.563,1.772,1.976,
1,98,0.100,0.305,0.512,0.699,0.895,1.111,1.301,1.512,1.729,1.952,2.169,2.400,2.605,2.838,3.035,3.263,3.456,3.665,3.873,4.100,4.320,4.549,4.764,4.986,5.217,5.438,5.651,5.898,6.106,6.326,6.538,6.765,6.965,7.167,7.377,7.632,7.814,8.022,8.265,8.474,8.708,8.914,9.149,9.364,9.578,9.770,10.016,10.245,10.454,10.673,10.900,11.102,11.316,11.524,11.733,11.969,12.205,
1,99,0.204,0.416,0.643,0.844,1.065,1.306,1.520,1.747,1.950,2.180,2.415,2.648,2.894,3.096,3.342,3.603,3.826,4.077,4.366,4.562,4.781,5.012,5.207,5.434,5.645,5.859,6.055,6.269,6.499,6.726,6.973,7.208,7.431,7.656,7.896,8.098,
1,100,0.073,0.280,0.492,0.703,0.909,1.121,1.330,1.538,1.764,2.158,2.354,2.570,2.780,2.997,3.212,3.450,3.655,3.898,4.089,4.311,4.555,4.741,4.973,5.198,5.414,5.649,5.861,6.073,6.284,6.516,6.724,6.948,7.178,7.413,7.650,7.853,8.086,8.308,8.524,8.767,8.980,9.208,9.446,9.682,9.902,10.126,10.363,10.590,
1,101,0.089,0.343,0.544,0.729,0.938,1.157,
1,102,0.078,0.289,0.484,0.701,0.915,1.138,1.335,1.544,1.771,1.903,2.138,2.343,2.581,2.775,3.022,3.197,3.440,3.639,3.818,4.026,4.251,4.454,4.662,4.868,5.084,5.299,5.527,5.732,5.957,6.173,6.390,6.614,6.830,7.031,7.245,7.463,7.684,7.894,8.114,8.320,8.524,8.749,8.968,
1,103,0.139,0.347,0.549,0.737,0.946,1.123,1.327,1.549,1.773,1.962,2.166,2.390,2.593,2.802,2.998,3.305,3.442,
1,104,0.189,0.396,0.590,0.779,0.966,1.167,1.397,1.599,1.795,2.002,2.247,2.459,2.673,2.873,3.082,3.299,3.501,3.718,3.952,4.177,4.398,4.664,4.919,5.149,5.344,5.595,5.815,6.066,6.272,6.487,6.704,6.928,7.150,7.368,7.599,7.821,8.037,8.252,8.448,8.658,8.855,9.067,9.267,9.480,9.674,9.895,10.114,
1,105,0.169,0.376,0.570,0.769,0.981,1.158,1.360,1.560,1.773,1.975,
1,106,0.093,0.293,0.468,0.710,
1,107,0.067,0.270,0.446,0.650,0.817,1.017,1.215,
1,108,0.141,0.326,0.500,0.692,0.899,1.099,1.301,1.489,1.688,1.898,
1,109,0.231,0.424,0.614,0.805,0.987,1.192,1.372,1.563,1.772,1.984,2.198,2.396,2.607,2.796,2.997,3.160,3.373,3.553,
1,110,0.226,0.419,0.617,0.811,1.018,1.213,1.417,1.625,1.809,2.018,2.202,2.387,2.560,2.768,2.951,3.174,3.398,3.594,3.831,4.032,4.250,4.447,4.663,4.865,5.086,5.283,5.497,5.705,5.932,6.154,6.387,6.595,6.830,7.020,7.226,7.452,7.663,7.888,8.088,8.325,8.542,8.771,8.972,9.230,9.472,9.682,
1,111,0.061,0.282,0.475,0.717,0.918,1.142,1.352,1.605,1.793,
1,112,0.184,0.372,0.584,0.832,1.061,1.299,1.513,1.763,1.977,
1,113,0.253,0.467,0.660,0.900,1.099,1.352,1.600,1.834,2.071,2.296,2.528,2.768,2.977,3.205,3.449,3.702,3.931,4.174,4.385,4.596,4.818,5.037,5.249,5.467,5.687,5.919,6.116,6.341,6.553,6.770,6.983,7.205,7.439,7.659,7.887,8.110,8.368,8.595,8.820,9.077,
1,114,0.143,0.332,0.535,0.732,0.955,1.172,1.394,1.584,1.781,1.932,2.175,2.394,2.616,2.827,3.047,3.281,3.511,3.737,3.969,4.209,4.418,4.645,4.867,5.088,5.324,5.555,5.803,6.028,6.287,6.516,6.775,7.013,7.239,7.486,7.719,7.956,8.164,8.397,8.599,8.807,9.044,9.264,9.476,9.709,9.910,10.125,10.342,
1,115,0.155,0.389,0.608,0.850,1.056,1.273,1.523,1.740,1.972,2.205,2.421,2.650,2.877,3.096,3.307,3.498,3.774,3.955,4.170,4.391,4.641,4.862,
1,116,0.218,0.422,0.646,0.860,1.085,1.302,1.530,1.751,1.968,2.180,2.412,2.647,2.838,3.045,3.264,3.524,
