0,1,,
0,1,0.208,0.375,0.518,0.650,0.775,0.938,1.082,1.221,1.375,1.525,1.682,1.830,1.986,2.142,2.269,2.395,2.557,2.706,2.873,3.034,3.204,3.365,3.529,3.695,3.861,4.023,4.182,4.351,4.520,4.675,4.853,5.020,5.192,5.365,5.534,5.700,5.869,6.093,6.290,6.552,6.722,6.894,7.060,7.225,7.392,7.565,7.735,7.902,8.066,8.226,8.397,8.577,8.750,8.920,9.100,9.272,9.453,9.619,9.797,9.967,10.146,10.325,
0,1,0.183,0.347,0.518,0.679,0.851,1.022,1.184,1.344,1.533,1.708,1.885,2.048,2.227,2.402,2.558,2.720,2.886,3.029,
0,1,0.135,0.290,0.458,0.622,0.798,0.976,1.149,1.313,1.488,1.655,1.835,2.019,2.201,2.386,2.559,2.718,
1,1,0.056,0.192,0.362,0.531,0.694,0.854,1.022,1.190,1.352,1.516,1.681,1.844,2.025,2.196,2.396,2.546,2.725,2.900,3.062,3.230,3.397,3.572,3.751,3.922,4.107,4.282,4.464,4.647,4.820,5.014,5.180,5.340,5.527,5.713,5.901,6.079,6.251,
1,2,,
1,3,0.122,0.310,0.468,0.645,0.793,0.961,1.125,1.295,1.445,1.617,1.798,1.973,2.156,2.336,2.513,2.693,2.876,3.063,3.263,3.455,3.646,3.807,4.013,4.203,4.371,4.561,4.735,4.919,5.096,5.270,5.446,5.624,5.814,5.998,6.165,6.326,6.476,6.601,6.768,6.929,7.077,7.240,7.341,7.515,7.700,7.864,8.044,8.211,8.399,8.586,8.746,8.931,9.100,9.266,9.429,9.612,9.776,
1,4,0.102,0.281,0.457,0.641,0.797,0.978,1.171,1.350,1.528,1.714,1.911,2.103,2.294,2.470,2.669,2.858,3.040,3.235,3.399,3.605,3.802,3.979,4.142,
1,5,0.266,0.421,0.580,0.748,0.921,1.093,1.291,1.472,1.650,1.843,2.031,2.211,2.400,2.576,2.767,2.923,3.082,3.229,3.434,3.608,3.784,3.972,4.151,4.319,4.518,4.705,4.904,5.104,5.293,5.497,5.684,5.885,6.080,6.269,6.435,6.620,6.801,6.979,7.166,7.350,7.532,7.735,7.922,8.113,8.292,
1,6,0.246,0.369,0.545,0.729,0.894,1.074,1.240,1.431,1.605,1.785,1.954,2.144,2.293,2.458,2.645,2.827,3.033,3.211,3.415,3.645,3.802,3.982,4.152,
1,7,0.029,0.192,0.357,0.530,0.702,0.851,1.037,1.207,1.377,1.547,1.700,1.894,2.059,2.235,2.394,2.597,2.780,2.992,3.181,3.394,3.598,3.761,3.949,4.155,4.353,4.558,4.736,4.898,5.082,5.273,5.461,5.649,5.827,6.012,6.212,
1,8,0.336,0.524,0.693,0.871,0.981,1.110,1.399,1.582,1.768,1.939,2.135,2.352,2.550,2.783,2.972,3.185,3.334,3.566,3.860,4.036,4.235,4.441,4.838,5.037,5.174,5.299,5.451,5.616,5.800,5.990,6.187,6.376,6.555,6.783,6.961,7.187,7.360,7.527,7.703,7.888,8.079,
1,9,0.403,0.547,0.718,0.908,1.061,1.231,1.391,1.581,1.730,1.908,2.067,2.247,2.414,2.582,2.751,2.938,3.100,3.275,3.451,3.642,3.791,3.956,4.126,4.308,4.489,4.662,4.843,5.017,5.195,5.376,5.596,5.762,5.942,6.143,6.303,6.484,6.644,6.809,6.982,7.174,7.346,7.527,7.713,7.869,8.047,8.228,8.395,8.549,8.738,8.924,9.119,9.295,9.489,9.672,9.852,10.033,10.219,10.400,10.585,10.774,10.957,11.125,11.321,11.516,11.712,11.896,12.114,12.309,12.513,12.718,12.913,13.099,13.298,13.495,13.706,13.914,14.114,14.309,14.489,14.711,14.914,15.106,15.293,15.476,15.704,15.898,16.103,
1,10,0.408,0.549,0.722,0.908,1.078,1.263,1.443,1.626,1.820,1.965,2.159,2.330,2.498,2.679,2.869,3.236,3.417,3.601,3.764,3.952,4.148,4.340,4.514,4.712,4.927,5.098,5.312,5.502,5.685,5.898,6.087,6.290,6.482,6.664,6.866,7.035,7.215,7.429,7.599,7.738,7.936,8.107,8.266,8.422,8.578,8.773,8.925,9.098,9.278,9.464,9.650,9.843,10.039,10.222,
1,11,0.197,0.364,0.518,0.705,0.894,1.067,1.241,1.424,1.594,1.776,1.971,2.178,2.395,2.554,2.726,2.942,3.145,3.298,3.474,3.680,3.846,4.082,4.262,4.443,4.646,4.824,5.035,5.214,5.411,5.592,5.804,5.998,6.185,6.400,6.608,6.790,6.997,7.195,7.397,7.597,7.764,7.961,8.154,8.330,8.521,8.719,8.935,9.113,9.331,9.547,9.765,9.967,10.175,
1,12,0.326,0.445,0.639,0.811,0.992,1.164,1.325,1.523,1.710,1.923,2.117,2.303,2.469,2.670,2.840,3.031,3.200,3.391,3.595,3.816,3.980,4.155,4.360,
1,13,0.278,0.430,0.604,0.765,0.931,1.102,1.262,1.423,1.583,1.746,1.903,2.072,2.229,2.369,2.516,2.671,2.841,3.013,3.153,3.299,3.458,3.616,3.770,3.924,4.104,4.278,4.454,4.622,4.797,4.951,5.121,5.291,5.432,5.591,5.779,5.935,6.060,6.265,6.458,6.576,6.733,6.916,7.097,7.265,7.426,7.558,7.765,7.875,8.042,8.236,8.399,8.555,8.745,8.929,9.119,9.313,9.478,9.660,9.833,10.024,10.233,
1,14,,
1,15,0.146,0.296,0.475,0.647,0.815,0.978,1.162,1.325,1.496,1.672,1.852,2.023,2.204,2.397,2.549,2.729,2.898,3.066,3.241,3.412,3.586,3.739,3.923,4.078,4.265,4.530,4.705,4.874,5.022,5.186,5.356,5.535,5.710,5.899,6.048,6.223,6.399,6.578,6.766,6.946,7.114,7.288,7.484,7.689,7.873,8.066,8.267,8.457,8.650,8.821,8.997,9.178,9.360,9.532,9.723,9.933,10.118,10.294,10.492,10.696,10.874,11.062,11.268,11.464,11.657,11.840,12.028,12.224,12.405,12.585,12.736,12.909,13.100,13.323,13.492,13.692,13.874,14.059,14.270,14.449,14.621,14.819,15.020,15.153,15.312,15.485,15.640,15.807,15.971,16.137,16.287,
1,16,0.079,0.283,0.455,0.619,0.780,0.933,1.101,1.293,1.473,1.649,1.824,1.991,2.167,2.375,2.592,2.861,3.085,3.277,3.471,3.650,3.820,4.024,4.207,4.401,4.559,4.717,4.901,5.057,5.247,5.468,5.676,5.899,6.082,6.305,6.518,6.694,6.872,7.085,7.269,7.444,7.635,7.989,8.215,8.404,8.653,8.859,9.034,9.213,9.393,9.603,9.726,9.979,10.187,10.348,10.567,10.752,10.911,11.063,11.243,11.562,11.723,12.043,12.210,12.388,12.550,12.709,12.888,13.056,13.187,13.363,13.522,13.662,13.815,13.966,14.111,14.272,14.405,14.571,14.809,14.941,15.088,15.241,15.389,15.545,15.708,15.865,16.026,16.184,
1,17,0.044,0.228,0.421,0.566,0.740,0.905,1.088,1.272,1.439,1.600,1.794,1.994,2.174,
1,18,0.146,0.301,0.465,0.626,0.811,0.977,1.150,1.342,1.516,1.696,1.874,2.049,2.206,2.397,2.576,2.764,2.946,3.147,3.306,3.478,3.689,3.875,4.043,4.241,4.466,4.672,4.898,5.071,5.265,5.430,5.623,5.807,6.001,6.195,6.399,6.578,6.766,6.961,7.153,7.354,7.535,7.726,7.930,8.092,8.293,8.494,8.729,8.942,9.150,9.333,9.529,9.708,9.908,10.107,10.312,10.499,10.688,10.874,11.071,11.249,11.457,11.671,11.885,12.074,12.268,12.455,12.662,12.853,13.059,13.247,13.444,13.635,13.828,14.036,14.226,
1,19,0.274,0.427,0.610,0.787,0.950,1.126,1.302,1.452,1.641,1.781,1.950,2.141,2.292,
1,20,0.149,0.298,0.466,0.649,0.830,1.016,1.199,1.372,1.549,1.714,1.907,2.095,2.270,2.474,2.656,2.846,3.041,3.222,3.401,3.574,3.768,3.940,4.125,4.334,4.535,4.735,4.922,5.087,5.402,5.592,5.742,5.949,6.088,
1,21,0.224,0.407,0.554,0.724,0.898,1.064,1.237,1.425,1.602,1.783,1.957,2.166,
1,22,0.084,0.240,0.400,0.650,0.847,1.016,1.209,1.373,1.551,1.767,1.949,2.161,2.358,2.534,2.693,2.901,3.098,3.271,3.482,3.674,3.869,4.050,4.218,
1,23,0.181,0.359,0.549,0.730,0.917,1.114,1.294,1.457,1.650,1.843,2.034,2.210,2.415,2.618,2.807,2.995,3.186,3.369,3.569,3.768,3.923,4.106,4.285,4.465,4.649,4.858,5.057,5.245,5.422,5.621,5.803,6.019,6.210,6.398,6.578,6.796,6.991,7.350,7.552,7.770,7.957,8.140,8.344,8.537,8.718,8.893,9.089,9.288,9.487,9.685,9.864,10.072,10.271,10.433,10.638,
1,24,0.220,0.403,0.726,0.917,1.075,1.234,1.410,1.558,1.719,1.900,2.093,2.271,2.420,2.579,2.725,2.901,3.021,3.188,3.316,3.490,3.637,3.783,3.926,4.092,4.268,4.450,4.601,4.788,4.969,5.142,5.299,5.468,5.625,5.813,5.995,6.162,6.345,6.536,6.702,6.886,7.059,7.237,7.396,7.576,7.773,7.947,8.115,8.286,8.433,8.608,8.774,8.928,9.074,9.271,9.435,9.599,9.774,9.938,10.166,10.318,10.521,10.661,10.820,10.981,11.120,11.281,11.420,11.589,11.804,11.937,12.095,12.294,12.488,12.647,12.836,13.032,13.215,13.404,13.606,13.782,13.992,14.211,
1,25,0.187,0.354,0.542,0.724,0.920,1.111,1.310,1.479,1.613,1.805,2.016,2.213,2.397,2.592,2.776,2.961,3.147,3.397,3.498,3.672,3.897,4.073,4.267,4.452,4.648,4.845,5.035,5.233,5.428,5.625,5.816,5.996,6.197,6.408,6.604,6.809,6.997,7.210,7.399,7.606,7.798,7.988,8.181,8.361,8.556,8.731,8.931,9.150,9.355,9.554,9.770,9.935,10.123,
1,26,0.166,0.328,0.501,0.667,0.835,0.995,1.171,1.337,1.517,1.685,1.870,2.064,2.228,2.404,2.574,2.771,2.978,3.151,3.317,3.518,3.685,3.852,4.000,4.194,4.368,4.555,4.734,4.957,5.291,5.496,5.671,5.852,6.034,
1,27,0.172,0.341,0.527,0.692,0.867,1.047,1.208,1.365,1.518,1.681,1.795,1.969,2.125,2.436,2.652,2.827,3.018,3.213,3.362,3.543,3.706,3.885,4.085,4.269,4.480,4.677,4.873,5.051,5.227,5.406,5.578,5.770,5.974,6.140,6.302,6.491,6.690,6.920,7.059,7.247,7.452,7.676,7.874,8.068,8.412,8.671,8.847,9.021,9.198,9.370,9.559,9.772,9.973,10.167,10.363,10.544,10.745,10.952,11.146,11.336,11.540,11.729,11.923,12.114,12.310,12.495,12.680,12.854,13.048,13.236,13.428,13.619,13.822,14.038,14.240,14.420,14.612,14.801,15.024,15.232,15.425,15.641,15.820,
1,28,0.335,0.523,0.732,0.912,1.105,1.270,1.467,1.671,1.861,2.064,2.285,2.496,2.646,2.801,2.990,3.173,3.347,3.637,3.845,4.041,4.203,4.388,4.565,4.775,4.979,5.182,5.370,5.561,5.778,6.022,6.202,
1,29,0.177,0.350,0.534,0.704,0.886,1.061,1.231,1.400,1.571,1.770,1.949,2.115,2.282,2.459,2.646,2.822,3.020,3.187,3.359,3.550,3.726,3.897,4.055,4.232,4.416,4.592,4.771,4.927,5.104,5.271,5.441,5.612,5.791,5.959,6.139,
1,30,0.150,0.321,0.517,0.700,0.870,1.061,1.191,1.386,1.559,1.727,1.913,2.079,2.237,2.401,2.552,2.732,2.912,3.077,3.268,3.433,3.604,3.768,3.944,4.103,
1,31,0.174,0.348,0.543,0.721,0.928,1.110,1.284,1.481,1.690,1.898,2.084,2.275,2.467,2.649,2.849,3.040,3.232,3.419,3.624,3.817,4.036,4.221,4.414,4.612,4.793,4.978,5.167,5.352,5.527,5.719,5.921,6.098,6.292,6.483,6.676,6.871,7.069,7.271,7.443,7.634,7.909,8.096,8.275,8.468,8.657,8.835,8.988,9.162,9.308,9.487,9.662,9.823,10.022,10.203,10.385,10.570,10.742,10.923,11.115,11.311,11.663,11.906,12.113,12.304,
1,32,0.030,0.233,0.422,0.591,0.764,0.951,1.148,1.315,1.514,1.712,1.898,2.075,2.265,2.474,2.680,2.898,3.061,3.249,3.456,3.649,3.854,4.032,4.218,4.429,4.649,4.899,5.082,5.286,5.488,5.696,5.900,6.114,6.311,6.500,6.699,6.871,7.040,7.267,7.457,7.666,7.843,8.038,8.241,8.433,8.618,8.808,8.985,9.178,9.356,
1,33,0.052,0.207,0.414,0.590,0.795,0.978,1.145,1.324,1.521,1.729,1.927,2.118,2.288,2.449,2.668,2.872,3.019,3.192,3.311,3.475,3.646,3.809,4.051,4.224,4.397,4.520,4.706,4.919,5.082,5.274,5.459,5.651,5.917,6.084,6.346,
1,34,0.305,0.458,0.569,0.703,0.932,1.047,1.190,1.433,1.547,
1,35,0.332,0.519,0.679,0.858,1.029,1.199,1.367,1.534,1.714,1.886,2.057,2.235,2.403,2.575,2.750,2.940,3.121,3.306,3.494,3.673,3.840,4.038,4.225,4.409,4.583,4.744,4.917,5.100,5.284,5.486,5.663,5.838,6.022,6.190,6.351,6.542,6.731,6.906,7.101,7.272,7.453,7.639,7.834,8.030,8.220,8.393,8.594,8.777,8.978,9.177,9.390,9.660,9.890,10.053,
1,36,0.121,0.287,0.450,0.613,0.787,0.956,1.151,1.320,1.488,1.644,1.803,1.994,2.162,2.358,2.528,2.691,2.891,3.089,3.297,3.479,3.690,3.895,4.093,4.285,4.493,4.681,4.876,5.098,5.225,5.414,5.599,5.779,5.978,6.146,
1,37,0.056,0.238,0.408,0.596,0.781,0.977,1.143,1.311,1.485,1.653,1.871,2.050,2.242,2.434,2.611,2.783,2.960,3.184,3.395,3.580,3.778,3.993,4.211,4.419,4.615,4.874,5.075,5.265,5.452,5.625,5.803,5.994,6.210,6.396,6.554,6.724,6.940,7.146,7.319,7.513,7.688,7.897,8.092,8.281,8.493,8.679,8.897,9.092,9.271,9.496,9.710,9.901,10.096,
1,38,0.115,0.299,0.518,0.720,0.943,1.164,1.405,1.613,1.816,1.976,2.152,2.288,2.446,2.635,2.835,3.022,3.206,3.386,3.575,3.769,3.958,4.150,4.328,4.500,4.689,4.893,5.062,5.248,5.433,5.619,5.819,5.995,6.163,6.387,6.623,6.834,7.075,7.271,7.426,7.638,7.800,8.051,8.298,8.501,8.660,8.838,9.022,9.210,9.415,9.615,9.772,9.958,10.145,10.356,
1,39,0.150,0.308,0.489,0.667,0.856,1.027,1.200,1.400,1.549,1.724,1.901,2.054,2.229,2.397,2.566,2.728,2.901,3.070,3.247,3.414,3.582,3.740,3.914,4.084,4.225,4.398,4.577,4.769,4.937,5.125,5.269,5.442,5.636,5.801,5.986,6.101,6.294,6.450,6.617,6.776,6.954,7.136,7.302,7.470,7.666,7.887,8.057,8.274,8.467,8.637,8.833,9.041,9.236,9.412,9.604,9.771,9.956,10.155,10.340,10.521,10.679,10.875,11.081,11.272,11.464,11.653,11.851,12.039,12.237,12.396,12.576,12.750,12.963,13.139,13.324,13.523,13.691,13.802,13.944,14.159,14.325,14.523,14.709,14.907,15.070,15.288,15.541,15.748,15.935,16.125,16.296,
1,40,0.117,0.329,0.525,0.721,1.043,1.275,1.459,1.645,1.815,1.988,2.187,2.376,2.570,2.739,2.913,3.098,3.313,3.502,3.705,3.899,4.113,4.295,4.513,4.722,5.000,5.208,5.397,5.575,5.763,5.948,6.154,6.352,6.565,6.740,7.051,7.223,7.404,7.610,7.811,8.015,8.265,8.442,8.615,8.765,9.035,9.265,9.452,9.661,9.869,10.089,10.281,10.483,10.671,10.868,11.092,11.303,11.516,11.650,11.810,11.990,12.267,
1,41,0.113,0.315,0.478,0.650,0.816,1.017,1.224,1.410,1.579,1.770,1.998,2.217,
1,42,0.093,0.265,0.437,0.649,0.805,0.970,1.149,1.320,1.468,1.653,1.835,2.026,2.223,2.429,2.613,2.800,3.201,3.400,3.581,3.767,3.925,4.134,4.499,4.732,4.930,5.115,5.302,5.480,5.693,5.832,6.065,6.278,6.451,6.635,6.815,7.018,7.225,7.441,7.600,7.769,7.947,8.152,8.318,8.531,8.724,8.925,9.136,9.304,9.520,9.698,9.895,10.081,10.270,10.611,10.812,11.020,11.225,11.425,11.616,11.790,11.987,12.168,
1,43,0.100,0.274,0.443,0.606,0.768,0.943,1.151,1.305,1.495,1.718,1.919,2.080,2.268,2.446,2.625,2.800,3.019,3.202,3.395,3.560,3.769,3.974,4.158,4.373,4.568,4.741,4.939,5.136,5.309,5.537,5.739,5.973,6.174,6.336,6.520,6.670,6.834,6.994,7.166,7.359,7.545,7.771,7.949,8.117,
1,44,0.162,0.337,0.520,0.664,0.836,1.020,1.151,1.320,1.491,1.661,1.817,2.184,2.388,2.555,2.712,2.911,3.078,3.275,3.459,3.672,3.888,4.061,4.230,4.406,4.578,4.742,4.948,5.146,5.341,5.526,5.718,5.896,6.092,6.273,6.463,6.654,6.837,7.038,7.241,7.427,7.592,7.792,7.991,8.274,8.440,8.621,8.803,8.976,9.289,9.625,9.894,10.141,
1,45,0.059,0.209,0.417,0.617,0.831,0.989,1.150,1.296,1.457,1.651,1.814,2.104,2.307,2.587,2.778,2.979,3.201,3.322,3.497,3.649,3.812,3.963,4.164,4.491,4.731,4.870,5.199,5.415,5.595,5.769,5.917,6.078,6.235,6.389,6.529,6.707,6.855,7.000,7.165,7.351,
1,46,0.292,0.452,0.621,0.793,0.959,1.137,1.292,1.453,1.610,1.770,1.933,2.096,2.254,2.400,2.553,2.710,2.872,3.036,3.200,3.388,3.560,3.731,3.905,4.073,4.255,4.410,4.593,4.776,4.943,5.118,5.282,5.445,5.621,5.799,5.979,6.168,6.349,6.523,6.679,6.866,7.038,7.256,7.374,7.552,7.716,7.897,8.058,8.222,8.408,8.597,8.774,8.957,9.141,9.325,9.524,9.741,9.915,10.088,10.258,10.438,10.610,10.792,10.977,11.190,11.358,11.535,11.723,11.906,12.086,12.275,
1,47,0.111,0.276,0.439,0.586,0.789,0.954,1.150,1.365,1.566,1.748,1.920,2.098,2.306,2.486,2.654,2.835,3.054,3.267,3.450,3.625,3.816,3.989,4.188,4.363,4.518,4.701,4.874,5.050,5.195,5.339,5.484,5.613,5.751,5.888,6.053,6.328,
1,48,0.116,0.238,0.388,0.521,0.685,0.854,1.033,1.224,1.426,1.674,1.925,2.127,2.348,2.494,2.654,2.836,3.022,3.167,3.360,3.540,3.695,3.864,4.040,4.211,4.344,4.496,4.674,4.839,4.954,5.140,5.330,5.568,5.774,5.966,6.177,6.420,6.641,6.824,6.975,7.125,7.304,7.552,7.813,8.025,8.186,8.391,8.547,8.710,8.872,9.055,9.548,9.696,9.860,10.021,10.191,10.354,10.521,10.682,10.842,11.022,11.180,11.351,11.517,11.687,11.853,12.046,12.222,12.400,12.561,12.747,12.928,13.108,13.283,13.462,13.625,13.811,13.980,14.144,14.312,14.499,14.694,14.874,15.042,15.245,15.412,15.579,15.775,15.942,16.148,
1,49,0.122,0.312,0.470,0.657,0.827,0.985,1.190,1.369,1.514,1.679,1.866,2.043,2.241,2.444,2.626,2.796,2.954,3.202,3.402,3.584,3.744,3.918,4.117,4.295,4.471,4.649,4.835,5.033,5.224,5.431,5.607,5.807,5.998,6.203,6.399,6.592,6.796,6.914,7.092,7.306,7.489,7.707,7.900,8.064,8.284,
1,50,0.040,0.345,0.568,0.745,1.069,1.250,1.427,1.577,1.734,1.874,2.059,2.268,2.432,2.596,2.771,2.928,3.082,3.227,3.401,3.563,3.723,3.929,4.160,4.361,4.580,4.808,4.981,5.136,5.281,5.523,5.707,5.966,6.106,6.249,6.403,
1,51,0.065,0.226,0.397,0.548,0.709,0.898,1.049,1.209,1.398,1.573,1.734,1.925,2.098,2.265,2.431,2.599,2.769,2.923,3.102,3.282,3.451,3.600,3.799,3.955,4.121,4.277,4.441,4.601,4.773,4.936,5.113,5.301,5.471,5.660,5.847,6.051,6.239,6.415,6.555,6.750,6.992,7.163,7.329,7.499,7.686,7.840,8.149,8.303,
1,52,0.186,0.375,0.564,0.723,0.904,1.097,1.249,1.486,1.677,1.877,2.056,2.225,2.398,2.569,2.751,2.931,3.148,3.298,3.515,3.705,3.899,4.062,4.205,4.399,4.570,4.766,4.997,5.206,5.399,5.532,5.713,5.867,6.056,6.248,6.437,6.640,6.835,7.026,7.222,7.410,7.614,7.799,7.988,8.175,
1,53,0.197,0.360,0.497,0.685,0.818,1.024,1.188,1.368,1.542,1.725,1.928,2.121,2.305,2.485,2.683,2.892,3.064,3.251,3.451,3.584,3.795,3.968,4.165,4.332,4.526,4.699,4.808,5.009,5.172,5.375,5.556,5.727,5.915,6.101,6.270,6.452,6.644,6.803,6.987,7.299,7.498,7.688,7.875,8.065,8.251,8.451,8.645,8.813,8.992,9.167,9.395,9.604,9.800,9.995,10.155,10.333,10.512,10.699,10.899,11.114,11.281,11.470,11.696,11.913,12.083,12.297,12.496,12.687,12.940,13.112,13.296,13.473,13.674,13.861,14.035,14.226,
1,54,0.137,0.323,0.488,0.676,0.860,1.025,1.213,1.395,1.572,1.772,1.962,2.160,2.345,2.532,2.728,2.937,3.139,3.343,3.535,3.728,3.926,4.113,4.308,4.490,4.691,4.890,5.077,5.273,5.437,5.617,5.791,5.986,6.190,6.408,6.595,6.774,6.942,7.118,7.292,7.467,7.678,7.862,8.068,8.275,
1,55,0.080,0.267,0.444,0.650,0.807,1.000,1.163,1.326,1.498,1.675,1.916,2.114,2.295,
1,56,0.027,0.274,0.459,0.640,0.806,0.958,1.156,1.338,1.551,1.734,1.913,2.078,2.316,2.542,2.725,2.909,3.103,3.307,3.480,3.664,4.067,4.259,4.420,4.609,4.803,4.972,5.116,5.305,5.501,5.695,5.862,6.054,6.240,6.437,6.626,6.775,6.966,7.193,7.369,7.564,7.760,7.957,8.154,8.324,8.465,8.648,8.857,9.032,9.208,9.395,9.586,9.775,9.973,10.121,
1,57,0.138,0.326,0.522,0.685,0.866,1.034,1.189,1.353,1.532,1.708,1.870,2.064,2.176,2.352,2.536,2.715,2.917,3.119,3.303,3.490,3.687,3.875,4.060,4.252,4.437,4.618,4.806,4.991,5.181,5.391,5.615,5.839,6.047,6.275,6.443,6.608,6.815,6.982,7.190,7.399,7.592,7.735,7.946,8.142,8.313,
1,58,0.165,0.340,0.512,0.691,0.859,1.043,1.229,1.435,1.610,1.806,1.997,2.185,2.369,2.552,2.770,2.955,3.146,3.300,3.513,3.626,3.837,4.038,4.233,4.407,4.590,4.767,4.954,5.126,5.311,5.491,5.695,5.866,6.068,6.265,6.459,6.648,6.856,7.059,7.251,7.442,7.675,7.840,8.052,8.266,8.426,8.606,8.788,9.016,9.213,9.399,9.569,9.751,9.952,10.199,10.400,10.585,10.740,10.935,11.098,11.274,11.479,11.674,11.884,12.081,
1,59,0.085,0.286,0.488,0.670,0.853,1.032,1.222,1.369,1.552,1.734,1.904,2.081,2.270,2.435,2.591,2.743,2.858,3.067,3.270,3.434,3.609,3.780,3.968,4.138,4.298,4.471,4.638,4.816,4.991,5.159,5.371,5.548,5.724,5.920,6.103,6.281,6.453,6.639,6.814,6.995,7.172,7.334,7.522,7.711,7.889,8.055,8.238,8.414,8.609,8.800,8.988,9.167,9.341,9.533,9.728,9.915,10.077,10.226,10.410,10.595,10.796,10.986,11.173,11.374,11.547,11.730,11.919,12.113,12.307,12.475,12.652,12.892,13.096,13.290,13.468,13.642,13.808,14.009,14.174,
1,60,0.150,0.314,0.481,0.657,0.818,1.000,1.160,1.346,1.524,1.700,1.854,2.030,2.190,2.401,2.591,2.785,2.946,3.137,3.334,3.525,3.706,3.890,4.245,4.437,
1,61,0.113,0.286,0.450,0.617,0.779,0.946,1.103,1.266,1.418,1.590,1.763,1.928,2.114,2.297,2.476,2.647,2.806,2.991,3.159,3.345,3.514,3.672,3.850,4.034,4.206,4.398,4.560,4.746,4.923,5.103,5.272,5.450,5.626,5.792,5.967,6.149,6.315,6.477,6.652,6.837,7.033,7.208,7.399,7.572,7.733,7.909,8.080,8.266,8.434,8.605,8.786,8.969,9.141,9.318,9.491,9.670,9.848,10.017,10.183,10.367,10.493,10.646,10.809,10.955,11.125,11.305,11.460,11.651,11.805,11.967,12.140,
1,62,0.040,0.218,0.375,0.555,0.728,0.895,1.067,1.243,1.412,1.574,1.762,1.942,2.146,2.325,2.548,2.747,2.896,3.064,3.263,3.435,3.622,3.802,4.030,4.210,
1,63,0.063,0.243,0.405,0.586,0.769,0.953,1.139,1.336,1.520,1.677,1.863,2.064,2.230,
1,64,0.191,0.372,0.528,0.697,0.892,1.086,1.282,1.459,1.652,1.843,2.022,2.199,
1,65,0.166,0.333,0.521,0.685,0.855,1.028,1.195,1.389,1.566,1.748,1.928,2.108,2.272,2.469,2.671,2.826,3.023,3.196,3.389,3.563,3.735,3.905,4.107,4.300,4.523,4.701,4.873,5.061,5.239,5.449,5.623,5.791,5.967,6.141,6.301,6.462,6.656,6.828,7.028,7.219,7.391,7.584,7.775,7.958,8.149,
1,66,0.109,0.291,0.480,0.655,0.828,0.996,1.183,1.393,1.458,1.782,1.997,2.184,2.337,2.486,2.647,2.809,2.965,3.123,3.267,3.428,3.527,3.671,3.812,3.958,4.092,4.249,4.395,4.540,4.723,4.895,5.040,5.197,5.348,5.485,5.645,5.773,5.895,6.028,6.149,6.324,6.546,6.719,6.875,7.034,7.197,7.353,7.513,7.676,7.841,8.013,8.166,8.331,8.487,8.657,8.830,8.996,9.162,9.313,9.472,9.647,9.825,10.014,10.177,
1,67,0.140,0.292,0.462,0.637,0.795,0.959,1.123,1.288,1.452,1.638,1.781,1.963,2.138,2.318,2.487,2.662,2.836,3.022,3.200,3.372,3.571,3.772,3.938,4.092,4.239,4.416,4.570,4.729,4.893,5.085,5.273,5.424,5.610,5.798,5.990,6.162,6.330,6.487,6.675,6.850,7.047,7.232,7.534,7.731,7.910,8.100,8.278,8.455,8.641,8.806,8.979,9.171,9.338,9.542,9.775,9.936,10.098,10.293,10.483,10.662,10.854,11.026,11.200,11.367,11.548,11.687,11.893,12.099,12.217,
1,68,0.156,0.302,0.458,0.623,0.805,0.975,1.146,1.308,1.466,1.623,1.793,1.974,2.168,2.335,2.530,2.734,2.932,3.121,3.281,3.445,3.624,3.816,3.982,4.148,4.308,
1,69,0.151,0.264,0.398,0.543,0.736,0.944,1.148,1.307,1.437,1.594,1.700,1.877,2.166,2.342,2.496,2.625,2.786,2.933,3.116,3.244,3.399,3.553,3.708,3.863,4.046,4.116,4.273,
1,70,0.352,0.578,0.874,1.027,1.214,1.406,1.575,1.740,1.913,2.094,2.355,2.539,2.720,2.894,3.071,3.234,3.394,3.554,3.694,3.868,4.145,4.312,4.465,4.645,4.828,4.981,5.175,5.328,5.490,5.830,6.012,6.185,6.344,
1,71,0.108,0.277,0.460,0.651,0.821,0.977,1.137,1.312,1.467,1.623,1.798,1.963,2.123,2.296,2.454,2.612,2.787,2.959,3.124,3.296,3.461,3.833,4.049,4.330,4.519,4.700,4.864,5.026,5.225,5.373,5.547,5.733,5.900,6.020,6.181,6.343,6.520,6.727,7.107,7.285,7.487,7.641,7.835,8.031,8.183,8.363,8.521,8.694,8.821,9.046,9.323,9.479,9.655,9.823,10.221,10.405,10.564,11.022,11.188,11.350,11.501,11.675,11.856,12.035,12.393,12.589,12.809,12.981,13.221,13.390,13.555,13.737,13.962,14.192,
1,72,0.073,0.238,0.398,0.556,0.717,0.898,1.056,1.222,1.398,1.532,1.698,1.850,2.015,2.166,2.319,2.480,2.655,2.831,2.963,3.155,3.322,3.471,3.649,3.825,3.979,4.149,4.279,4.439,4.608,4.781,4.951,5.108,5.267,5.417,5.578,5.767,5.937,6.101,6.284,6.433,6.612,6.802,6.988,7.176,7.336,7.502,7.624,7.809,8.018,8.179,8.337,8.518,8.701,8.900,9.055,9.220,9.407,9.597,9.724,9.888,10.058,10.252,
1,73,0.149,0.303,0.480,0.650,0.849,1.034,1.207,1.374,1.534,1.715,1.861,2.064,2.217,2.401,2.554,2.747,2.930,3.094,3.271,3.448,3.651,3.801,3.976,4.157,4.518,4.706,4.868,5.043,5.219,5.412,5.609,5.779,5.939,6.136,6.299,
1,74,0.159,0.313,0.483,0.636,0.806,0.951,1.104,1.269,1.440,1.603,1.773,1.982,2.173,2.326,2.497,2.640,2.790,2.974,3.067,3.270,3.430,3.589,3.771,3.918,4.084,4.250,4.455,4.671,4.888,5.060,5.230,5.404,5.600,5.771,5.952,6.138,6.299,6.642,6.821,7.022,7.142,7.297,7.482,7.664,7.850,8.044,8.213,8.410,8.596,8.773,8.946,9.101,9.277,9.478,9.665,9.840,10.024,10.330,10.527,10.709,10.891,11.076,11.341,11.546,11.724,11.918,12.115,12.324,12.534,12.727,12.898,13.076,13.275,13.424,13.616,13.810,14.016,14.239,14.437,14.685,15.009,15.196,15.393,15.566,15.743,15.925,16.087,
1,75,0.140,0.312,0.464,0.637,0.780,0.947,1.137,1.322,1.521,1.657,1.849,2.021,2.196,2.376,2.578,2.772,2.959,3.150,3.348,3.534,3.714,3.889,4.067,4.272,4.407,
1,76,0.176,0.332,0.488,0.647,0.790,0.976,1.249,1.432,1.585,1.739,1.904,2.068,2.231,
1,77,0.033,0.189,0.342,0.517,0.716,0.910,1.277,1.446,1.634,1.792,1.967,2.151,2.321,2.517,2.688,2.861,3.018,3.225,3.440,3.621,3.790,3.956,4.144,4.327,4.518,4.682,4.842,5.050,5.240,5.446,5.563,5.769,5.984,6.193,6.386,6.564,6.769,6.930,7.111,7.299,7.479,7.624,7.851,8.037,8.208,8.387,8.552,8.716,8.904,9.080,9.271,9.423,9.607,9.771,9.945,10.112,10.291,10.438,10.613,10.816,10.978,11.159,11.417,11.643,11.809,11.980,12.217,12.436,12.639,12.804,13.022,13.213,13.406,13.596,13.779,13.963,14.152,14.342,14.540,14.723,14.912,15.094,15.273,15.469,15.670,15.890,16.104,
1,78,0.176,0.330,0.518,0.701,0.885,1.063,1.251,1.429,1.602,1.786,1.984,2.152,
1,79,0.161,0.312,0.492,0.661,0.822,0.978,1.149,1.298,1.471,1.649,1.815,2.016,2.179,2.349,2.520,2.687,2.853,3.036,3.221,3.404,3.554,3.767,3.925,4.104,
1,80,0.181,0.337,0.497,0.669,0.841,1.020,1.216,1.395,1.564,1.741,1.920,2.084,2.273,2.450,2.625,2.787,2.951,3.120,3.295,3.457,3.620,3.819,3.997,4.183,4.429,4.602,4.785,4.970,5.177,5.359,5.554,5.742,5.924,6.102,6.283,6.468,6.660,6.850,7.056,7.251,7.437,7.608,7.768,7.935,8.110,8.247,8.431,8.566,8.690,8.845,
1,81,0.168,0.340,0.502,0.687,0.895,1.093,1.282,1.438,1.625,1.809,2.001,2.195,2.366,2.543,2.727,2.911,3.120,3.317,3.493,3.638,3.798,4.021,4.209,4.388,4.556,4.725,4.956,5.172,5.353,5.556,5.732,5.923,6.117,6.304,6.496,6.679,6.856,7.032,7.210,7.393,7.570,7.739,7.912,8.077,8.273,8.410,8.575,8.747,8.893,9.024,
1,82,0.191,0.375,0.553,0.767,0.913,1.095,1.270,1.462,1.656,1.851,2.017,2.219,2.409,2.575,2.747,2.951,3.152,3.319,3.491,3.669,3.857,4.031,4.455,
1,83,0.145,0.305,0.461,0.594,0.735,0.928,1.055,1.234,1.442,1.813,1.965,2.115,2.296,2.445,2.600,2.763,2.908,3.056,3.208,3.365,3.523,3.675,3.828,3.975,4.147,4.278,4.426,4.582,4.721,4.877,5.033,5.264,5.424,5.563,5.714,5.867,6.048,6.215,6.366,6.514,6.680,6.833,6.973,7.151,7.296,7.452,7.605,7.765,7.926,8.091,8.244,8.438,8.598,8.740,
1,84,0.052,0.225,0.390,0.562,0.722,0.877,1.027,1.192,1.352,1.524,1.669,1.825,2.024,2.167,2.318,2.468,2.657,2.808,2.978,3.148,3.316,3.480,3.665,3.834,4.008,4.159,4.302,4.462,4.642,4.775,4.953,5.142,5.315,5.501,5.673,5.839,6.026,6.204,6.393,6.568,6.743,6.903,7.090,7.259,7.442,7.610,7.780,7.918,
1,85,0.170,0.340,0.540,0.728,0.952,1.147,1.357,1.578,1.774,1.952,2.121,2.291,2.496,2.673,2.858,3.047,3.228,3.404,3.601,3.805,3.999,4.208,4.409,4.597,4.779,4.973,5.157,5.347,5.541,5.719,5.896,6.070,6.262,6.449,6.660,6.845,7.049,7.248,7.445,7.644,7.845,8.057,8.280,
