0,1,0.029,0.192,0.399,0.599,0.786,0.967,1.166,1.477,1.763,1.975,2.178,2.397,2.587,2.783,3.014,3.203,3.409,3.608,3.820,4.046,4.277,4.485,4.701,4.915,5.148,5.355,5.615,5.862,6.103,6.348,6.624,6.875,7.086,7.319,7.582,7.807,8.045,8.266,8.492,8.732,9.033,9.267,9.520,9.798,10.059,
0,1,0.198,0.424,0.871,1.087,1.339,1.558,1.789,2.029,2.289,2.559,2.809,3.041,3.287,3.549,3.824,4.095,4.387,4.687,4.969,5.249,5.574,5.815,6.099,6.425,6.710,7.025,7.347,7.660,7.941,8.231,8.526,8.804,9.078,9.348,9.677,9.955,
0,1,,
0,1,0.310,0.522,0.748,0.963,1.201,1.412,1.652,1.871,2.117,2.350,2.588,2.818,3.037,3.270,3.520,
2,1,0.116,0.398,0.617,0.857,1.148,1.410,1.688,1.969,2.207,2.461,2.744,3.026,3.300,3.601,3.900,4.211,4.523,4.786,5.058,5.326,5.622,5.898,6.217,6.518,6.802,7.098,7.397,7.686,8.018,8.300,8.616,8.897,9.215,9.495,9.823,10.136,10.450,
2,2,0.126,0.313,0.518,0.690,0.899,1.091,1.302,1.518,1.703,1.923,2.157,2.368,2.594,2.801,3.031,3.279,3.538,3.773,4.023,4.306,4.556,4.823,5.095,5.370,5.622,5.903,6.158,6.396,6.675,6.935,7.192,7.467,7.771,8.021,8.278,8.548,8.818,9.100,9.388,9.667,9.958,10.237,
2,3,0.430,0.668,0.954,1.215,1.456,1.688,
2,4,0.146,0.362,0.586,0.816,1.030,1.275,1.513,1.723,1.965,2.203,2.412,2.622,2.808,3.014,3.241,3.464,3.687,3.927,4.199,4.459,4.699,4.952,5.185,5.421,5.649,5.902,6.153,6.406,6.656,6.899,7.125,7.364,7.582,7.864,8.157,8.400,8.663,8.944,9.204,9.440,9.668,9.906,10.110,10.365,10.649,10.916,11.186,11.414,11.674,11.919,12.171,12.670,12.893,13.142,13.386,13.663,13.923,14.206,14.479,14.770,15.020,15.250,15.520,15.790,16.059,16.319,16.587,16.867,17.167,17.409,17.681,17.945,18.206,18.463,18.709,18.978,19.238,19.525,19.782,
2,5,0.104,0.318,0.536,0.757,0.954,
2,6,0.166,0.455,0.637,0.824,1.035,1.234,1.453,1.617,1.874,2.096,2.325,2.550,2.779,3.092,3.362,3.578,3.801,4.019,4.216,4.447,4.674,4.915,5.153,5.391,5.611,5.838,6.062,6.277,6.521,6.723,6.930,7.149,7.388,7.614,7.818,8.031,8.248,8.471,8.621,8.871,9.092,9.304,9.522,9.729,9.947,10.168,10.389,10.603,10.807,11.023,11.188,11.419,11.640,11.846,12.087,12.344,12.640,12.944,13.305,13.591,13.891,14.168,14.474,14.746,15.056,15.343,15.642,15.925,16.193,16.463,16.775,17.070,17.320,17.570,17.842,18.143,18.396,18.643,18.877,19.090,19.282,19.481,19.668,19.869,20.054,20.246,20.368,20.606,20.802,21.024,21.221,21.441,21.644,21.856,22.079,22.304,22.537,22.764,22.990,23.235,23.461,23.701,23.935,24.152,
2,7,0.150,0.370,0.563,0.785,1.022,1.243,1.470,1.732,1.976,2.242,2.494,2.747,2.977,3.220,3.459,3.706,3.945,4.163,4.363,4.791,5.021,5.241,5.471,5.721,5.946,6.198,6.460,6.673,6.947,7.183,7.426,7.684,7.912,8.147,8.356,8.577,8.805,9.031,9.243,9.475,9.721,9.958,10.192,10.469,10.709,10.961,11.216,11.477,11.727,11.956,12.176,12.422,12.649,12.866,13.104,13.362,13.589,13.835,14.071,14.296,14.517,14.734,14.970,15.215,15.436,15.678,15.901,16.069,16.317,16.559,16.775,16.992,
2,8,0.141,0.345,
2,9,0.068,0.433,0.646,0.857,1.108,1.362,1.618,1.852,2.085,2.317,2.534,2.740,3.018,3.271,3.518,3.794,4.051,4.340,4.620,4.898,5.173,5.450,5.742,
2,10,0.190,0.472,0.749,1.029,1.305,1.561,1.834,2.095,2.372,2.618,2.890,3.123,3.390,3.690,3.977,4.229,4.486,4.774,5.041,5.293,5.571,5.845,6.115,6.414,6.688,6.976,7.275,7.526,7.782,8.043,8.335,8.609,8.903,9.187,9.457,9.743,10.017,10.319,10.603,10.901,11.188,11.428,11.693,11.971,12.235,12.519,12.776,13.049,13.316,13.587,13.822,14.089,14.366,14.663,14.915,15.194,15.459,15.746,16.002,16.263,16.519,16.800,17.073,17.347,17.619,17.897,18.124,
2,11,0.231,0.434,0.639,
2,12,,
2,13,0.198,0.426,0.667,0.900,1.150,1.400,1.617,1.857,
2,14,0.140,0.299,0.548,0.750,0.966,1.190,1.403,1.607,1.831,2.052,2.309,2.539,2.782,3.025,3.225,3.446,3.661,3.892,4.099,4.245,4.490,4.694,4.902,5.124,5.374,5.605,5.864,6.147,6.397,6.658,6.894,7.122,7.445,7.686,7.977,8.240,8.548,8.821,9.084,9.395,9.651,9.917,10.177,
2,15,0.271,0.518,0.719,1.147,1.388,1.635,1.855,2.079,2.334,2.563,2.806,3.019,3.269,3.483,3.719,3.958,4.174,4.427,4.683,4.930,5.151,5.387,5.637,5.887,6.121,6.373,6.621,6.872,7.096,7.351,7.606,7.888,8.122,8.372,8.619,8.891,9.148,9.412,9.646,9.911,10.163,10.396,10.670,10.907,11.139,11.390,11.662,11.890,12.154,12.397,12.640,12.910,13.185,13.428,13.711,14.036,14.301,14.551,14.784,15.025,15.275,
2,16,0.293,0.542,0.777,1.027,1.289,1.544,1.802,2.068,2.309,2.564,2.841,3.085,3.368,3.635,3.909,4.203,4.499,4.796,5.072,5.369,5.643,5.981,6.281,6.605,6.886,7.217,7.535,7.846,8.156,8.480,8.771,9.048,9.321,9.606,9.859,10.145,10.413,
2,17,0.496,0.762,0.974,1.217,1.466,1.719,1.976,2.238,2.475,2.737,3.013,3.268,
2,18,0.293,0.521,0.776,0.993,1.240,1.495,1.738,1.993,2.233,2.489,2.751,3.014,3.280,3.530,3.782,4.051,4.329,4.588,4.871,5.145,5.407,5.698,5.951,6.262,6.550,6.818,7.088,7.396,7.646,7.902,8.159,8.443,8.703,8.996,9.246,9.513,9.786,10.051,10.321,
2,19,0.274,0.531,0.782,1.025,1.275,1.499,1.752,2.002,2.247,2.482,2.744,3.009,3.276,3.529,3.803,4.066,4.342,4.597,4.870,5.144,5.377,5.644,
2,20,0.202,0.463,0.692,0.937,1.197,1.442,1.707,1.952,2.193,2.445,2.683,2.972,3.242,3.497,
2,21,0.460,0.648,0.840,1.025,1.222,1.433,1.639,1.857,2.093,2.307,2.554,2.821,3.032,3.282,3.497,3.725,3.923,4.140,4.367,4.619,4.866,5.094,5.337,5.592,5.803,6.024,
2,22,0.400,0.534,0.822,0.939,1.062,1.199,1.335,1.473,1.618,1.768,
2,23,,
2,24,0.231,0.457,0.673,0.872,1.341,1.649,1.834,2.064,2.322,2.536,2.798,3.050,3.266,
2,25,0.409,0.650,0.869,1.092,1.364,1.573,1.826,
2,26,0.338,0.578,0.801,1.042,1.278,1.525,1.752,2.025,2.275,2.494,2.725,2.972,3.198,3.441,3.659,3.874,4.121,4.371,4.605,4.860,5.115,5.360,5.613,5.893,
2,27,0.496,0.746,0.980,1.222,1.501,1.751,1.992,2.266,2.517,2.779,3.023,3.294,3.561,3.801,4.044,4.284,4.562,4.831,5.093,5.344,5.635,5.892,
2,28,0.414,0.649,0.893,1.223,1.446,1.693,1.988,2.208,2.427,2.729,2.924,3.180,3.411,3.647,3.894,4.099,4.326,4.559,4.827,5.047,5.292,5.511,5.723,5.949,6.175,6.405,6.645,7.056,7.449,7.655,7.899,8.277,8.513,8.717,9.050,9.263,9.464,9.763,9.931,10.157,10.397,
2,29,0.074,0.293,0.528,0.723,0.953,1.177,1.415,1.650,1.871,2.101,2.345,2.576,2.802,3.045,3.282,3.524,3.768,4.018,4.268,4.487,4.746,4.980,5.227,5.483,5.715,5.961,6.221,6.477,6.735,6.996,7.250,7.520,7.738,7.999,8.245,8.495,8.770,9.042,9.300,9.555,9.825,10.109,10.388,10.638,10.894,11.156,11.416,11.673,11.914,12.142,12.409,12.667,12.918,13.165,13.433,13.690,13.961,14.201,14.450,14.720,14.988,15.273,15.523,15.788,16.086,16.437,
2,30,0.037,0.277,0.520,0.731,0.962,1.200,1.415,1.608,1.877,2.127,2.351,2.564,2.785,3.018,3.206,3.426,3.662,3.897,4.150,4.362,4.602,4.833,5.069,5.286,5.519,5.769,5.978,6.221,6.450,6.692,6.913,7.149,7.392,7.651,7.887,8.137,8.356,8.601,8.834,9.082,9.335,9.553,9.778,10.021,10.272,10.493,10.717,10.952,11.200,11.430,11.659,11.933,12.166,12.420,12.654,12.889,13.103,13.353,13.599,13.837,14.085,14.320,14.553,14.777,15.030,15.280,15.537,15.713,
2,31,0.355,0.581,0.780,0.979,1.198,1.411,1.623,1.843,2.001,2.261,2.497,2.734,2.958,3.186,3.423,3.645,3.895,4.102,4.337,4.551,4.762,4.986,5.170,5.415,5.658,5.906,6.126,6.372,6.647,6.863,7.113,7.371,7.614,7.861,8.126,8.397,8.621,8.898,9.152,9.398,9.648,9.920,10.183,10.445,10.699,10.996,11.265,11.540,11.789,12.042,12.294,12.572,12.832,13.090,13.333,13.581,13.829,14.109,14.350,14.602,14.877,15.117,15.346,15.590,15.848,16.076,16.319,16.567,16.814,17.038,17.275,17.518,17.785,18.019,18.269,
2,32,0.207,0.425,0.651,0.847,1.061,1.268,1.487,1.703,1.928,2.147,2.385,2.592,2.829,3.053,3.293,3.529,3.769,4.019,4.269,4.519,4.723,4.942,5.168,5.386,5.616,5.870,6.115,6.352,6.606,6.817,7.079,7.341,7.594,7.844,8.101,8.363,8.609,8.848,9.097,9.334,9.578,9.850,10.086,10.322,10.578,10.831,11.079,11.344,11.579,11.821,12.083,12.370,12.590,12.893,13.061,13.338,13.558,13.789,14.030,14.246,14.483,14.713,14.954,15.160,15.394,15.644,15.891,16.141,16.350,16.586,16.868,17.069,17.311,17.528,17.775,18.026,18.259,18.526,18.771,19.014,19.251,19.493,19.748,19.998,20.221,20.471,20.746,20.962,21.222,21.450,21.688,21.943,
2,33,0.034,0.234,0.446,0.642,0.853,1.063,1.293,1.522,1.745,
2,34,0.040,0.274,0.496,
2,35,0.147,0.366,0.583,0.826,1.074,1.314,1.571,1.809,2.069,2.302,2.547,2.802,3.043,3.262,
2,36,0.106,0.347,0.585,0.800,1.017,1.238,1.479,1.694,1.939,2.192,2.435,2.666,2.914,3.151,3.375,3.618,3.863,4.111,4.366,4.626,4.865,5.114,5.359,5.601,5.864,6.117,6.367,6.615,6.823,7.093,7.353,7.603,7.887,8.108,8.368,8.659,8.872,9.137,9.387,9.613,9.873,10.119,10.388,10.619,10.861,11.109,11.354,11.592,11.831,12.069,12.316,12.595,12.872,13.139,13.377,13.639,13.911,14.164,14.409,14.681,14.936,15.192,15.455,15.735,16.024,16.274,16.524,16.789,17.041,
2,37,0.152,0.316,0.577,0.809,1.033,1.276,1.462,1.718,1.972,2.174,2.446,2.672,2.900,3.143,3.400,3.650,3.901,4.153,4.412,4.668,4.926,5.188,5.436,5.685,5.958,
2,38,0.216,0.434,
2,39,0.156,0.389,0.625,0.862,1.096,1.324,1.560,1.805,2.035,2.286,2.523,2.773,3.024,3.288,3.531,3.793,4.059,4.287,4.544,4.774,5.025,5.275,5.522,5.785,6.028,6.300,6.550,6.800,7.040,7.322,7.583,7.840,8.090,8.352,8.601,8.839,9.100,9.393,9.626,9.870,10.108,10.394,
2,40,0.291,0.523,0.766,1.023,1.267,
2,41,0.202,0.424,0.669,0.929,1.187,1.432,1.872,2.085,2.343,2.627,2.901,3.151,3.401,3.616,3.894,4.142,4.390,4.649,4.919,5.174,5.466,5.716,5.985,6.238,6.500,6.769,7.019,7.276,7.564,7.814,8.054,8.321,8.608,8.899,9.198,9.467,9.739,9.972,10.234,10.553,10.818,11.080,11.338,11.595,11.852,12.182,12.422,12.692,12.957,13.226,13.522,13.797,14.071,14.356,14.618,14.893,15.167,15.449,15.743,16.024,16.298,16.530,16.774,17.071,17.358,17.651,17.926,18.187,18.465,
2,42,0.106,0.347,0.606,0.849,1.105,1.393,1.643,1.894,2.150,2.423,2.710,2.955,3.261,3.547,3.820,4.108,4.395,4.695,4.973,5.236,5.512,5.788,
2,43,0.070,0.291,0.530,0.742,0.944,1.168,1.408,1.641,1.855,2.117,2.336,2.571,2.817,3.054,3.201,3.453,3.684,3.931,4.213,4.473,4.759,5.019,5.332,5.509,5.818,6.097,6.352,6.663,6.903,7.158,7.372,7.621,7.901,8.144,8.394,8.644,8.898,9.157,9.395,9.648,9.895,10.081,10.348,10.562,10.805,11.083,11.469,11.740,12.041,12.289,12.532,12.799,13.073,13.310,13.542,13.811,14.065,14.312,14.575,14.800,15.204,15.485,15.764,
2,44,0.181,0.410,0.622,0.839,1.062,1.266,1.516,1.767,1.997,2.228,2.463,2.665,2.900,3.168,3.414,3.678,3.906,4.155,4.434,4.700,4.977,5.268,5.545,5.793,6.043,6.298,6.561,6.789,7.026,7.249,7.475,7.709,7.971,8.217,8.454,8.694,8.873,9.137,9.348,9.588,9.842,10.092,10.344,
2,45,0.330,0.549,
2,46,0.052,0.292,0.521,
2,47,0.206,0.437,0.697,0.945,1.170,1.418,1.666,
2,48,0.269,0.494,0.718,0.952,1.187,1.411,1.667,1.924,2.386,2.646,2.912,3.192,
2,49,0.273,0.492,0.711,0.951,1.176,1.395,1.611,1.859,2.090,2.303,2.546,2.762,3.019,3.266,
2,50,0.171,0.406,
2,51,0.057,0.434,0.640,0.844,1.109,1.347,1.597,1.837,2.088,2.321,2.561,2.821,3.074,3.333,3.586,3.846,4.107,4.336,4.577,4.822,5.075,5.312,5.550,5.788,5.980,6.269,6.484,6.712,6.956,7.221,7.496,7.733,7.954,
2,52,0.155,0.401,0.622,0.830,1.065,1.306,1.574,1.826,2.096,2.283,2.567,2.790,3.023,3.277,
2,53,0.241,0.480,0.715,0.985,
2,54,0.145,0.356,0.592,0.837,1.077,1.297,1.542,1.769,2.016,2.263,2.470,2.708,2.916,3.153,3.397,3.647,3.897,4.147,4.397,4.647,4.838,5.116,5.358,5.608,5.848,6.148,6.398,6.648,6.948,7.176,7.445,
2,55,0.086,0.321,0.553,0.814,1.059,1.284,1.532,1.780,2.268,2.518,2.780,3.053,3.300,
2,56,0.106,0.320,0.536,0.769,1.019,1.246,1.522,1.751,2.019,2.309,2.539,2.819,3.108,3.338,3.593,3.848,4.110,4.387,4.637,4.887,5.137,5.361,5.621,5.895,6.154,6.388,6.638,6.888,7.118,7.372,7.608,7.854,8.122,8.372,8.617,8.861,9.102,9.361,9.614,
2,57,0.182,0.429,0.665,0.901,1.141,
2,58,0.230,0.481,0.745,0.971,
2,59,0.192,0.451,0.689,0.947,1.210,1.440,1.690,1.930,2.175,2.396,2.824,3.100,
2,60,0.184,0.406,0.646,1.078,1.329,1.599,1.833,2.096,2.373,2.627,2.900,3.162,3.425,3.677,3.920,4.189,4.449,4.733,4.986,5.236,5.486,5.751,6.015,6.265,6.515,6.765,7.016,7.217,
2,61,0.149,0.358,
2,62,0.226,0.460,0.705,0.951,
2,63,0.036,0.299,0.540,0.776,1.020,1.270,1.520,
2,64,0.196,0.428,0.677,0.866,
2,65,0.057,0.311,0.556,0.794,1.048,1.288,1.541,1.786,2.018,2.265,2.481,2.727,2.943,3.149,3.310,3.574,4.041,4.300,4.548,4.766,5.002,
2,66,0.032,0.234,0.465,0.676,0.909,
2,67,0.145,0.366,
2,68,0.150,0.367,0.622,0.840,1.076,1.306,1.549,1.789,2.017,2.242,2.482,2.722,2.941,3.203,3.470,3.713,3.968,4.218,4.436,4.671,4.906,5.162,5.425,5.835,6.061,6.304,6.561,6.806,7.052,7.299,
2,69,0.037,0.421,0.673,0.894,1.141,1.406,1.681,1.917,2.169,2.416,2.645,2.888,3.160,3.424,3.657,3.895,4.180,4.457,4.729,4.971,5.205,5.472,5.735,5.997,6.238,6.489,6.720,6.985,7.237,7.500,7.740,
2,70,0.064,0.297,0.528,0.766,0.980,1.245,1.516,1.766,2.002,2.273,2.536,2.773,3.017,3.267,3.520,3.733,4.017,4.267,4.517,4.768,4.997,5.268,5.533,5.795,6.062,6.308,6.518,6.837,7.145,7.403,7.723,8.019,8.333,
2,71,0.235,0.529,
2,72,0.181,0.417,0.654,0.893,1.111,1.347,1.560,1.793,2.046,2.479,2.937,3.207,3.440,3.710,3.970,4.244,4.482,4.744,4.993,5.249,5.526,5.774,
2,73,0.278,0.493,0.706,0.948,1.154,1.388,1.612,1.842,2.065,2.283,2.489,2.728,2.988,3.236,
2,74,0.037,0.252,0.485,0.716,0.945,1.170,1.322,1.573,1.853,2.115,2.348,2.596,2.823,3.074,3.307,3.519,3.744,3.978,4.230,4.660,4.907,5.150,5.467,5.690,6.017,6.233,6.532,6.767,6.988,7.228,7.525,7.804,8.151,8.385,8.659,8.951,
2,75,0.267,0.501,0.741,0.952,1.230,1.450,1.678,1.887,2.084,2.327,2.533,2.743,2.971,3.205,3.645,3.868,4.136,4.388,4.646,4.954,5.197,5.461,5.746,6.030,6.270,6.570,6.802,7.045,7.285,7.570,7.812,8.078,8.356,8.604,8.871,9.126,
2,76,0.225,0.497,0.749,0.978,
2,77,0.187,0.403,0.649,0.919,1.139,1.408,1.674,1.918,2.166,2.455,2.719,2.957,3.227,3.464,3.700,3.929,4.194,4.394,4.643,4.905,5.320,5.578,5.815,6.078,6.313,6.592,6.891,7.146,7.436,7.707,7.992,
2,78,0.284,0.524,0.767,0.986,1.398,1.651,1.854,2.094,2.351,2.613,2.856,3.084,3.322,3.570,3.820,4.070,4.295,4.568,4.837,5.092,5.352,5.615,5.845,6.125,
2,79,0.310,0.560,0.788,1.012,1.249,1.478,1.736,2.012,2.473,2.741,2.996,3.231,3.488,3.763,3.991,4.263,4.532,4.791,5.072,5.303,5.575,5.850,6.148,6.398,6.660,6.919,7.167,7.425,7.680,7.931,8.176,8.439,8.678,8.916,9.156,9.399,9.649,9.869,10.120,10.400,
2,80,,
2,81,0.246,0.470,0.698,0.945,1.196,1.435,1.689,
2,82,0.097,0.335,0.564,0.792,1.041,1.275,1.481,1.735,
2,83,0.162,0.404,0.662,0.952,1.185,1.430,1.692,1.974,2.214,2.409,2.687,2.940,3.243,3.532,3.814,4.092,4.366,4.642,4.937,5.174,5.514,5.769,6.029,6.314,6.590,6.875,7.166,7.445,7.729,7.977,8.244,8.543,8.805,9.094,9.362,9.645,9.901,10.167,10.424,
2,84,0.492,0.786,1.024,1.252,1.477,1.713,1.953,2.294,2.568,2.833,3.054,3.309,3.566,
2,85,0.138,0.388,0.614,0.847,1.075,1.321,1.554,1.776,2.022,2.229,2.487,2.733,2.972,3.200,3.443,3.666,3.900,4.354,4.613,4.849,5.091,5.292,5.534,5.774,6.000,6.221,6.471,6.712,6.925,7.178,7.408,7.625,7.908,8.178,8.441,8.678,8.928,9.176,9.419,9.672,9.907,10.164,10.441,10.697,10.986,
2,86,0.098,0.292,0.496,0.698,0.916,1.110,1.339,1.533,1.958,2.168,2.393,2.604,2.840,3.059,3.281,3.524,3.907,4.141,4.358,4.589,4.808,5.054,5.249,5.477,5.742,5.979,6.210,6.456,6.682,6.950,7.240,7.477,7.691,7.924,8.157,8.349,8.568,8.776,9.041,9.260,
2,87,0.067,0.288,0.520,0.767,0.969,1.170,1.400,1.641,1.900,2.108,2.340,2.702,2.928,3.173,3.421,3.649,3.885,4.113,4.402,4.599,4.876,5.113,5.360,5.585,5.827,
2,88,0.226,0.446,0.665,0.891,1.125,
2,89,0.197,0.449,0.675,0.898,1.122,1.341,1.579,1.816,
2,90,0.190,0.418,
2,91,0.171,0.400,0.618,0.845,1.070,1.293,1.551,1.796,
2,92,0.087,0.313,0.553,0.788,1.023,1.270,1.466,1.707,1.929,2.178,2.390,2.589,2.815,3.067,3.271,3.491,3.718,3.935,4.155,4.388,4.601,4.830,5.039,5.272,5.493,5.728,5.938,6.170,6.414,6.639,6.860,7.076,7.315,7.564,7.805,
2,93,0.160,0.400,0.615,0.858,1.066,1.277,1.499,1.720,1.972,2.186,2.448,2.667,2.838,3.102,3.351,
2,94,0.111,0.335,0.553,0.769,0.999,1.400,1.624,1.835,2.070,2.308,2.517,2.746,2.998,3.202,3.432,3.646,3.901,4.086,4.302,4.518,4.734,4.974,5.203,5.427,5.645,5.874,
2,95,0.209,0.402,0.611,0.851,1.080,1.297,1.549,1.772,2.010,2.217,2.463,2.714,2.954,3.175,3.400,3.623,3.862,4.096,4.331,4.566,4.784,5.036,5.270,5.500,5.722,5.944,
2,96,0.318,0.549,0.792,1.030,1.251,1.518,1.730,2.018,
2,97,0.033,0.251,0.459,0.684,0.904,1.120,1.326,1.534,1.768,1.986,2.224,2.453,2.693,2.926,3.169,3.400,3.614,3.845,4.097,4.353,4.590,4.842,5.097,5.345,5.576,5.836,6.037,6.297,6.557,6.777,7.020,7.250,7.501,7.712,
2,98,0.176,0.430,0.670,0.872,1.108,1.336,1.549,1.782,2.025,2.275,2.478,2.686,2.914,3.142,3.361,3.565,3.788,3.990,4.211,4.442,4.649,4.861,5.076,5.296,5.522,5.721,
2,99,0.402,0.601,0.832,1.048,1.271,1.477,1.705,1.897,2.119,2.327,2.549,2.772,2.991,3.224,3.430,3.645,3.862,4.098,4.308,4.523,4.738,4.974,5.184,5.416,5.653,5.890,6.122,6.333,6.563,6.781,6.989,7.197,7.435,7.670,7.894,8.156,8.358,8.580,
2,100,0.145,0.366,0.579,0.802,1.025,1.247,1.468,1.679,1.907,2.143,2.362,2.575,2.796,3.024,3.260,3.484,3.719,3.947,4.202,4.627,4.894,5.125,5.394,5.611,5.865,6.098,6.341,6.597,6.839,7.082,7.307,7.545,7.765,
2,101,0.173,0.397,0.599,0.817,1.059,
2,102,0.223,0.478,0.711,0.959,1.192,1.411,1.643,1.868,2.087,2.310,2.550,2.781,3.021,3.271,3.487,3.718,3.935,4.154,4.392,4.638,4.841,5.069,5.296,5.526,5.734,5.953,6.178,6.416,6.646,6.868,7.116,7.357,7.589,7.812,8.036,8.274,8.524,8.743,8.970,9.199,9.425,9.641,
2,103,0.053,0.296,0.539,0.967,1.192,1.435,1.675,1.906,2.134,2.384,2.596,2.837,3.072,3.308,3.550,3.768,3.981,4.209,4.434,4.677,4.912,5.163,5.388,5.636,5.876,6.068,6.326,6.572,6.802,7.030,7.248,7.474,7.707,7.954,8.179,8.433,8.661,8.909,9.118,
2,104,0.139,0.361,0.583,0.791,1.019,1.219,1.468,1.700,1.912,2.155,2.395,2.637,2.861,3.094,3.349,3.535,3.771,4.021,4.252,4.495,4.722,4.953,5.187,5.427,5.664,5.888,6.107,6.345,6.581,6.815,7.060,7.304,7.537,7.773,8.023,8.240,8.474,8.710,8.943,9.189,9.424,9.661,9.912,10.109,
2,105,0.400,0.650,0.840,1.076,1.326,1.748,1.979,2.191,2.404,2.620,2.831,3.060,3.280,
2,106,0.095,0.284,0.494,0.697,0.894,1.110,1.326,1.537,1.736,1.967,2.169,2.374,2.579,2.798,3.021,3.235,
2,107,0.245,0.429,0.637,0.855,1.049,
2,108,0.175,0.398,0.615,0.847,1.082,1.307,1.535,1.752,1.956,2.187,2.411,2.621,2.838,3.041,3.282,
