0,1,0.216,0.460,0.762,1.043,1.328,1.624,1.930,2.225,2.543,2.838,3.179,3.520,3.872,4.204,4.526,4.869,5.225,5.556,5.865,6.215,6.547,6.913,7.241,7.574,7.869,8.211,8.531,8.834,9.167,9.463,9.770,10.100,
0,1,0.110,0.431,0.693,0.973,1.268,1.548,1.863,2.160,2.478,2.799,3.095,3.401,3.708,3.996,4.289,4.603,4.910,5.226,5.520,5.817,6.144,6.436,6.771,7.075,7.404,7.718,8.053,8.350,8.673,8.993,9.304,9.663,9.972,
0,1,0.462,0.724,1.018,1.290,1.749,
0,1,0.090,0.392,0.703,0.994,1.297,1.580,1.895,2.189,2.474,2.769,3.019,
2,1,0.263,0.603,0.909,1.225,1.539,1.872,2.218,2.539,2.897,3.218,3.590,3.948,4.282,4.648,4.976,5.358,5.709,6.054,
2,2,0.401,0.804,1.144,1.491,1.826,2.249,2.601,2.941,3.301,3.676,4.021,4.413,4.858,5.332,5.713,6.112,6.597,7.044,7.463,7.849,8.216,8.595,8.982,9.434,9.827,10.182,10.572,11.069,11.535,11.906,12.304,
2,3,,
2,4,0.230,0.548,
2,5,0.191,0.441,0.767,1.070,1.420,1.742,2.059,2.395,2.714,3.062,3.408,3.778,4.160,4.489,4.836,
2,6,0.312,0.655,0.976,1.293,1.621,
2,7,0.270,0.611,0.951,1.287,1.649,1.984,2.325,2.686,3.021,3.342,3.684,4.047,4.389,4.797,
2,8,0.323,0.655,0.981,1.323,1.654,1.984,2.361,2.703,3.042,3.392,3.776,4.109,
2,9,0.345,0.679,1.027,1.345,1.692,2.058,2.421,2.789,3.123,3.487,3.842,4.225,
2,10,0.303,0.610,0.967,1.336,1.644,1.978,2.341,2.712,3.055,3.424,3.812,4.182,4.567,4.972,5.332,
2,11,0.102,0.441,0.834,1.213,1.627,2.026,
2,12,0.039,0.407,0.852,1.112,1.346,1.675,2.037,2.376,2.712,3.037,3.361,3.720,4.047,4.400,4.750,5.097,5.477,5.818,6.180,6.590,6.913,7.231,7.663,8.043,
2,13,0.119,0.490,0.784,1.066,1.433,1.743,2.101,2.453,2.800,3.165,
2,14,0.213,0.599,0.938,1.296,1.611,1.994,2.327,2.687,3.012,3.370,3.719,4.080,4.416,4.818,5.118,5.467,5.863,6.182,6.492,6.898,7.329,7.746,8.119,
2,15,0.250,0.578,0.920,1.263,1.665,2.013,2.357,2.692,3.029,3.397,3.741,4.100,4.454,4.868,5.232,5.597,5.930,
2,16,0.237,0.581,0.900,1.333,1.653,2.039,2.400,2.889,3.295,3.693,4.123,4.560,4.963,5.337,5.711,6.111,6.465,6.874,
2,17,0.028,0.411,0.793,1.126,1.511,1.951,2.305,2.665,3.036,3.367,3.739,4.105,4.480,4.818,5.164,5.522,5.870,6.363,6.674,7.026,7.346,7.702,8.042,
2,18,0.222,0.650,0.942,1.267,1.570,1.900,2.176,2.479,
2,19,0.036,0.367,0.707,1.019,1.338,1.679,2.077,2.471,2.851,3.220,3.601,3.998,4.421,4.743,5.075,
2,20,0.082,0.397,0.710,1.014,1.329,1.647,1.954,2.296,2.672,2.975,3.361,3.675,4.050,4.360,4.697,5.027,5.364,5.769,6.103,6.445,6.786,7.116,7.427,7.743,8.078,8.413,8.741,9.068,9.489,9.831,10.193,10.596,10.932,11.290,11.635,11.977,12.298,12.615,12.926,13.285,13.636,13.944,14.270,14.591,14.910,15.270,15.637,15.971,
2,21,0.218,0.549,0.898,1.217,1.499,1.817,2.098,2.402,2.688,3.016,3.336,3.683,4.047,4.362,4.690,5.023,5.267,5.551,5.974,6.340,6.651,6.973,7.268,7.589,7.916,8.252,8.669,
2,22,0.205,0.539,0.872,1.178,1.492,1.811,2.147,2.436,2.764,3.063,3.398,3.725,4.041,4.325,
2,23,0.124,0.461,0.736,1.053,1.363,1.651,1.957,2.268,2.530,2.965,3.284,3.635,3.951,4.329,4.651,4.956,5.269,5.585,5.925,6.270,6.555,
2,24,0.293,0.592,0.844,1.112,1.413,1.696,2.015,2.309,2.620,2.970,3.292,3.611,3.858,4.176,4.520,4.853,5.226,5.543,5.841,6.182,6.526,6.900,
2,25,0.111,0.481,0.799,1.146,1.550,1.853,2.234,2.651,2.989,3.411,3.778,4.113,4.444,4.885,5.155,5.481,5.781,6.080,6.386,6.728,7.020,7.285,7.607,7.928,8.234,8.557,8.856,9.154,9.445,9.771,10.055,10.359,10.638,10.919,11.155,11.435,11.712,12.022,12.287,12.588,12.914,13.215,13.681,13.992,
2,26,0.111,0.409,0.681,0.963,1.366,1.647,2.025,
2,27,0.036,0.369,0.728,1.086,1.429,1.783,2.121,2.436,2.795,3.138,
2,28,0.246,0.564,0.852,1.137,1.424,1.732,2.043,2.364,2.717,3.041,3.355,3.693,3.970,4.279,4.573,4.838,5.100,5.364,5.622,5.863,6.112,6.372,6.637,6.887,7.184,7.440,7.727,8.024,8.388,8.750,9.065,9.415,9.772,10.100,
2,29,0.271,0.620,0.949,1.291,1.583,1.850,2.145,2.418,2.772,3.057,3.361,3.677,3.973,4.283,
2,30,0.208,0.524,0.837,1.087,1.352,1.641,1.922,2.229,
2,31,0.178,0.510,0.839,1.226,1.579,1.905,2.211,2.562,2.908,3.230,3.564,3.895,4.222,
2,32,0.326,0.644,0.961,1.278,1.659,2.119,2.489,2.876,3.196,3.526,3.892,4.240,
2,33,0.069,0.313,0.561,0.815,1.103,1.377,1.663,1.987,2.271,2.521,2.771,2.981,3.271,3.521,3.751,4.021,4.272,4.474,4.789,5.037,5.284,5.525,5.772,6.059,
2,34,0.263,0.522,0.784,1.027,1.239,1.479,1.705,1.955,2.186,2.400,2.657,2.897,3.119,3.355,3.592,3.825,4.039,4.289,4.515,4.748,4.981,5.221,5.455,5.673,5.899,6.111,6.346,6.589,6.820,7.031,7.252,7.475,7.733,7.966,8.173,8.400,8.590,8.802,9.017,9.226,9.420,9.625,9.823,10.034,10.217,
2,35,0.194,0.418,0.621,0.830,1.066,1.272,1.515,1.746,1.943,2.188,2.418,2.649,2.862,3.092,3.359,3.609,3.871,4.109,4.352,4.650,4.919,
2,36,0.102,0.363,0.611,1.088,1.325,1.575,1.803,2.050,2.270,2.543,2.792,3.000,3.266,3.494,3.752,4.028,4.263,4.468,4.723,4.969,5.191,5.428,5.672,5.897,6.157,6.412,6.648,6.898,7.151,7.398,7.622,7.868,8.121,8.399,8.596,8.851,9.086,9.336,9.577,9.808,10.051,10.288,10.536,10.767,11.017,11.267,11.517,11.782,12.039,12.267,12.521,12.795,13.018,13.268,13.542,13.768,14.028,14.268,14.492,14.742,14.973,15.231,15.469,15.703,15.948,16.219,
2,37,0.063,0.306,0.558,0.791,1.047,1.279,1.476,1.722,1.957,2.164,2.413,2.649,2.869,3.116,3.351,3.583,3.820,4.046,4.278,4.528,4.770,5.000,5.267,5.478,5.717,5.966,6.170,6.450,6.690,
2,38,0.103,0.325,0.511,0.678,0.856,1.082,1.270,1.485,1.696,1.913,2.155,2.425,2.700,2.998,3.263,3.490,
2,39,0.038,0.278,0.546,0.821,1.065,1.313,1.556,1.796,2.032,2.299,2.549,2.840,3.054,3.273,3.529,3.779,4.023,4.231,4.466,4.690,4.848,5.123,5.369,5.595,5.855,6.095,6.308,6.534,6.777,
2,40,0.204,0.555,0.897,1.171,1.430,1.922,2.199,2.473,
2,41,0.200,0.439,0.664,0.907,1.157,1.419,1.700,1.975,2.274,
2,42,0.225,0.463,0.711,0.963,1.226,1.495,1.741,2.001,2.297,2.547,2.816,3.074,3.336,3.618,3.904,4.179,4.640,
2,43,0.027,0.260,0.525,0.826,
2,44,0.156,0.427,0.618,1.017,
2,45,0.304,0.550,0.859,1.149,1.406,1.713,2.016,2.283,2.520,2.733,3.020,3.290,3.595,3.875,4.163,4.415,4.651,4.875,5.134,5.384,5.611,5.837,6.089,6.356,6.611,6.869,7.143,7.403,7.808,8.125,8.374,8.636,8.902,9.214,9.540,9.836,10.137,10.422,
2,46,0.108,0.529,0.763,1.027,1.299,1.521,1.764,1.983,2.245,2.460,2.684,2.922,3.154,3.376,3.612,3.840,4.091,4.328,4.559,4.826,5.069,5.287,5.501,5.744,5.984,6.230,6.465,6.672,6.903,7.149,7.400,7.590,7.825,8.044,8.454,8.702,8.949,9.401,9.617,9.846,10.123,10.404,10.710,10.946,11.385,11.691,11.929,12.199,
2,47,0.270,0.530,0.770,1.020,1.254,1.521,1.731,1.982,2.221,2.482,2.706,2.973,3.220,3.522,3.805,4.073,4.522,
2,48,0.198,0.461,0.691,0.966,1.211,1.432,1.697,1.964,2.221,2.457,2.729,2.945,3.222,
2,49,0.079,0.332,0.823,
2,50,0.270,0.477,0.720,1.096,1.368,1.641,1.897,2.138,2.354,2.614,2.888,3.159,3.426,3.665,3.930,4.206,4.522,4.772,5.047,5.377,5.675,5.935,6.277,6.572,6.868,7.126,7.405,7.723,8.024,8.318,
2,51,0.438,0.721,1.021,1.271,1.565,1.860,2.184,2.463,2.771,3.087,3.409,
2,52,0.174,0.461,0.721,0.983,1.209,1.411,1.644,1.865,2.088,2.328,2.598,2.834,3.056,3.300,
2,53,0.153,0.469,0.787,1.187,
2,54,0.039,0.299,
2,55,,
2,56,0.087,0.304,0.529,0.746,0.933,1.151,1.341,1.527,1.714,1.908,2.091,2.268,2.448,2.649,2.854,3.050,3.235,3.421,3.612,3.803,4.019,4.235,4.458,4.696,4.907,5.168,5.315,5.595,5.811,6.020,6.216,6.417,6.618,6.858,7.093,7.284,7.475,7.646,7.866,8.080,8.274,
2,57,0.263,0.525,0.727,0.931,1.127,1.298,1.550,1.764,1.953,2.179,2.376,2.564,2.764,2.978,3.179,3.398,3.565,3.765,3.976,4.185,4.398,4.597,4.809,5.156,5.399,5.602,5.819,6.026,6.303,6.544,6.766,6.970,7.206,7.424,7.624,7.834,8.053,8.267,8.486,8.688,8.900,9.124,9.319,9.530,9.734,9.943,10.137,10.337,10.545,10.737,10.951,11.154,11.349,11.545,11.768,11.981,12.217,
2,58,0.154,0.363,0.570,0.779,0.988,1.198,1.413,1.627,1.807,2.018,2.252,2.463,2.670,2.888,3.114,3.367,3.580,3.839,4.051,4.301,4.548,4.800,5.037,5.294,5.520,5.770,6.035,6.274,6.479,6.732,
2,59,0.114,0.284,0.459,0.772,0.965,1.175,1.331,1.525,1.705,1.896,2.085,2.279,2.475,2.670,2.866,3.082,3.443,3.663,3.859,4.077,4.273,4.490,4.672,4.900,5.112,5.317,5.563,6.024,6.229,6.436,6.641,6.823,7.034,7.278,7.492,7.695,7.938,8.145,8.352,8.562,8.779,8.988,9.211,9.433,9.643,9.855,10.065,10.289,10.751,11.244,11.544,11.775,12.074,
2,60,0.166,0.531,0.748,0.988,1.269,1.493,1.746,2.034,2.330,2.593,2.876,3.153,3.426,3.719,4.021,4.300,4.594,4.870,5.169,5.429,5.748,6.098,6.388,
2,61,0.084,0.447,0.690,0.951,1.148,1.346,1.545,1.746,1.928,2.121,2.307,2.518,2.712,2.912,3.111,3.327,3.536,3.772,3.982,4.199,4.415,4.636,4.861,5.103,5.481,
2,62,0.073,0.371,0.646,0.887,
2,63,0.069,0.334,0.519,0.787,1.023,1.266,1.488,1.721,2.107,2.304,2.728,3.069,3.411,3.787,4.120,4.476,4.804,5.098,5.402,5.679,5.924,6.179,6.499,
2,64,0.197,0.502,0.827,1.150,1.475,1.789,2.085,2.408,2.747,3.066,3.425,3.770,4.081,4.447,4.730,5.045,5.397,5.698,6.075,6.546,6.942,7.377,7.889,8.241,8.502,8.787,9.064,9.389,9.664,9.973,10.245,10.523,10.773,11.050,11.327,11.626,11.890,12.085,
2,65,0.180,0.441,0.713,0.963,1.249,1.495,1.773,2.032,2.279,2.590,2.849,3.104,3.332,3.747,3.978,4.199,4.442,
2,66,0.147,0.427,0.699,0.993,1.226,1.445,1.697,1.929,2.148,2.398,2.632,2.836,3.052,3.296,3.552,3.801,4.035,4.221,
2,67,0.034,0.242,0.448,0.644,0.863,1.065,1.280,1.485,1.672,1.895,2.077,2.294,2.498,2.726,2.927,3.160,3.410,3.618,3.820,4.049,4.291,4.516,4.763,4.977,5.195,5.441,5.683,5.900,6.109,6.331,6.560,6.764,6.985,7.267,7.473,7.697,7.912,8.148,8.355,
2,68,0.189,0.437,0.660,0.867,1.117,1.345,1.560,1.788,1.986,2.218,
2,69,0.240,
2,70,0.065,0.318,0.570,0.813,1.039,1.277,1.534,1.739,1.950,2.181,
2,71,0.198,0.452,0.701,0.946,1.222,1.472,1.706,1.970,2.172,2.398,2.621,2.898,3.160,3.407,3.655,3.956,4.202,4.459,4.749,5.120,5.396,5.637,
2,72,0.291,0.561,0.820,1.061,1.328,1.568,1.801,1.998,2.214,2.430,2.700,2.948,3.175,3.423,3.661,3.939,4.226,4.478,4.728,4.969,5.186,5.397,5.621,6.115,6.331,6.583,6.838,7.068,7.324,7.564,7.808,8.023,8.241,8.471,8.706,8.938,9.205,9.451,9.703,9.931,10.149,10.372,10.638,10.852,11.110,11.340,11.796,12.098,12.324,12.588,12.858,
2,73,0.035,0.287,0.518,0.749,0.967,1.219,1.469,1.700,
2,74,0.274,0.514,0.744,0.986,1.190,1.443,1.648,1.898,2.093,2.325,2.532,2.765,3.002,3.428,3.656,3.866,4.112,4.303,4.523,4.791,5.001,5.216,5.424,5.799,6.095,6.321,6.544,6.826,7.267,7.537,7.823,8.059,8.288,8.518,8.738,8.994,9.235,9.487,9.726,9.985,10.279,10.526,10.744,10.987,11.212,11.434,
2,75,0.299,0.541,0.784,1.234,1.518,1.833,2.106,2.366,
2,76,0.113,0.369,0.574,0.805,1.025,1.275,1.490,1.726,1.961,2.190,2.435,2.711,2.947,3.219,3.417,3.625,3.852,4.115,4.433,
2,77,0.205,0.458,0.699,0.963,1.199,1.486,1.724,1.964,2.219,2.481,2.726,2.984,3.176,3.423,
2,78,0.148,0.398,
2,79,0.159,0.428,0.696,0.943,1.208,1.459,1.713,2.002,2.205,2.494,2.781,3.036,3.248,3.490,3.743,4.017,
2,80,0.118,0.361,0.594,0.799,1.023,1.248,1.467,1.694,1.922,2.150,2.400,2.650,2.877,3.113,3.331,3.566,3.824,4.244,4.499,4.749,5.002,5.485,5.732,5.944,6.177,
2,81,0.059,0.280,0.456,0.642,0.842,1.047,1.275,1.480,1.693,1.914,2.174,2.424,2.670,2.924,3.146,3.374,3.595,3.821,4.054,4.294,4.510,4.751,4.997,5.210,5.433,5.664,5.909,6.144,6.394,6.657,6.895,7.145,7.398,7.645,
2,82,0.092,0.313,0.585,0.838,1.090,1.329,1.586,1.809,2.134,2.401,2.716,2.963,3.438,3.708,3.973,4.268,4.519,4.775,5.019,
2,83,0.270,0.526,0.750,0.986,1.222,1.457,1.690,1.945,2.194,2.446,2.697,2.936,3.223,3.480,
2,84,0.036,0.270,0.487,0.714,0.933,1.173,1.419,1.661,1.891,2.126,2.354,2.546,2.781,3.021,3.278,3.476,3.714,3.951,4.215,4.440,4.695,4.916,5.139,5.392,5.639,5.874,6.072,
2,85,0.052,0.317,0.557,0.768,1.018,1.441,1.694,1.923,2.147,2.385,2.550,2.769,2.982,3.222,3.466,3.692,3.904,4.150,4.390,4.603,4.816,5.064,5.284,5.520,5.734,5.944,6.270,
2,86,0.074,0.399,0.604,0.843,1.318,1.558,1.817,2.041,
2,87,0.074,0.305,0.525,0.725,0.952,1.162,1.371,1.587,1.762,1.978,2.192,2.413,2.643,2.870,3.095,3.338,3.544,3.779,4.037,4.285,4.525,4.821,5.237,
2,88,0.064,0.302,0.570,
2,89,0.270,0.553,0.907,1.127,1.365,1.651,
2,90,0.209,0.464,0.697,0.926,1.173,1.416,1.659,1.899,2.126,2.377,2.611,2.854,3.124,3.341,3.565,3.776,4.016,4.267,4.476,4.840,
2,91,0.231,0.464,0.736,0.964,1.243,1.501,1.767,2.010,2.217,2.513,2.744,2.984,3.242,3.594,3.812,4.111,4.402,4.645,4.895,5.145,5.368,5.617,5.859,6.103,6.359,6.596,6.850,7.086,7.363,7.608,7.846,8.065,8.325,
2,92,0.177,0.401,0.641,0.871,1.115,1.332,1.545,1.771,2.021,2.232,2.442,2.642,2.872,3.099,3.331,3.564,3.776,
2,93,0.030,0.276,0.493,0.708,0.958,1.211,1.440,1.675,1.922,2.151,2.372,2.612,2.862,3.103,3.304,3.596,3.799,3.947,4.149,4.371,4.579,4.799,4.995,5.203,5.426,5.664,5.900,6.100,6.335,
2,94,0.115,0.365,0.577,0.799,1.032,1.264,1.488,1.735,1.970,2.213,2.432,2.677,2.898,3.180,3.437,3.648,3.860,4.099,
2,95,0.109,0.332,0.553,0.786,1.062,1.306,1.534,1.740,1.977,2.203,2.440,2.734,2.992,3.234,3.542,3.780,4.018,4.252,4.557,4.844,5.300,5.559,5.820,6.068,6.352,6.665,6.972,7.276,7.732,8.166,8.398,8.655,8.932,9.324,9.597,10.021,10.493,10.705,11.105,
2,96,,
2,97,0.065,0.288,0.519,0.808,1.090,1.400,1.625,1.872,2.150,2.413,2.702,2.970,3.223,3.527,3.826,4.106,4.352,4.667,4.944,5.186,5.519,5.796,6.041,6.291,6.552,6.788,7.019,7.269,7.520,7.770,8.020,8.270,8.440,8.719,9.020,9.244,9.489,9.707,9.948,10.183,10.454,
2,98,0.041,0.264,0.430,0.612,0.730,0.940,1.148,1.275,1.405,1.591,1.765,1.943,2.295,2.489,2.683,2.899,3.097,3.298,3.493,3.693,3.906,4.124,4.400,4.587,4.801,5.017,5.227,5.430,5.650,5.900,6.151,6.401,6.609,6.807,6.999,7.201,7.399,7.588,7.792,8.002,8.215,
2,99,0.320,0.583,0.806,1.238,
2,100,0.184,0.425,0.833,1.073,1.333,1.574,1.794,2.019,
2,101,,
2,102,0.238,0.493,0.708,0.959,1.214,1.461,1.765,1.984,2.236,2.525,2.777,3.063,3.374,3.715,3.899,4.149,4.411,4.667,5.094,5.388,5.624,5.864,6.098,6.400,6.650,6.907,7.193,7.488,7.829,8.075,
2,103,0.227,0.515,0.795,1.060,1.335,1.610,1.858,2.091,2.329,2.574,2.799,3.078,3.335,3.598,3.860,4.143,4.394,4.620,4.865,5.105,5.359,5.622,5.851,6.123,6.348,6.594,6.826,7.043,7.290,7.518,7.733,7.979,8.190,8.446,8.724,8.998,9.248,9.513,9.766,10.081,
2,104,0.082,0.325,0.541,0.782,1.037,1.321,1.547,1.814,2.076,2.387,2.637,
2,105,0.050,0.358,0.622,0.860,1.110,1.402,1.663,1.921,2.175,2.436,2.703,2.958,3.196,3.478,3.766,4.033,4.281,4.516,4.745,4.966,5.194,5.410,5.638,5.865,6.108,6.401,6.651,6.865,7.122,7.343,7.599,7.902,8.164,8.399,8.637,8.887,9.126,9.360,9.590,9.823,10.052,10.276,10.499,10.731,11.003,11.223,11.429,11.691,11.983,12.220,12.469,12.694,12.911,13.154,13.398,13.640,13.887,14.152,
2,106,0.191,0.425,0.667,0.888,1.175,1.417,1.670,1.950,2.188,2.409,
2,107,0.093,0.354,0.714,
2,108,0.060,0.320,0.546,0.759,0.998,1.219,1.445,1.647,1.856,2.095,2.312,2.533,2.751,2.997,3.242,3.460,3.689,3.916,4.154,4.401,4.655,4.895,5.104,
2,109,0.146,0.390,0.669,0.894,1.101,1.315,1.523,1.732,1.942,2.192,2.447,2.702,2.940,3.148,3.352,3.583,3.811,4.062,4.297,4.559,4.873,5.101,5.324,5.580,5.844,6.082,6.308,6.531,6.764,6.987,7.240,7.486,7.748,8.001,8.233,8.484,8.717,8.982,9.423,9.669,9.933,10.174,10.406,10.615,10.863,11.145,11.405,11.657,11.944,12.192,12.427,12.706,12.962,13.195,13.415,13.697,13.938,14.227,14.489,14.727,14.953,15.424,15.650,15.914,16.301,
2,110,0.048,0.261,0.468,0.682,0.899,1.123,1.357,1.562,1.776,1.979,2.178,2.396,2.649,2.896,3.119,3.357,3.589,3.819,4.013,4.230,4.440,4.656,4.861,5.067,5.271,5.499,5.714,5.949,6.189,6.421,6.677,6.920,7.163,7.398,7.648,7.898,8.148,8.399,8.616,8.863,9.079,9.312,9.577,9.839,10.058,10.315,10.587,10.876,11.116,11.348,11.612,11.869,12.177,12.496,12.767,13.017,13.282,13.567,13.819,14.083,14.332,14.555,
2,111,0.078,0.304,0.529,0.742,
2,112,0.139,0.349,0.580,0.803,1.019,1.238,1.470,1.703,1.923,2.167,2.402,2.668,2.903,3.137,3.361,3.574,3.819,4.055,4.305,4.527,4.783,5.045,5.313,5.542,5.798,5.991,
2,113,0.099,0.395,0.645,0.925,1.152,1.409,1.694,
2,114,0.080,0.321,0.556,0.780,1.047,1.305,1.555,1.802,2.035,2.275,2.522,2.768,3.002,3.269,3.519,3.750,4.019,4.239,
