0,1,0.274,0.463,0.647,0.841,1.041,1.223,1.415,1.598,1.799,1.998,2.180,2.368,2.569,2.782,2.977,3.175,3.399,3.585,3.778,3.926,4.149,4.429,4.659,4.856,5.045,5.240,5.461,5.681,5.912,6.150,6.372,6.719,7.150,7.309,7.497,7.707,7.928,8.139,8.348,8.550,8.785,9.018,9.208,9.436,9.644,9.885,10.107,10.565,
0,1,0.374,0.561,0.768,0.948,1.099,1.287,1.465,1.654,1.847,2.054,2.268,2.456,2.660,2.865,3.082,3.301,3.522,3.769,3.993,4.301,4.519,4.714,4.942,5.162,5.386,5.611,5.850,6.069,6.300,6.523,6.752,6.960,7.190,7.417,7.664,7.887,8.123,8.337,8.563,8.783,8.987,9.179,9.388,9.588,9.825,10.039,10.234,
0,1,,
0,1,0.108,0.297,0.480,0.678,0.885,1.204,1.402,1.592,1.788,1.971,2.170,2.368,2.563,2.779,2.979,3.189,3.408,3.636,3.848,4.057,4.285,4.520,4.749,4.955,5.185,5.387,5.609,5.832,6.040,6.246,6.460,6.666,6.915,7.138,7.400,7.617,7.842,7.999,8.207,8.433,8.615,8.826,9.022,9.250,9.450,9.674,9.889,10.116,
2,1,0.179,0.374,0.563,0.825,0.998,1.186,1.397,1.597,1.808,2.036,2.250,2.457,2.687,2.898,3.122,3.341,3.564,3.765,3.977,4.180,4.369,4.575,4.775,4.999,5.227,5.431,5.649,5.851,6.065,6.293,6.516,6.716,6.929,7.153,7.365,7.579,7.770,7.952,8.150,8.365,8.574,8.797,9.017,9.239,9.457,9.654,9.872,10.104,10.312,10.521,10.723,10.929,11.144,11.519,11.704,11.905,12.117,12.343,12.580,12.905,13.184,13.410,13.665,13.835,14.074,14.312,14.539,14.790,15.040,15.295,15.619,15.904,16.223,16.521,16.803,17.094,17.412,17.689,17.940,18.142,18.389,18.593,18.860,19.139,19.401,19.681,19.985,20.273,20.523,20.866,21.023,21.273,21.563,21.825,22.024,22.238,22.449,22.694,22.979,23.274,23.593,23.891,24.166,24.416,24.661,24.898,25.142,25.376,25.626,25.874,26.152,26.392,26.624,26.925,27.165,27.396,27.625,27.799,27.994,28.246,28.450,28.643,
2,2,0.177,0.361,0.601,0.814,
2,3,0.036,0.392,0.653,
2,4,0.197,0.454,0.697,0.921,1.170,1.423,1.670,
2,5,0.164,0.409,0.684,0.919,
2,6,0.238,0.469,0.695,0.900,1.102,1.346,1.610,1.851,2.091,2.314,2.535,2.778,3.024,3.268,3.490,3.721,3.909,4.104,4.345,4.587,4.886,5.194,5.437,5.714,6.019,6.321,6.549,6.770,7.003,7.237,7.467,7.707,8.061,8.288,8.527,8.778,9.033,9.271,9.521,9.750,10.021,10.272,10.522,10.772,11.022,11.272,11.497,11.745,11.972,12.195,12.428,12.656,12.889,13.140,13.346,13.587,13.798,14.023,14.223,14.444,14.655,14.852,
2,7,0.046,0.309,0.549,0.770,0.996,1.243,1.472,1.690,1.911,2.151,2.367,2.592,2.805,3.021,3.221,3.448,3.691,3.969,4.201,4.452,4.672,4.892,5.120,5.321,5.532,5.787,6.036,6.276,6.498,6.717,6.909,7.157,7.366,7.615,7.876,8.107,8.334,8.577,8.813,9.044,9.198,9.408,9.598,9.814,10.031,10.274,10.525,10.775,10.997,11.232,11.465,11.739,11.987,12.213,12.427,12.612,12.808,
2,8,0.103,0.341,0.599,
2,9,0.186,0.394,0.618,0.839,1.068,1.303,1.555,1.815,2.036,2.269,2.519,2.745,2.984,3.223,3.459,3.719,3.898,4.137,4.351,4.578,4.805,5.030,5.270,5.497,5.727,5.962,6.208,6.446,6.711,6.941,7.188,7.423,7.677,7.909,8.157,8.401,8.642,8.868,9.108,9.336,9.568,9.810,10.055,10.285,10.540,10.750,10.966,11.179,11.367,11.550,
2,10,0.099,0.315,0.541,0.783,0.994,1.219,1.444,1.675,1.906,2.141,2.391,2.616,2.843,3.091,3.322,3.557,3.795,4.032,4.295,4.532,4.783,5.033,5.276,5.526,5.747,5.962,6.170,6.400,6.627,6.861,7.074,7.314,7.551,7.791,8.015,8.247,8.465,8.691,8.919,9.151,9.364,9.601,9.826,10.057,10.283,10.495,10.709,10.922,11.115,11.329,11.538,11.732,
2,11,0.037,0.273,0.514,0.764,1.014,1.248,1.496,1.733,1.979,2.225,2.474,2.717,2.966,3.220,3.481,3.749,4.015,4.249,4.482,4.725,4.966,5.211,5.451,5.681,5.917,6.157,6.400,6.605,6.828,7.059,7.284,7.532,7.767,8.002,8.251,8.485,8.725,8.963,9.184,9.408,9.614,9.827,10.048,10.268,10.428,
2,12,0.046,0.272,0.483,0.716,0.970,1.211,1.461,1.706,1.973,2.223,2.501,2.748,2.986,3.241,3.524,3.774,4.001,4.244,4.493,4.742,4.985,5.211,5.448,5.674,5.906,6.113,6.325,6.555,6.773,7.026,7.246,7.493,7.740,7.996,8.219,8.452,8.682,8.919,9.150,9.393,9.615,9.849,10.069,10.260,10.485,10.696,10.911,11.144,11.348,11.599,11.787,
2,13,0.161,0.389,0.620,0.826,1.064,1.294,1.529,1.788,
2,14,0.133,0.361,0.595,0.823,1.041,1.277,1.517,1.751,2.018,2.268,2.518,2.780,3.035,3.293,3.518,3.750,3.989,4.240,4.483,4.735,5.001,5.247,5.479,5.698,5.925,6.163,6.410,6.653,6.886,7.118,7.346,7.583,7.839,8.079,8.328,8.577,8.827,9.086,9.313,9.538,9.742,9.968,10.191,10.410,10.650,10.828,11.065,
2,15,0.045,0.287,0.534,0.787,1.049,1.299,1.554,1.804,2.057,2.312,2.559,2.814,3.075,3.308,3.565,3.808,4.063,4.335,4.607,4.830,5.061,5.308,5.581,5.814,6.059,6.319,6.566,6.785,7.028,7.275,7.502,7.727,7.953,8.206,8.476,8.733,8.974,9.214,9.442,9.686,9.935,10.175,10.415,
2,16,0.035,0.285,0.523,0.765,1.012,1.238,1.470,1.712,1.952,2.185,2.428,2.663,2.921,3.159,3.396,3.611,3.846,4.094,4.376,4.647,4.901,5.172,5.429,5.704,5.975,6.217,6.462,6.728,6.999,7.265,7.525,7.782,8.040,8.296,8.552,8.807,9.076,9.314,9.541,9.766,10.016,10.233,10.458,10.684,10.900,11.112,11.355,11.556,11.748,11.937,12.144,12.401,
2,17,0.067,0.303,0.529,0.770,1.017,1.246,1.486,1.700,1.906,2.118,2.371,2.581,2.822,3.050,3.272,3.518,3.735,3.969,4.189,4.422,4.657,4.900,5.136,5.370,5.585,5.813,
2,18,0.052,0.299,0.554,0.820,1.071,1.319,
2,19,0.036,0.252,0.464,0.683,0.923,1.140,1.387,1.620,1.866,
2,20,0.250,0.492,0.729,0.985,1.270,1.520,1.770,2.020,2.271,2.527,2.771,3.021,3.271,3.499,3.749,3.996,4.246,4.522,4.736,4.999,5.272,5.497,5.736,5.980,6.225,6.460,6.703,6.941,7.189,7.440,7.701,7.946,8.174,8.439,8.674,8.905,9.140,9.352,9.566,9.799,10.024,10.306,10.537,10.856,
2,21,0.150,0.352,0.607,0.856,1.105,1.353,1.593,1.836,2.093,2.346,2.581,2.831,3.101,3.323,
2,22,0.238,0.484,0.762,
2,23,0.239,0.458,0.698,0.935,1.188,1.427,1.653,1.871,2.111,2.357,2.650,2.900,3.150,3.386,3.624,3.867,4.078,4.326,4.584,4.829,5.094,5.334,5.606,5.841,6.098,6.349,6.597,6.857,7.085,7.320,7.538,7.769,7.993,8.233,8.461,8.702,8.940,9.191,9.422,9.674,9.927,10.168,10.417,10.663,10.887,11.126,11.364,11.584,11.810,12.021,12.208,12.427,12.626,
2,24,0.212,0.454,0.701,0.919,
2,25,0.259,0.478,0.728,0.939,1.199,1.425,1.663,1.897,2.143,2.393,2.643,2.913,3.200,3.437,3.681,3.926,4.183,4.448,4.711,4.963,5.223,5.456,5.694,5.927,6.180,6.413,6.627,6.862,7.122,7.364,7.607,7.855,8.091,8.326,8.554,8.774,8.970,9.178,9.372,
2,26,0.071,0.308,0.537,0.773,1.023,1.277,1.530,1.774,2.024,2.251,2.493,2.741,2.960,3.188,3.423,3.681,3.928,4.181,4.438,4.689,4.939,5.203,5.464,5.722,
2,27,0.035,0.285,0.492,0.750,1.019,1.229,1.500,1.738,1.994,2.247,2.520,2.770,3.020,3.274,3.520,3.780,4.048,4.310,4.548,4.788,5.043,5.298,5.553,5.821,6.078,6.350,6.569,6.799,7.047,7.276,7.522,7.752,7.995,8.218,8.456,8.664,8.893,9.112,9.332,9.523,9.738,9.939,10.179,
2,28,0.092,0.335,0.580,0.820,1.067,1.293,1.528,1.779,2.019,2.276,2.536,2.779,3.023,3.288,3.529,3.783,4.028,4.263,4.495,4.716,4.941,5.174,5.397,5.620,5.864,
2,29,0.229,0.474,0.720,0.993,1.213,1.465,1.702,1.953,2.213,2.468,2.750,2.983,3.233,3.520,3.789,4.049,4.304,4.588,4.858,5.096,5.338,5.581,5.865,6.134,6.346,6.592,6.820,7.036,7.223,7.436,7.672,
2,30,0.207,0.449,0.703,0.976,1.223,1.417,1.614,1.826,
2,31,0.147,0.388,0.621,0.867,1.112,1.354,1.600,1.847,2.103,2.337,2.561,2.802,3.045,3.324,3.581,3.846,4.111,4.351,4.594,4.839,5.098,5.357,5.607,5.876,6.372,6.578,6.819,7.080,
2,32,0.248,0.483,0.772,
2,33,0.254,0.521,0.747,0.994,1.222,1.464,1.724,1.979,2.222,2.457,2.705,2.955,3.188,3.441,3.676,3.916,4.169,4.422,4.652,4.907,5.160,5.432,5.660,5.908,6.144,6.391,6.600,6.823,7.024,7.227,7.464,7.678,7.911,8.168,
2,34,0.208,0.421,0.647,0.859,1.056,1.274,1.486,1.717,1.944,2.180,2.423,2.668,2.926,3.186,3.437,3.732,3.974,4.228,4.525,4.800,5.048,5.330,5.600,5.862,6.112,6.352,6.576,6.797,7.043,7.260,7.477,7.678,
2,35,0.105,0.334,0.582,0.848,1.105,1.369,1.620,1.875,2.106,2.363,2.647,2.934,3.196,3.467,3.696,3.952,4.234,4.515,4.768,5.024,5.294,5.572,5.814,6.057,6.300,6.540,6.766,6.970,7.176,7.416,7.650,
2,36,0.069,0.307,0.533,0.810,1.048,1.308,1.575,1.855,2.125,2.400,2.650,2.877,3.107,3.328,
2,37,0.111,0.388,0.704,0.962,1.220,1.501,1.809,2.076,2.353,2.625,2.892,3.203,3.467,3.726,3.971,4.233,4.495,4.745,5.027,5.280,5.541,5.800,6.034,6.248,6.493,6.738,6.978,
2,38,0.064,0.302,0.550,
2,39,0.035,0.285,0.574,0.805,1.045,1.308,1.572,1.830,2.090,2.343,2.590,2.846,3.099,3.372,
2,40,0.223,0.432,0.687,0.919,1.172,1.445,1.705,1.954,2.229,2.484,2.775,3.049,3.334,
2,41,0.041,0.304,0.573,0.841,1.078,1.338,1.606,1.892,2.142,2.398,2.666,2.939,3.238,3.493,3.733,4.009,4.264,4.514,4.769,5.019,5.289,5.544,5.791,
2,42,0.113,0.401,0.640,0.867,1.109,1.350,1.607,1.859,2.124,2.422,2.677,2.953,3.194,3.450,3.712,3.974,4.229,4.486,4.743,4.979,5.246,5.494,5.749,6.021,6.243,6.464,
2,43,0.213,0.478,0.773,1.023,1.283,1.524,1.777,2.031,2.296,2.563,2.811,3.065,3.324,3.589,3.838,4.088,4.356,4.642,4.914,5.171,5.433,5.696,5.954,6.224,6.526,6.759,7.001,7.260,7.490,7.726,7.954,8.168,
2,44,0.031,0.275,0.544,0.800,1.040,1.285,1.540,1.800,2.062,2.325,2.597,2.866,3.122,3.393,
2,45,0.206,0.458,0.694,0.956,1.233,1.499,1.743,2.002,2.239,2.517,2.767,3.030,3.290,3.543,3.805,4.047,4.304,4.563,4.825,5.072,5.323,5.585,5.835,6.112,6.362,6.610,6.815,7.046,7.270,7.455,
2,46,0.156,0.413,
2,47,0.265,0.515,0.782,1.022,1.516,
2,48,0.187,0.428,0.660,0.907,
2,49,0.074,0.298,0.543,0.812,1.058,1.342,1.609,1.859,2.143,2.396,2.660,2.925,3.175,
2,50,0.098,0.339,0.594,0.860,
2,51,0.114,0.346,0.602,0.850,1.112,1.368,1.662,1.922,2.179,2.464,2.719,2.967,3.229,3.482,3.737,3.990,4.268,4.555,4.807,5.085,5.346,5.621,5.902,6.150,6.405,6.672,6.920,7.160,7.359,
2,52,0.245,0.509,0.791,1.054,1.323,1.571,1.813,
2,53,0.146,0.408,0.670,0.955,1.207,1.500,1.763,2.028,2.263,2.528,2.791,3.055,3.306,
2,54,0.273,0.524,0.774,1.030,1.274,1.549,1.804,
2,55,0.144,0.391,0.654,0.917,1.176,1.452,1.726,
2,56,0.100,
2,57,0.162,0.416,0.672,0.905,
2,58,0.041,0.294,0.568,0.816,1.073,1.335,1.590,1.838,2.102,2.358,2.617,2.889,3.139,3.389,3.656,3.915,4.169,4.390,4.621,4.834,
2,59,0.249,0.519,0.769,1.023,1.287,1.569,1.844,
2,60,0.194,0.457,
2,61,0.134,0.396,0.651,0.902,1.161,1.441,1.692,1.958,2.235,2.494,2.740,3.019,3.269,3.541,3.813,4.056,4.318,4.569,4.826,5.047,
2,62,0.038,0.281,0.522,0.772,1.025,1.272,1.538,1.819,2.089,2.351,2.621,2.889,3.139,3.402,3.662,3.946,4.206,4.444,4.701,4.957,5.212,5.474,5.737,
2,63,0.182,0.437,0.667,0.923,1.179,1.425,1.677,1.939,2.212,2.474,2.714,2.977,3.244,
2,64,0.143,0.368,0.620,0.893,1.113,1.363,1.616,1.865,2.115,2.367,2.644,2.894,3.144,3.394,3.605,3.860,4.091,4.322,4.562,4.810,5.062,5.302,5.575,5.838,6.109,6.362,6.612,6.824,7.057,7.306,
2,65,0.098,0.354,0.613,0.874,1.155,1.424,1.689,1.942,
2,66,0.035,0.293,0.545,0.813,1.081,1.349,1.591,1.873,2.149,2.421,2.679,2.953,3.230,3.516,3.733,3.998,4.267,4.546,4.784,5.032,5.292,5.554,5.787,
2,67,0.114,0.368,0.618,0.862,1.111,1.398,1.658,1.930,2.182,2.435,2.675,2.962,3.220,3.489,3.766,4.026,4.288,4.560,4.791,5.029,5.301,5.546,5.773,6.036,6.271,6.517,6.716,6.900,
2,68,0.115,0.349,0.670,0.949,1.193,1.449,1.691,1.950,2.211,2.469,2.722,2.976,3.234,
2,69,0.047,0.308,0.574,0.832,1.081,
2,70,0.061,0.311,0.564,0.836,1.081,1.317,1.574,1.810,2.058,2.315,2.579,2.837,3.063,3.335,3.582,3.860,4.116,4.365,4.617,4.855,5.103,5.346,5.561,5.777,5.993,6.220,
2,71,0.114,0.340,0.563,0.777,0.988,1.209,1.427,1.671,
2,72,0.141,0.377,
2,73,0.115,0.399,
2,74,0.267,0.529,0.785,1.052,1.317,1.564,1.833,2.071,2.326,2.607,2.854,3.119,3.371,3.621,3.850,4.117,4.372,4.636,
2,75,0.044,0.301,0.537,0.782,1.047,1.305,1.564,1.854,2.111,2.372,2.635,2.902,3.184,
2,76,0.084,0.329,0.573,0.825,1.075,1.348,1.603,1.858,2.098,2.346,2.613,2.872,3.134,3.371,3.616,3.851,4.109,4.366,4.619,4.871,5.135,5.365,5.605,5.860,6.107,
2,77,0.029,0.273,0.526,
2,78,0.067,0.308,0.566,0.818,1.056,1.316,1.586,1.828,2.091,2.370,2.619,2.890,3.137,3.408,3.661,3.907,4.173,4.412,4.690,4.914,5.183,5.457,5.707,5.957,
2,79,0.248,0.483,
2,80,0.264,0.517,
2,81,0.277,0.523,0.782,1.050,1.303,1.543,1.784,2.048,2.309,2.556,2.804,3.058,3.307,3.573,3.821,4.086,4.346,4.596,4.859,5.125,5.399,5.649,5.867,6.109,6.342,
2,82,0.206,0.470,0.730,0.991,
2,83,0.150,0.361,0.595,0.862,1.150,1.398,1.634,1.899,2.157,2.413,2.663,2.938,3.208,3.518,
2,84,0.097,0.340,0.581,0.819,1.086,1.351,1.598,1.846,2.074,2.334,2.563,2.834,3.082,3.329,
2,85,0.060,0.325,0.590,0.852,1.138,1.388,1.652,1.917,2.161,2.438,2.701,2.960,3.206,3.443,3.684,3.916,4.140,4.369,
2,86,0.230,0.482,0.746,0.988,1.241,1.481,1.729,1.990,2.231,2.494,2.772,3.022,3.273,3.550,3.792,4.026,4.286,4.543,4.820,5.053,5.283,
2,87,0.100,0.367,0.619,0.873,1.141,1.372,1.641,1.891,2.141,2.421,2.693,2.975,3.237,3.485,3.752,4.025,4.245,4.473,4.687,4.896,5.092,
2,88,0.264,0.496,0.765,1.021,1.294,1.559,1.807,2.074,2.341,2.606,2.863,3.109,3.403,3.649,3.906,4.162,4.409,4.663,4.922,5.153,5.377,5.595,5.799,
2,89,0.034,0.268,0.518,0.802,1.057,1.315,1.567,1.815,2.075,2.325,2.578,2.823,3.081,3.322,3.573,3.809,4.026,
2,90,0.122,0.368,0.625,0.870,1.144,1.374,1.644,1.894,2.144,2.404,2.621,2.895,3.145,3.395,3.662,3.915,4.145,4.395,4.621,4.856,5.088,5.293,5.548,
2,91,0.198,0.449,0.680,0.930,1.182,1.452,1.729,2.001,2.263,2.513,2.799,3.045,3.314,3.553,3.801,4.034,4.280,4.514,4.721,4.962,5.242,5.479,
2,92,0.119,0.386,0.670,0.922,1.177,1.422,1.674,1.922,2.178,2.433,2.683,2.887,3.161,3.404,3.698,3.999,
2,93,0.274,0.521,0.771,1.021,1.271,1.521,1.771,2.028,2.340,2.623,2.897,3.214,3.489,3.772,4.026,4.299,4.540,4.787,4.995,
2,94,0.053,0.432,
2,95,0.112,0.338,0.611,0.848,
2,96,0.045,0.300,0.529,0.791,1.062,1.317,1.575,1.827,
2,97,0.150,0.371,0.627,0.865,1.134,1.387,1.651,1.885,2.137,2.397,2.618,2.844,3.072,3.300,3.525,3.745,
2,98,0.141,0.391,0.641,0.918,1.203,1.455,1.721,1.977,2.275,2.525,2.800,3.045,3.339,3.604,3.864,4.124,4.367,4.620,
2,99,0.049,0.300,0.569,0.837,1.104,1.367,1.648,1.911,2.184,2.464,2.741,3.022,3.272,3.539,3.785,
2,100,0.163,0.405,
2,101,0.055,0.296,0.552,0.806,1.061,1.335,1.613,1.869,2.149,2.399,2.690,2.985,3.233,3.451,3.666,
2,102,0.074,0.315,0.550,0.776,1.000,1.216,1.454,1.714,1.952,2.207,2.462,2.727,2.989,3.274,3.564,3.809,4.035,4.268,4.485,
2,103,0.187,0.445,0.712,0.992,1.266,1.550,1.792,2.060,2.305,2.587,2.868,3.126,3.400,3.657,3.915,4.167,4.425,4.658,4.901,
2,104,0.102,0.359,0.611,0.899,1.149,1.400,1.650,
2,105,0.033,0.279,0.516,0.743,1.017,1.273,1.561,1.818,2.092,2.361,2.608,2.851,3.109,3.346,
2,106,0.272,0.522,0.785,1.035,1.305,1.569,1.839,2.089,2.360,2.619,2.876,3.140,3.413,3.660,3.915,4.185,4.432,
2,107,0.273,0.524,0.788,1.024,1.297,1.583,1.820,
2,108,0.061,0.305,0.548,0.793,1.048,1.298,1.570,1.828,
2,109,0.050,0.310,0.579,0.817,1.060,1.335,1.612,1.893,2.160,2.444,2.714,2.972,3.200,
2,110,0.080,0.349,0.595,
2,111,0.086,0.362,0.599,0.859,1.127,1.409,1.664,1.912,2.160,2.410,2.674,2.916,3.161,
2,112,0.121,0.395,0.645,0.895,1.145,1.399,1.655,1.911,2.171,2.425,2.680,2.918,3.159,3.374,3.609,
2,113,0.046,0.296,0.546,0.798,1.067,1.331,1.586,1.824,2.079,2.346,2.591,2.852,3.104,3.337,
2,114,0.199,0.440,0.683,0.920,1.189,1.453,1.721,1.986,2.281,2.558,2.838,3.068,3.321,
2,115,0.146,0.396,0.656,0.918,1.195,1.450,1.722,1.968,2.223,2.477,2.733,2.992,3.241,
2,116,0.056,0.297,0.553,0.811,1.064,1.294,1.574,1.852,
2,117,0.213,0.462,0.716,0.960,1.222,1.462,1.709,1.960,2.214,2.464,2.771,3.021,3.271,3.521,3.791,4.021,4.271,4.499,4.744,4.991,5.228,5.488,5.732,6.181,
2,118,0.068,0.320,0.569,0.843,
2,119,0.053,0.340,0.582,0.846,1.129,1.366,1.622,1.875,2.146,2.377,2.646,2.846,3.045,
2,120,0.213,0.453,0.697,0.973,
2,121,0.146,0.377,0.612,0.850,
2,122,0.081,0.338,0.586,0.836,
2,123,0.082,0.346,0.587,0.857,1.141,1.391,1.641,1.908,2.161,2.395,2.623,
2,124,0.050,0.283,0.525,0.798,
2,125,0.140,0.365,
2,126,0.168,0.433,0.673,0.934,1.205,1.451,1.701,1.956,2.187,2.455,2.694,2.912,3.120,
2,127,0.186,0.445,0.725,0.953,
2,128,0.228,0.449,0.687,0.905,
2,129,0.082,0.298,0.524,0.722,0.939,
2,130,0.062,0.287,0.517,0.729,0.929,1.151,1.336,1.532,
2,131,0.179,0.417,0.635,0.867,
2,132,0.220,0.436,0.684,0.949,1.178,1.420,1.649,1.852,2.071,
2,133,0.117,0.349,0.566,0.809,1.053,1.280,1.502,
2,134,0.041,0.287,0.488,0.719,0.960,1.207,1.443,1.688,
2,135,0.232,0.498,0.723,0.975,1.233,1.479,1.726,1.963,
2,136,0.211,0.468,
2,137,0.194,0.417,0.664,0.919,1.172,1.449,1.692,
2,138,0.199,0.450,0.690,0.950,1.215,1.484,1.745,
2,139,0.040,0.300,0.526,
2,140,0.273,
2,141,0.032,0.475,0.696,0.899,
2,142,0.150,0.372,0.650,0.926,1.189,1.466,1.724,
2,143,0.274,
2,144,,
