0,1,,
0,1,0.134,0.344,0.550,0.728,0.902,1.077,1.268,1.454,1.652,1.867,2.061,2.248,2.431,2.618,2.809,2.994,3.177,3.370,3.569,3.770,3.965,4.156,4.349,4.547,4.770,4.967,5.158,5.370,5.545,5.730,6.056,6.271,6.445,6.641,6.850,7.068,7.271,7.521,7.696,7.873,8.039,8.208,8.376,8.554,8.742,8.921,9.090,9.272,9.463,9.649,9.832,10.023,10.196,10.376,10.565,10.820,
0,1,0.095,0.271,0.430,0.586,0.751,0.913,1.080,1.249,1.416,1.585,1.768,1.921,2.092,2.268,2.423,2.597,2.772,2.942,3.114,3.284,3.459,3.636,3.801,3.981,4.155,4.333,4.519,4.682,4.858,5.030,5.213,5.387,5.573,5.750,5.933,6.118,6.297,6.481,6.666,6.847,7.037,7.200,7.373,7.555,7.731,7.904,8.081,8.271,8.451,8.655,8.838,9.022,9.222,9.406,9.598,9.789,9.985,10.177,
0,1,0.124,0.280,0.440,0.599,0.768,0.921,1.092,1.268,1.419,1.585,1.768,1.919,2.095,2.268,2.429,2.597,2.769,2.921,3.090,3.333,3.541,3.905,4.102,4.289,4.466,4.639,4.836,5.036,5.223,5.526,5.770,5.935,6.113,6.280,6.459,6.644,6.807,6.972,7.140,7.310,7.481,7.660,7.771,7.946,8.114,
1,1,0.075,0.249,0.421,0.586,0.748,0.918,1.083,1.251,1.423,1.601,1.782,1.968,2.147,2.329,2.514,2.684,2.858,3.034,3.211,3.398,3.568,3.746,3.924,4.101,4.280,4.460,4.648,4.813,4.984,5.162,5.346,5.522,5.705,5.899,6.057,6.240,6.429,6.607,6.796,6.976,7.149,7.318,7.486,7.660,7.835,8.026,8.214,8.403,8.596,8.787,8.984,9.183,9.384,9.569,9.767,9.951,10.139,10.314,10.494,10.674,10.849,11.024,11.189,11.364,11.533,11.706,11.887,12.041,12.220,12.395,12.588,12.769,12.944,13.135,13.311,13.495,13.683,13.868,14.056,14.238,14.418,14.586,14.770,14.927,15.094,15.287,15.469,15.640,15.800,15.964,16.146,
1,2,,
1,3,0.040,0.196,0.350,0.524,0.663,0.823,0.987,1.151,1.314,1.472,1.641,1.802,1.967,2.141,2.309,2.479,2.654,2.834,3.025,3.175,3.361,3.538,3.718,3.892,4.070,4.249,4.424,4.592,4.776,4.930,5.100,5.276,5.447,5.625,5.806,5.989,6.176,6.367,6.542,6.727,6.906,7.085,7.285,7.455,7.644,7.829,8.013,8.195,8.374,
1,4,0.250,0.454,0.600,0.769,0.943,1.118,1.295,1.471,1.658,1.836,2.019,2.166,2.340,2.520,2.685,2.870,3.020,3.170,3.338,3.498,3.663,3.834,4.020,4.173,4.346,4.524,4.703,4.887,5.063,5.250,5.427,5.602,5.778,5.956,6.138,6.308,6.480,6.655,6.833,7.022,7.188,7.367,7.542,7.720,7.899,8.070,8.252,8.431,8.611,8.795,8.973,9.166,9.348,9.533,9.721,9.904,10.086,10.273,10.449,10.640,10.823,11.024,11.184,11.366,11.551,11.733,11.918,12.098,
1,5,0.114,0.285,0.469,0.642,0.820,1.002,1.177,1.354,1.527,1.719,1.905,2.083,2.262,2.442,2.643,2.807,2.994,3.150,3.321,3.492,3.665,3.858,4.030,4.211,4.394,4.576,4.764,4.938,5.114,5.295,5.464,5.645,5.827,6.019,6.192,6.395,6.568,6.765,6.959,7.145,7.335,7.526,7.712,7.899,8.084,
1,6,0.086,0.272,0.450,0.626,0.807,0.980,1.150,1.326,1.511,1.681,1.859,2.038,2.216,2.394,2.579,2.765,2.944,3.145,3.320,3.512,3.712,3.877,4.053,4.234,
1,7,0.247,0.418,0.590,0.772,0.958,1.144,1.304,1.480,1.656,1.834,2.011,2.184,
1,8,0.188,0.362,0.540,0.721,0.898,1.074,1.261,1.429,1.621,1.799,1.998,2.187,
1,9,,
1,10,0.215,0.389,0.562,0.738,1.023,1.247,1.542,1.735,
1,11,0.202,0.387,0.561,0.732,0.904,1.080,1.271,1.439,1.622,1.794,1.961,2.138,2.335,2.561,2.714,2.873,3.039,3.216,3.388,3.561,3.737,3.910,4.089,4.272,4.456,4.616,4.800,4.986,5.171,5.361,5.538,5.718,5.900,6.083,6.273,6.456,6.652,6.840,7.023,7.198,7.390,7.578,7.774,7.958,8.147,8.340,8.528,8.710,8.894,9.156,9.326,9.500,9.681,9.858,10.043,10.213,10.398,10.587,10.775,11.050,11.212,11.392,11.563,11.776,11.942,12.143,12.326,12.509,12.707,12.900,13.089,13.276,13.470,13.658,13.844,14.034,14.227,14.413,14.604,14.802,15.000,15.191,15.377,15.565,15.761,15.956,16.144,
1,12,0.149,0.308,0.493,0.672,0.844,1.020,1.194,1.359,1.526,1.692,1.870,2.041,2.222,2.404,2.581,2.767,2.939,3.117,3.299,3.482,3.670,3.862,4.055,4.243,4.429,4.617,4.799,4.985,5.177,5.362,5.553,5.728,5.905,6.082,6.269,6.447,6.646,6.833,7.019,7.190,7.386,7.571,7.749,7.932,8.116,8.294,8.475,8.668,8.854,9.045,9.237,9.420,9.611,9.803,10.000,10.201,10.387,10.580,10.778,10.970,11.166,11.360,11.558,11.771,11.961,12.164,12.353,12.539,12.726,12.924,13.139,13.317,13.522,13.705,13.889,14.077,14.273,
1,13,0.149,0.315,0.500,0.686,0.872,1.038,1.201,1.367,1.546,1.726,1.910,2.098,2.277,2.454,2.650,2.836,3.035,3.222,3.421,3.604,3.783,3.978,4.162,4.361,4.557,4.751,4.945,5.142,5.337,5.531,5.732,5.925,6.118,6.323,6.522,6.721,6.900,7.076,7.269,7.447,7.636,7.824,8.020,8.203,8.400,8.596,8.787,8.979,9.180,9.376,9.574,9.770,9.950,10.146,10.337,10.524,10.723,10.916,11.115,11.308,11.521,11.714,11.903,12.088,12.286,12.489,12.800,13.022,13.195,13.389,13.588,13.814,13.992,14.179,14.366,14.551,14.745,14.934,15.140,15.330,15.536,15.733,15.931,16.127,
1,14,0.159,0.358,0.548,0.733,0.920,1.112,1.300,1.490,1.677,1.865,2.066,2.252,2.438,2.634,2.819,3.018,3.220,3.402,3.591,3.787,3.982,
1,15,0.194,0.372,0.563,0.769,0.939,1.127,1.311,1.496,1.685,1.876,2.075,2.269,2.464,2.656,2.851,3.042,3.234,3.410,3.594,3.807,4.020,4.197,4.390,4.584,4.781,4.985,5.176,5.388,5.580,
1,16,0.218,0.405,0.600,0.796,0.991,1.174,1.351,1.537,1.724,1.913,2.108,2.297,2.493,2.686,2.892,3.089,3.282,3.475,3.667,3.876,4.082,4.279,4.474,4.677,4.875,5.071,5.259,5.437,5.643,5.819,6.026,6.222,6.420,6.613,6.814,7.010,7.205,7.394,7.594,7.800,8.011,8.203,
1,17,0.304,0.479,0.658,0.843,1.031,1.215,1.398,1.593,1.782,
1,18,0.025,0.219,0.402,0.585,0.776,0.952,1.143,
1,19,0.043,0.231,0.415,0.596,0.792,0.974,1.170,1.358,1.552,1.742,1.933,2.124,2.317,2.518,2.699,2.893,3.075,3.268,3.459,3.652,3.845,4.041,4.236,4.430,4.627,4.830,5.019,5.214,5.402,5.586,5.769,5.956,6.145,6.336,6.534,6.725,6.925,7.118,7.314,7.520,7.700,7.898,8.099,
1,20,0.071,0.247,0.433,0.621,0.823,1.021,1.200,
1,21,0.059,0.270,0.446,0.637,
1,22,0.108,0.286,0.456,0.638,0.821,1.017,1.177,1.355,1.537,1.724,1.916,2.101,2.290,
1,23,0.059,0.236,0.412,0.586,0.777,0.948,
1,24,0.168,0.357,0.535,
1,25,0.188,0.373,0.564,0.763,0.946,1.144,1.327,1.520,1.703,1.894,2.075,2.278,2.473,2.667,2.856,3.046,3.233,3.430,3.615,3.805,3.994,4.185,4.370,4.571,4.762,4.957,5.156,5.351,5.540,5.740,5.936,6.146,6.304,6.495,6.686,6.877,7.073,7.280,7.473,7.672,7.871,8.075,8.281,8.469,8.657,8.853,9.069,9.281,9.468,9.663,9.868,10.074,10.282,10.484,10.680,10.898,11.087,11.289,11.482,11.676,11.867,12.070,12.282,12.466,12.674,12.899,13.088,13.303,13.501,13.700,13.900,14.098,
1,26,0.126,0.318,0.519,0.701,0.889,1.081,1.269,1.470,1.660,1.863,2.059,2.252,
1,27,0.124,0.316,0.516,0.697,0.883,1.076,1.267,1.443,1.634,1.826,2.002,2.195,2.376,2.576,2.771,2.973,3.354,3.525,3.708,3.901,4.087,4.288,4.476,4.667,4.867,5.075,5.283,5.502,5.689,5.888,6.091,6.294,6.503,6.704,6.903,7.108,7.319,7.530,7.746,7.955,8.155,8.358,8.560,8.770,8.953,9.146,9.347,9.541,9.750,9.953,10.167,10.369,10.561,10.771,10.962,11.168,11.370,11.576,11.782,11.976,12.181,12.389,12.589,12.792,12.988,13.193,13.393,13.602,13.808,13.998,14.209,14.402,14.599,14.808,15.023,15.221,15.427,15.623,15.830,16.048,
1,28,0.041,0.234,0.426,0.623,0.807,0.989,1.179,1.364,1.558,1.758,1.951,2.159,2.369,2.567,2.759,2.939,3.142,3.323,3.526,3.709,3.908,4.098,4.283,4.482,4.678,4.866,5.073,5.284,5.480,5.676,5.894,6.084,6.295,6.493,6.698,6.894,7.100,7.295,7.496,7.698,7.898,8.094,8.296,8.499,8.702,8.902,9.095,9.291,9.497,9.714,9.930,10.146,10.356,10.576,10.786,10.990,11.188,11.396,11.587,11.790,11.990,12.194,12.397,
1,29,0.218,0.412,0.610,0.813,1.020,1.216,1.417,1.633,1.838,2.032,2.232,
1,30,0.149,0.337,0.528,0.721,0.924,1.126,1.328,1.523,1.729,1.934,2.133,2.331,2.539,2.739,2.938,3.134,3.326,3.527,3.730,3.936,
1,31,0.057,0.265,0.455,0.649,0.839,1.022,1.199,1.375,1.568,1.766,1.951,2.150,2.316,2.491,2.670,2.870,3.076,3.267,3.482,3.688,3.900,4.084,4.277,4.482,4.686,4.887,5.088,5.288,5.500,5.703,5.904,6.117,6.323,6.518,6.720,6.926,7.148,7.333,7.522,7.729,7.939,8.136,8.333,8.526,8.731,8.958,9.179,9.374,9.577,9.770,9.962,10.151,10.354,10.560,10.770,10.960,11.162,11.359,11.570,11.771,11.974,12.182,12.388,12.575,12.771,12.954,13.151,13.350,13.556,13.789,13.999,14.194,14.389,14.576,14.772,14.956,15.139,15.322,15.523,15.724,15.924,16.117,
1,32,0.105,0.319,0.525,0.692,0.889,1.074,1.276,1.470,1.674,1.896,2.099,2.310,
1,33,0.247,0.433,0.646,0.838,1.039,1.245,1.449,1.647,1.844,2.046,2.242,2.446,2.660,2.855,3.049,3.241,3.439,3.648,3.841,4.039,4.244,4.443,4.648,4.822,5.015,5.203,5.399,5.598,5.812,6.016,6.218,6.434,6.649,6.870,7.085,7.281,7.489,7.689,7.903,8.165,
1,34,0.203,0.391,0.584,0.785,0.978,1.171,1.369,1.562,1.768,1.951,2.151,2.359,2.555,2.735,2.929,3.115,3.281,3.464,3.643,3.830,
1,35,0.138,0.346,0.565,0.781,0.983,1.191,1.412,1.627,1.831,2.029,2.222,2.522,2.686,2.889,3.092,3.290,3.485,3.689,3.890,4.098,4.318,4.557,4.773,4.962,5.168,5.372,
1,36,0.149,0.308,0.500,0.703,0.900,1.082,1.282,1.477,1.684,1.870,2.076,2.277,2.470,2.684,2.884,3.084,3.274,3.453,3.626,3.809,4.018,4.206,4.397,4.595,4.775,4.976,5.157,5.362,5.556,5.748,5.951,6.147,6.350,6.563,6.773,6.989,7.208,7.418,7.614,7.812,8.020,8.209,8.410,8.607,8.800,8.987,9.190,9.394,9.580,9.777,9.975,10.186,10.388,10.587,10.798,11.021,11.223,11.445,11.657,11.872,12.073,12.284,12.522,12.720,12.922,13.139,13.356,13.564,13.773,13.975,14.183,14.389,14.572,14.773,14.983,15.184,15.402,15.609,15.820,16.036,16.239,
1,37,0.187,0.400,0.588,0.782,0.984,1.178,1.384,1.577,1.778,1.978,2.176,2.397,2.604,2.813,3.021,3.250,3.456,3.654,3.862,4.078,4.275,4.480,
1,38,0.166,0.346,0.526,0.721,0.915,1.115,1.310,1.498,1.695,1.874,2.075,2.286,2.466,2.660,2.900,3.090,3.286,3.487,3.690,3.891,4.093,4.294,4.491,4.683,4.891,5.071,5.275,5.465,5.659,5.849,6.037,6.228,6.421,6.615,6.798,6.991,7.187,7.392,7.581,7.793,7.989,8.192,8.410,8.594,8.786,8.984,9.200,9.393,9.587,9.790,10.010,10.195,10.397,10.575,10.790,10.993,11.191,11.401,11.608,11.803,12.011,12.221,
1,39,0.085,0.279,0.467,0.656,0.849,1.055,1.247,1.451,1.659,1.860,2.062,2.273,2.454,2.660,2.877,3.059,3.274,3.447,3.644,3.840,4.049,4.274,4.460,4.663,4.861,5.049,5.238,5.426,5.621,5.812,6.028,6.215,6.436,6.627,6.825,7.024,7.223,7.429,7.622,7.808,8.014,8.236,8.447,8.646,8.848,9.044,9.247,9.450,9.643,9.839,10.039,10.230,10.421,10.610,10.810,11.011,11.206,11.401,11.627,11.824,12.037,12.238,12.444,12.645,12.852,13.058,13.271,13.467,13.675,13.868,14.071,14.266,
1,40,0.123,0.324,0.520,0.722,0.929,1.147,1.337,1.532,1.723,1.917,2.106,2.296,2.501,2.728,2.922,3.120,3.331,3.542,3.765,3.962,4.163,4.398,4.590,4.802,5.028,5.250,5.482,5.700,5.914,6.117,6.320,6.526,6.766,6.973,7.184,7.383,7.580,7.776,7.974,8.185,8.400,8.603,8.823,9.034,9.249,9.476,9.682,9.901,10.116,10.322,
1,41,0.146,0.350,0.546,0.752,0.960,1.163,1.358,1.568,1.776,1.978,2.188,2.397,2.578,2.784,2.986,3.189,3.397,3.605,3.821,4.039,4.233,4.437,4.648,4.836,5.074,5.275,5.495,5.713,5.943,6.149,6.399,6.594,6.813,7.016,7.233,7.457,7.674,7.900,8.117,8.323,8.516,8.717,8.920,9.122,9.319,9.524,9.720,9.923,10.134,10.349,10.550,10.752,10.978,11.193,11.401,11.613,11.835,12.055,12.245,12.458,12.654,12.847,13.053,13.269,13.472,13.689,13.892,14.108,
1,42,0.204,0.396,0.588,0.795,0.979,1.175,1.375,1.585,1.801,1.999,2.197,2.403,2.622,2.837,3.042,3.252,3.458,3.669,3.867,4.070,4.283,4.493,4.699,4.911,5.115,5.333,5.538,5.743,5.944,6.155,6.359,
1,43,0.033,0.236,0.438,0.650,0.843,1.058,1.267,1.495,1.707,1.929,2.144,2.372,2.584,2.805,3.018,3.233,3.459,3.669,3.885,4.104,4.313,
1,44,0.110,0.309,0.522,0.724,0.936,1.156,1.361,1.569,1.772,1.981,2.199,2.402,2.587,2.790,2.991,3.198,3.402,3.615,3.833,4.056,4.274,4.477,4.689,4.918,5.161,5.376,5.618,5.858,
1,45,0.125,0.320,0.525,0.711,0.909,1.109,1.323,1.528,1.736,1.944,2.153,2.370,2.586,2.799,3.034,3.227,3.424,3.613,3.817,4.025,4.228,4.421,4.634,4.839,5.042,5.268,5.471,5.681,5.912,6.105,
1,46,0.144,0.334,0.537,0.726,0.934,1.117,1.543,1.954,2.152,2.366,2.568,2.774,2.987,3.198,3.418,3.646,3.840,4.052,4.263,4.473,4.681,4.903,5.117,5.323,5.560,5.767,5.979,6.199,
1,47,0.148,0.343,0.551,0.740,0.942,1.148,1.348,1.548,1.751,1.955,2.161,2.376,2.570,2.765,2.965,3.176,3.399,3.580,3.782,3.988,4.191,4.400,4.595,4.787,5.000,5.209,5.418,5.610,5.826,6.032,6.222,6.411,6.623,6.831,7.040,7.251,7.463,7.688,7.904,8.112,8.322,8.536,8.768,8.971,9.194,9.417,9.640,9.858,10.078,10.294,10.534,10.748,10.972,11.194,11.401,11.606,11.826,12.049,12.270,
1,48,0.216,0.410,0.608,0.806,1.017,1.217,1.430,1.648,1.858,2.062,2.252,2.460,2.674,2.887,3.104,3.287,3.518,3.735,3.946,4.146,4.364,4.577,4.788,5.019,5.222,5.430,5.636,5.855,6.066,6.269,6.476,6.678,6.893,7.101,7.309,7.527,7.734,7.967,8.270,8.572,8.795,8.997,
1,49,0.045,0.267,0.458,0.660,0.871,1.080,1.280,1.474,1.675,1.887,2.109,2.317,2.528,2.731,2.936,3.157,3.376,3.590,3.801,4.022,4.230,4.442,4.654,
1,50,0.212,0.415,0.601,0.821,1.015,1.209,1.418,1.623,1.839,2.045,2.265,2.455,2.649,2.849,3.048,3.252,3.463,3.659,3.868,4.075,
1,51,0.159,0.372,0.570,0.773,0.954,1.147,1.349,1.531,1.751,1.953,2.158,2.368,2.571,2.778,2.989,3.205,3.405,3.618,3.842,4.043,4.275,4.486,4.701,4.919,5.142,5.350,5.577,5.818,6.036,6.249,6.497,6.723,6.962,7.182,7.393,7.585,7.800,8.002,8.203,
1,52,0.069,0.252,0.473,0.650,0.833,1.038,1.237,1.474,1.670,1.865,2.061,2.274,2.492,2.700,2.908,3.123,3.337,3.553,3.752,3.955,4.152,4.349,4.553,4.764,4.961,5.165,5.392,5.585,5.788,5.993,6.202,6.418,6.643,6.858,7.098,7.320,7.557,7.782,8.010,8.246,
1,53,0.193,0.396,0.587,0.766,0.961,1.156,1.349,1.554,1.748,1.954,2.160,2.359,2.568,2.781,2.991,3.231,3.422,3.648,3.856,4.061,4.265,4.456,4.666,4.874,5.079,5.292,5.515,5.706,5.931,6.149,
1,54,0.033,0.213,0.406,0.592,0.794,0.989,1.190,1.400,1.615,1.831,2.042,2.247,2.457,
1,55,0.214,0.426,0.643,0.836,1.054,1.242,1.448,1.647,1.861,2.047,2.265,2.449,2.666,2.854,3.071,3.277,3.486,3.711,3.910,4.119,4.315,4.525,4.736,4.922,5.145,5.348,5.543,5.734,5.925,6.146,6.336,6.551,6.763,6.975,7.173,7.396,7.589,7.809,8.030,8.235,8.444,8.676,8.897,9.089,9.294,9.493,9.714,9.963,10.191,10.409,10.648,10.898,11.120,11.333,11.567,11.819,12.038,12.265,12.482,12.693,12.905,13.149,13.372,13.595,13.803,14.016,14.246,
1,56,0.192,0.398,0.584,0.777,0.960,1.159,1.336,1.530,1.729,1.934,2.137,2.344,2.543,2.771,2.974,3.190,3.413,3.620,3.843,4.028,4.222,4.428,4.626,4.841,5.069,5.276,5.493,5.714,5.936,6.164,6.377,6.592,6.810,7.023,7.231,7.437,7.662,7.899,8.140,8.345,
1,57,0.046,0.269,0.486,0.691,0.894,1.108,1.319,1.528,1.731,1.946,2.159,2.359,2.560,2.762,2.959,3.165,3.352,3.558,3.765,3.967,4.165,4.396,4.585,4.799,5.003,5.195,5.406,5.623,5.829,6.030,6.263,6.473,6.685,6.929,7.147,7.356,7.590,7.767,8.014,8.243,8.459,8.654,8.842,9.034,
1,58,0.081,0.270,0.446,0.650,0.825,1.038,1.222,1.418,1.618,1.811,2.014,2.244,2.434,2.651,2.834,3.037,3.228,3.442,3.648,3.845,4.054,4.251,4.460,4.678,4.899,5.089,5.288,5.502,5.721,5.919,6.149,6.334,6.556,6.766,6.983,7.200,7.415,7.650,7.831,8.036,8.249,8.470,8.702,8.910,9.113,9.317,9.524,9.738,9.958,10.184,10.364,10.594,10.795,11.018,11.229,11.452,11.659,11.877,12.092,12.320,12.519,12.731,12.952,13.150,13.341,13.544,13.769,13.942,14.136,14.339,14.530,14.726,14.914,15.116,15.317,15.502,15.695,15.891,16.075,16.283,
1,59,0.192,0.396,0.592,0.800,1.020,1.203,1.405,1.617,1.830,2.058,2.278,2.521,2.752,2.993,3.233,3.496,3.728,3.979,4.204,4.433,4.689,4.889,5.111,5.339,5.542,5.750,5.971,6.189,6.476,6.700,6.942,7.149,7.338,7.538,7.737,8.175,8.368,8.556,8.774,8.992,9.300,9.583,9.791,10.025,10.237,10.455,10.671,11.065,11.315,11.550,11.776,11.993,12.204,
1,60,0.169,0.364,0.563,0.743,0.938,1.138,1.340,1.548,1.771,1.989,2.205,2.372,2.581,2.796,3.022,3.223,3.426,3.639,3.836,4.045,4.250,
1,61,0.201,0.398,0.617,0.838,1.037,1.240,1.444,1.639,1.839,2.035,2.227,2.447,2.621,2.846,3.027,3.279,3.478,3.684,3.905,4.127,4.325,4.533,4.739,4.997,5.212,5.410,5.641,5.853,6.056,6.274,6.463,6.680,6.891,7.101,7.299,7.525,7.735,7.936,8.162,8.392,8.580,8.775,8.975,9.179,9.392,9.583,9.801,10.009,10.212,
1,62,0.082,0.288,0.485,0.694,0.901,1.115,1.326,1.527,1.739,1.945,2.158,2.401,2.648,2.863,3.074,3.300,3.519,3.749,3.968,4.223,
1,63,0.072,0.269,0.461,0.660,0.870,1.085,1.296,1.524,1.737,1.955,2.163,2.373,2.591,2.819,3.047,3.260,3.475,3.696,3.916,4.144,4.344,4.560,4.775,4.994,5.206,5.432,5.672,5.877,6.091,6.310,
1,64,0.047,0.269,0.485,0.692,0.890,1.088,1.321,1.532,1.773,1.979,2.184,2.420,2.651,2.850,3.074,3.304,3.520,3.722,3.934,4.156,4.367,4.589,4.805,5.027,5.233,5.429,5.697,5.894,6.078,6.285,6.488,6.692,6.897,7.108,7.343,7.550,7.834,7.998,8.229,8.446,8.649,8.851,9.052,9.290,9.490,9.692,9.915,10.127,
1,65,0.185,0.400,0.593,0.811,1.024,1.242,1.445,1.678,1.914,2.151,2.384,2.616,2.833,3.040,3.253,3.482,3.726,3.937,4.147,4.367,4.588,4.808,5.019,5.229,5.444,5.662,5.886,6.101,6.324,6.534,6.773,7.020,7.232,7.451,7.700,7.887,8.094,8.238,8.491,8.721,8.946,9.154,9.367,9.585,9.808,10.021,10.223,
1,66,0.040,0.267,0.476,0.694,0.901,1.148,1.353,1.578,1.809,2.032,2.247,2.470,2.675,2.899,3.067,3.265,3.465,3.661,3.873,4.070,4.269,4.488,4.716,4.914,5.150,5.340,5.546,5.767,5.964,6.153,6.353,6.566,6.774,6.982,7.190,7.413,7.624,7.844,8.049,8.252,8.466,8.679,8.902,9.118,9.335,9.548,9.775,9.983,10.193,10.394,10.600,10.828,11.036,11.237,11.455,11.670,11.893,12.111,12.336,
1,67,0.183,0.399,0.617,0.838,1.056,1.277,1.496,1.680,1.883,2.093,2.314,2.542,2.767,2.965,3.184,3.401,3.634,3.846,4.055,4.268,4.493,4.710,4.914,5.142,5.373,5.585,5.786,5.984,6.192,6.405,6.636,6.853,7.064,7.287,7.519,7.748,7.974,8.186,8.418,8.640,8.869,9.092,9.298,9.520,9.730,9.960,10.187,10.391,10.602,10.818,11.041,11.271,11.456,11.656,11.845,12.041,12.238,12.442,12.660,12.870,13.074,13.282,13.490,13.698,13.914,14.139,14.341,14.552,14.779,14.978,15.195,15.422,15.640,15.855,16.061,16.284,
1,68,0.173,0.387,0.688,0.907,1.097,1.293,1.487,1.691,1.909,2.113,2.319,2.539,
1,69,0.108,0.317,0.531,0.738,0.949,1.159,1.417,1.662,1.903,2.150,2.383,
1,70,0.157,0.367,0.576,0.767,0.969,1.163,1.371,1.581,1.785,1.998,2.204,2.413,2.619,2.830,3.036,3.236,3.432,3.652,3.840,4.058,4.281,4.490,4.706,4.917,5.136,5.369,5.581,5.799,6.020,6.220,6.431,6.640,6.846,7.091,7.302,7.698,7.893,8.085,8.288,8.486,
1,71,0.224,0.420,0.618,0.836,1.020,1.234,1.469,1.695,1.948,2.163,2.384,2.615,2.837,3.065,3.271,3.495,3.731,3.944,4.151,4.385,4.594,4.808,5.068,5.281,5.491,5.776,5.982,6.171,6.386,6.614,6.896,7.106,7.309,7.541,7.770,7.965,8.165,8.407,8.609,8.807,9.021,9.247,9.464,9.661,9.869,10.094,10.318,10.532,10.721,10.908,11.115,11.326,11.538,11.750,11.960,12.170,12.423,12.656,12.869,13.095,13.288,13.523,13.728,13.937,14.140,14.355,14.571,14.791,14.998,15.197,15.421,15.640,15.836,16.039,16.274,
1,72,0.062,0.272,0.482,0.703,0.926,1.100,1.305,1.516,1.711,1.916,2.150,2.331,2.529,2.741,2.949,3.148,3.351,3.571,3.779,3.992,4.181,4.403,4.681,4.921,5.149,5.346,5.580,5.783,5.994,6.211,6.429,6.665,6.875,7.098,7.330,7.538,7.769,7.954,8.184,8.405,8.616,8.826,9.046,9.270,9.486,9.712,9.938,10.160,10.387,10.614,10.837,11.077,
1,73,0.184,0.393,0.600,0.811,1.009,1.217,1.665,1.849,2.052,2.296,2.527,2.744,2.960,3.190,3.401,3.595,3.827,4.021,4.230,4.459,4.687,4.904,5.117,5.367,5.628,5.895,6.145,6.350,6.569,6.788,7.024,7.263,7.516,7.766,8.000,8.215,8.605,8.834,9.057,9.263,9.514,9.764,9.981,10.197,10.425,10.657,10.901,11.118,11.398,11.648,11.861,12.086,12.336,12.576,12.807,13.015,13.210,13.416,13.618,13.849,14.070,14.298,14.500,14.706,14.914,15.110,15.345,15.566,16.046,16.241,16.447,16.656,16.871,17.089,17.282,17.485,
1,74,0.089,0.282,0.471,0.667,0.856,1.064,1.275,1.482,1.700,1.911,2.148,2.344,2.555,2.765,2.976,3.179,3.403,3.612,3.830,4.050,4.273,4.478,4.669,4.900,5.100,5.318,5.520,5.737,5.953,6.154,6.376,6.596,6.796,7.017,7.218,7.446,7.691,7.902,8.135,8.345,8.558,8.768,8.967,9.174,9.385,9.610,9.806,10.019,10.209,10.402,10.603,10.816,11.023,11.236,11.457,11.665,11.886,12.099,
1,75,0.193,0.411,0.605,0.801,0.996,1.204,1.403,1.612,1.833,2.046,2.272,2.481,2.707,2.927,3.149,3.366,3.594,3.815,4.032,4.276,4.493,4.708,4.959,5.199,5.452,5.677,5.905,6.127,6.338,6.551,6.774,6.987,7.200,7.413,7.641,7.853,8.074,8.290,8.525,8.775,8.997,9.228,9.434,9.671,9.899,10.146,10.374,10.617,10.830,11.044,11.262,11.481,11.709,11.923,12.150,12.366,12.582,12.790,13.013,13.230,13.460,13.688,13.897,14.084,14.270,
1,76,0.183,0.376,0.576,0.781,0.992,1.217,1.429,1.651,1.885,2.104,2.342,2.577,2.788,3.043,3.273,3.486,3.697,3.919,4.123,
1,77,0.052,0.263,0.453,0.653,0.897,1.107,1.309,1.520,1.726,1.932,2.147,2.330,2.527,2.722,2.920,3.109,3.316,3.521,3.712,3.920,4.158,4.366,4.577,4.931,5.149,5.312,5.516,5.696,5.877,6.068,6.276,6.478,6.684,6.900,7.090,7.299,7.529,7.750,7.953,8.157,8.370,8.573,8.774,8.999,9.214,9.421,9.634,9.854,10.065,10.285,
1,78,0.202,0.377,0.552,0.747,0.930,1.118,1.302,1.515,1.725,1.913,2.096,2.315,2.468,2.604,2.793,2.985,3.169,3.353,3.548,3.738,3.917,4.095,4.279,4.461,4.653,4.857,5.054,5.246,5.458,5.670,5.859,6.054,6.252,6.448,
1,79,0.077,0.276,0.461,0.650,0.855,1.049,1.236,1.433,1.636,1.836,2.035,2.230,
1,80,0.162,0.350,0.539,0.740,0.950,1.143,1.342,1.548,1.772,1.955,2.167,2.369,2.567,2.780,2.983,3.179,3.369,3.560,3.750,3.934,4.140,4.343,4.538,4.746,4.952,5.171,5.391,5.583,5.794,6.024,6.232,6.441,6.661,6.868,7.087,7.297,7.516,7.711,7.914,8.119,
1,81,0.145,0.326,0.522,0.745,0.959,1.152,1.334,1.526,1.732,1.910,2.112,2.298,2.496,2.692,2.904,3.086,3.308,3.524,3.712,3.908,4.115,4.314,4.487,4.678,4.891,5.076,5.339,5.574,5.778,5.959,6.162,6.351,6.555,6.759,6.957,7.172,7.354,7.593,7.801,8.026,8.224,8.435,8.627,8.828,9.025,9.232,9.445,9.661,9.865,10.061,10.277,10.475,10.676,10.894,11.095,11.290,11.511,11.691,11.895,12.090,12.290,12.511,12.718,12.927,13.145,13.362,13.592,13.786,14.012,
1,82,0.082,0.284,0.478,0.672,0.870,1.065,1.267,1.472,1.677,1.876,2.089,2.277,2.465,2.654,2.859,3.065,3.268,3.461,3.656,3.852,4.053,4.268,4.474,4.684,4.899,5.110,5.311,5.526,5.736,5.935,6.146,6.355,6.564,6.784,6.997,7.204,7.418,7.637,7.848,8.060,8.280,8.485,8.690,8.901,9.112,9.308,9.501,9.712,9.906,10.120,
1,83,0.097,0.309,0.517,0.711,0.920,1.139,1.351,1.574,1.782,1.978,2.171,2.376,2.589,2.795,3.018,3.225,3.444,3.645,3.847,4.051,4.269,4.476,4.690,4.899,5.095,5.304,5.519,5.719,5.918,6.150,6.365,6.564,6.770,6.955,7.155,7.356,7.562,7.780,7.983,8.193,8.404,8.610,8.795,8.978,9.197,9.415,9.590,9.806,9.992,10.192,10.391,10.586,10.787,11.022,11.210,11.412,11.608,11.810,11.999,12.208,12.406,12.591,12.809,13.023,13.238,13.640,13.837,14.048,
1,84,0.150,0.333,0.537,0.744,0.948,1.150,1.377,1.576,1.774,2.000,2.213,2.424,2.654,2.885,3.108,3.313,3.518,3.729,4.127,4.328,4.546,4.744,4.932,5.115,5.311,5.519,5.698,5.895,6.108,6.304,
1,85,0.089,0.289,0.476,0.659,0.844,1.031,1.235,1.449,1.648,1.838,2.047,2.251,2.478,2.686,2.918,3.148,3.361,3.574,3.769,3.963,4.149,4.344,4.565,4.626,4.877,5.149,5.325,5.519,5.726,5.944,6.153,6.370,6.586,6.955,7.229,7.435,7.634,7.819,8.017,8.267,8.518,8.713,8.913,9.111,9.307,9.518,9.710,9.914,10.135,10.330,10.525,10.716,10.920,11.108,11.291,11.477,11.662,11.853,12.056,12.247,
1,86,0.153,0.334,0.527,0.713,0.913,1.104,1.293,1.481,1.671,1.867,2.068,2.271,2.454,2.652,2.845,3.066,3.272,3.472,3.667,3.862,4.059,4.272,4.455,4.659,4.854,5.052,5.273,5.453,5.667,5.867,6.053,6.239,6.419,6.620,6.809,7.024,7.210,7.405,7.595,7.799,7.992,8.191,8.371,8.566,8.774,8.945,9.141,9.321,9.515,9.703,9.892,10.069,10.275,10.475,10.679,10.869,11.060,11.276,11.474,11.672,11.872,12.083,
1,87,0.126,0.318,0.509,0.699,0.909,1.092,1.282,1.475,1.675,1.872,2.068,2.267,2.464,2.685,2.893,3.081,3.279,3.462,3.658,3.866,4.064,4.265,4.460,4.661,4.859,5.107,5.280,5.466,5.677,5.870,6.072,6.268,
