0,1,0.316,0.480,0.647,0.782,0.926,1.072,1.225,1.397,1.528,1.672,1.827,1.971,2.125,2.240,2.401,2.556,2.714,2.877,3.015,3.165,3.316,3.469,3.627,3.775,3.930,4.090,4.453,4.594,4.747,4.899,5.022,5.149,5.278,5.341,5.516,5.649,5.772,5.844,6.028,6.199,6.374,6.565,6.740,6.828,6.920,7.092,7.267,7.446,7.618,7.811,7.949,8.134,8.302,8.391,8.569,8.767,8.933,9.100,9.277,9.367,9.459,9.563,9.768,9.943,10.151,10.278,10.453,10.548,10.732,10.932,11.123,11.313,11.519,11.694,11.892,11.966,12.109,12.223,12.344,12.519,12.653,12.744,12.841,13.026,13.226,13.310,13.423,13.502,13.615,13.675,13.789,13.994,14.185,
0,1,0.287,0.452,0.596,0.744,0.865,0.991,1.152,1.309,1.490,1.640,1.788,1.948,2.111,2.281,2.444,2.588,2.738,2.885,3.036,3.226,3.342,3.426,3.498,3.594,3.769,3.926,4.074,4.165,4.338,4.532,4.682,4.842,4.936,5.136,5.324,5.520,5.709,5.793,5.906,6.090,6.280,6.468,6.627,6.784,6.887,6.970,7.075,7.288,7.474,7.683,7.888,8.069,8.158,8.278,8.367,8.476,8.663,8.775,8.872,8.953,9.060,9.278,9.496,9.700,9.892,10.081,10.272,
0,1,,
0,1,0.160,0.311,0.443,0.660,0.826,0.989,1.171,1.344,1.518,1.671,1.829,1.975,2.152,2.303,2.468,2.655,2.818,3.019,3.352,3.519,3.683,3.886,4.059,
1,1,0.249,0.397,0.529,0.688,0.847,0.982,1.147,1.288,1.431,1.587,1.764,1.915,2.078,2.245,2.419,2.592,2.764,2.915,3.073,3.243,3.408,3.559,3.721,3.898,4.041,4.212,4.377,4.522,4.685,4.839,5.015,5.181,5.365,5.516,5.666,5.831,6.016,6.171,6.349,6.526,6.691,6.876,7.070,7.243,7.422,7.602,7.770,7.944,8.127,8.289,8.455,8.650,8.797,8.966,9.127,9.284,9.449,9.619,9.795,9.960,10.134,10.292,10.453,10.616,10.793,10.948,11.122,11.281,11.451,11.612,11.769,11.905,12.070,12.231,12.397,12.553,12.701,12.848,13.019,13.190,13.340,13.519,13.665,13.845,14.020,14.170,14.336,14.497,14.653,14.814,14.986,15.103,
1,2,0.320,0.468,0.649,0.793,0.951,1.105,1.266,
1,3,0.355,0.517,0.670,0.833,0.997,1.154,1.297,1.462,1.610,1.767,1.951,2.083,2.268,2.416,2.567,2.747,2.897,3.062,3.220,3.392,3.548,3.701,3.858,4.033,4.201,4.354,4.538,4.692,4.869,5.039,5.219,5.386,5.560,5.746,5.917,6.090,6.269,6.432,6.605,6.773,6.961,7.101,7.245,7.387,7.550,7.709,7.887,8.047,8.217,8.387,8.567,8.742,8.917,9.208,9.394,9.568,9.741,9.918,10.082,10.271,10.429,10.602,10.781,10.965,11.145,11.307,11.482,11.668,11.821,11.997,12.164,12.338,12.500,12.674,12.829,13.001,13.179,13.354,13.527,13.690,13.866,14.027,14.204,14.366,14.543,14.696,14.852,15.030,15.224,15.411,15.580,15.774,15.956,16.158,16.311,16.489,16.677,16.841,17.016,17.208,17.395,17.562,17.735,17.904,18.086,18.258,18.426,18.587,18.759,18.924,19.090,19.276,19.434,19.587,19.762,19.920,20.078,20.259,
1,4,0.267,0.425,0.595,0.767,0.933,1.093,1.268,1.416,1.588,1.748,1.905,2.077,2.248,2.414,2.589,2.748,2.909,3.084,3.268,3.419,3.595,3.769,3.936,4.123,4.291,4.469,4.636,4.807,4.980,5.168,5.330,5.492,5.665,5.831,6.020,6.187,6.322,6.470,6.640,6.824,6.968,7.137,7.290,7.465,7.651,7.815,7.999,8.187,8.344,8.521,8.681,8.867,9.033,9.225,9.398,9.563,9.728,9.915,10.095,10.289,10.470,10.661,10.846,11.022,11.192,11.368,11.532,11.719,11.893,12.067,12.273,12.426,12.594,12.798,12.980,13.164,13.322,13.487,13.664,13.854,14.043,14.210,14.397,14.599,14.784,14.966,15.191,15.357,15.524,15.700,15.859,16.039,16.219,16.395,16.557,16.732,16.895,17.062,17.225,17.392,17.559,17.730,17.915,18.104,18.290,18.478,
1,5,0.147,0.308,0.473,0.647,0.823,0.993,1.172,1.364,1.514,1.667,1.845,2.014,2.197,2.365,2.532,2.699,2.871,3.061,3.220,3.399,3.574,3.765,3.919,4.094,4.266,4.438,4.649,4.795,4.956,5.121,5.293,5.471,5.650,5.803,5.973,6.150,6.321,6.500,6.678,6.833,7.001,7.185,7.348,7.534,7.681,7.848,8.017,8.181,8.348,8.518,8.688,8.884,9.042,9.220,9.419,9.570,9.747,9.921,10.102,10.417,10.602,10.796,10.966,11.152,11.340,11.529,11.708,11.886,12.061,12.248,12.420,12.620,12.806,12.980,13.165,13.360,13.566,13.734,13.900,14.088,14.270,14.425,14.601,14.783,14.965,15.109,15.298,15.504,15.690,15.891,16.061,16.246,16.431,16.600,16.778,16.974,17.122,17.308,17.505,17.684,17.858,18.052,18.246,18.413,
1,6,0.121,0.275,0.436,0.606,0.782,0.935,1.107,1.274,1.446,1.602,1.759,1.934,2.095,2.250,2.396,2.643,2.816,3.150,3.323,3.496,3.670,3.848,4.017,4.195,4.376,4.550,4.723,4.911,5.073,5.252,5.429,5.590,5.773,5.970,6.145,6.327,6.500,6.677,6.866,7.038,7.233,7.413,7.607,7.781,7.973,8.146,8.326,8.512,8.690,8.868,9.047,9.241,9.423,9.604,9.785,9.962,10.147,10.338,10.527,
1,7,0.216,0.401,0.552,0.734,0.904,1.086,1.250,1.431,1.604,1.771,1.953,2.135,2.310,2.481,2.664,2.871,3.060,3.250,3.434,3.627,3.813,4.145,4.335,4.519,4.709,4.908,5.093,5.284,5.489,5.680,5.831,6.020,6.192,6.371,6.559,6.748,6.945,7.126,7.305,7.496,7.675,7.846,8.038,8.203,8.388,8.575,8.733,8.917,9.124,9.308,9.521,9.683,9.864,10.051,10.236,10.422,
1,8,0.122,0.300,0.482,0.661,0.842,1.016,1.325,1.516,1.690,1.875,2.060,2.238,2.432,2.614,2.788,2.973,3.148,3.317,3.517,3.683,3.860,4.044,4.232,4.428,4.612,4.800,4.979,5.161,5.339,5.521,5.716,5.908,6.094,
1,9,0.273,0.396,0.572,0.774,0.935,1.102,1.274,1.452,1.641,1.816,1.991,2.158,2.318,2.489,2.663,2.848,3.024,3.203,3.391,3.574,3.775,3.953,4.126,4.302,4.509,4.694,4.872,5.050,5.243,5.427,5.615,5.799,5.978,6.149,6.333,6.526,6.677,6.853,7.039,7.227,7.393,7.569,7.760,7.930,8.099,8.285,8.458,8.644,8.810,8.995,9.174,9.525,9.693,9.866,10.040,10.235,10.419,10.605,10.790,10.969,11.155,11.347,11.531,11.716,11.918,12.102,12.300,12.486,12.687,12.896,13.073,13.246,13.421,13.584,13.763,13.960,14.159,14.331,14.530,14.708,14.907,15.104,15.301,15.487,15.682,15.860,16.034,16.226,16.417,16.600,16.777,16.971,17.148,17.331,17.515,17.687,17.898,18.059,18.265,18.433,18.620,18.797,18.995,19.159,19.341,19.516,19.701,19.899,20.073,20.252,20.431,20.607,20.798,20.985,21.184,21.362,21.534,21.714,21.891,22.066,22.241,22.422,22.603,22.923,23.098,23.282,23.455,23.639,23.824,24.018,24.218,24.402,24.604,24.788,24.997,25.179,25.392,25.597,25.776,25.958,26.135,26.330,26.526,26.711,26.904,27.083,27.269,27.449,27.620,27.809,27.998,28.176,28.355,28.532,28.714,28.893,29.057,29.270,29.442,29.637,29.825,30.021,30.186,30.369,30.548,30.727,30.907,31.095,31.271,31.442,31.638,31.811,32.022,32.192,
1,10,0.027,0.193,0.351,0.518,0.695,0.867,1.059,1.228,1.394,1.560,1.744,1.919,2.121,2.285,2.457,2.645,2.841,3.012,3.185,3.374,3.560,3.729,3.910,4.095,4.262,4.445,4.646,4.829,5.016,5.195,5.396,5.584,5.763,5.978,6.159,6.352,6.711,6.897,7.073,7.264,7.447,7.606,7.786,7.961,8.151,8.339,8.529,8.712,8.898,9.059,9.245,9.433,9.607,9.799,9.977,10.158,10.361,10.557,10.741,
1,11,0.184,0.370,0.565,0.738,0.916,1.107,1.283,1.464,1.644,1.829,
1,12,0.297,0.468,0.625,0.803,0.992,1.171,1.346,1.522,1.708,1.894,2.062,2.250,2.424,2.610,2.792,2.976,3.160,3.360,3.555,3.721,3.925,4.100,4.288,4.484,4.668,4.867,5.029,5.215,5.403,5.583,5.779,5.938,6.114,6.311,6.482,6.676,6.866,7.047,7.251,7.435,7.616,7.807,7.982,8.184,8.357,8.566,8.719,8.898,9.116,9.241,9.418,9.600,9.765,9.940,10.148,10.322,10.497,10.668,10.866,11.062,11.252,11.443,11.618,11.800,11.985,12.166,12.374,12.540,12.725,12.927,13.102,13.288,13.484,13.657,13.867,14.056,14.239,14.428,14.612,14.787,14.972,15.151,15.330,15.542,15.695,15.899,16.092,16.283,16.518,16.693,16.885,17.074,17.272,17.463,17.635,17.852,18.025,18.236,
1,13,0.266,0.434,0.602,0.796,0.993,1.157,1.350,1.517,1.702,1.900,
1,14,0.315,0.486,0.663,0.848,1.032,1.195,1.401,1.555,1.739,1.924,2.101,2.301,2.468,2.669,2.849,3.057,3.245,3.432,3.635,3.837,4.022,4.221,4.400,4.595,4.776,4.949,5.136,5.310,5.481,5.673,5.855,6.030,6.243,6.387,6.557,6.746,6.933,7.101,7.304,7.520,7.683,7.864,8.046,8.237,8.434,8.614,8.796,8.976,9.154,9.349,9.538,9.725,9.911,10.094,10.288,10.480,10.663,10.843,11.032,11.203,11.389,11.582,11.772,11.956,12.159,12.350,12.555,12.735,12.917,13.121,13.327,13.523,13.699,13.890,14.060,14.243,14.437,14.641,14.830,15.024,15.205,15.394,15.576,15.774,15.956,16.141,16.489,16.678,17.008,17.230,17.421,17.626,17.806,17.995,18.206,18.396,18.578,18.774,18.968,19.124,19.317,19.492,19.692,19.873,20.076,20.270,20.460,20.656,20.863,21.066,21.263,21.460,21.663,21.867,22.037,22.237,22.423,22.644,22.821,22.987,23.162,23.336,23.495,23.679,23.871,24.048,
1,15,0.179,0.371,0.523,0.719,0.917,1.080,1.262,
1,16,0.037,0.246,0.444,0.608,0.784,0.982,1.161,
1,17,0.273,0.457,0.640,0.813,0.988,1.175,1.343,1.559,1.697,1.871,2.066,2.242,2.418,2.620,2.789,2.992,3.166,3.354,3.532,3.725,3.925,4.103,4.275,4.468,4.642,4.830,5.043,5.209,5.399,5.600,5.784,5.968,6.172,6.369,6.560,6.723,6.903,7.081,7.239,7.433,7.620,7.805,7.993,8.183,8.394,8.557,8.742,8.927,9.121,9.298,9.487,9.686,9.871,10.062,10.250,10.447,10.619,10.807,10.992,11.162,11.355,11.550,11.724,11.912,12.103,12.319,12.484,12.666,12.870,13.037,13.225,13.424,13.606,13.781,13.972,14.150,14.330,14.526,14.870,15.065,15.279,15.419,15.647,15.838,16.029,16.229,16.437,16.598,16.804,16.999,17.195,17.398,17.571,17.765,17.939,18.104,18.290,
1,18,0.151,0.312,0.525,0.689,0.837,
1,19,0.318,0.493,0.680,0.874,1.049,
1,20,0.276,0.487,0.677,0.864,1.058,1.235,1.415,1.600,1.774,
1,21,0.267,0.457,0.639,
1,22,0.228,0.408,0.566,0.767,0.926,1.105,1.274,1.455,1.651,1.819,1.997,2.175,2.384,2.552,2.900,3.065,3.268,3.428,3.635,3.791,3.981,4.176,4.337,4.526,4.714,4.892,5.073,5.269,5.408,5.588,5.773,5.898,6.059,6.226,6.400,6.572,6.770,6.957,7.137,7.310,7.465,7.647,7.827,8.000,8.200,8.356,8.543,8.728,8.920,9.099,9.304,9.488,9.684,9.871,10.059,10.272,10.438,10.638,10.854,11.022,11.208,11.408,11.596,11.772,11.960,12.166,12.345,12.537,12.735,12.929,13.116,13.302,13.498,13.699,13.890,14.080,14.277,14.476,14.675,14.853,15.051,15.274,15.420,15.641,15.839,16.069,16.244,16.440,16.641,17.121,17.301,17.480,17.664,17.840,18.025,18.223,18.407,18.582,18.776,18.959,19.149,19.338,19.536,19.721,19.915,20.110,20.314,20.510,20.739,20.897,21.110,21.294,21.543,21.727,21.894,22.037,22.237,22.401,22.588,22.801,22.970,23.171,23.367,23.557,23.761,23.956,24.155,24.336,24.533,24.716,24.895,25.043,25.217,25.399,25.590,25.762,25.947,26.166,26.338,26.524,
1,23,0.158,0.352,0.546,0.739,0.916,1.096,1.308,1.485,1.661,1.851,2.027,2.225,2.426,2.594,2.779,2.995,3.172,3.390,3.599,3.773,3.927,4.092,4.297,4.476,4.665,4.840,5.041,5.229,5.434,5.610,5.789,6.024,6.203,6.395,6.626,6.775,6.941,7.148,7.302,7.508,7.708,7.904,8.113,8.312,8.485,8.667,8.893,9.049,9.246,9.393,9.643,9.786,9.959,10.170,10.393,10.554,10.736,10.928,11.106,11.287,11.489,11.644,11.858,12.011,12.156,12.277,12.419,12.561,12.720,12.867,13.017,13.186,13.344,13.518,13.685,13.867,14.050,14.234,14.405,14.584,14.762,14.940,15.109,15.279,15.448,15.624,15.793,15.972,16.146,16.308,16.489,16.675,16.833,17.016,17.202,17.373,17.534,17.720,17.897,18.077,18.264,18.417,18.585,18.770,18.954,19.147,19.337,19.514,19.702,19.898,20.076,20.281,20.462,20.651,20.831,21.015,21.202,21.372,21.554,21.727,21.913,22.121,22.286,22.480,22.824,23.016,23.181,23.368,23.558,23.766,23.946,24.150,24.339,24.520,24.698,24.900,25.078,25.267,25.439,25.619,25.808,25.997,26.187,
1,24,0.117,0.318,0.467,0.658,0.856,1.054,1.230,1.403,1.583,1.763,1.956,2.161,2.327,2.528,2.713,2.897,3.092,3.267,3.459,3.662,3.840,4.031,4.230,4.428,4.648,4.846,5.039,5.228,5.419,5.600,5.791,5.992,
1,25,0.316,0.478,0.648,0.826,1.022,1.178,1.365,1.541,1.724,1.916,2.098,2.293,2.482,2.664,2.839,3.033,3.211,3.406,3.594,3.790,3.982,4.169,4.362,4.553,4.736,4.935,5.127,5.321,5.489,5.685,5.891,6.073,6.274,6.459,6.641,6.829,7.042,7.249,7.443,7.844,8.023,8.218,8.415,8.611,8.812,9.009,9.215,9.409,9.618,9.818,10.017,10.226,10.410,
1,26,0.215,0.414,0.589,0.783,0.961,1.149,
1,27,0.246,0.409,0.586,0.768,0.948,1.134,1.320,1.518,1.686,1.854,2.053,2.240,2.428,2.621,2.815,3.001,3.177,3.374,3.571,3.773,3.971,4.168,4.386,4.541,4.742,4.942,5.136,5.324,5.520,5.710,5.911,6.107,6.306,6.521,6.706,6.904,7.096,7.293,7.521,7.688,7.891,8.098,8.301,8.487,8.695,9.080,9.299,9.493,9.703,9.895,10.103,10.284,10.526,
1,28,0.246,0.423,0.610,0.809,0.975,1.154,1.334,1.524,1.677,1.862,2.046,2.228,2.422,2.648,2.833,3.027,3.398,3.585,3.771,3.979,4.165,4.341,4.542,4.740,4.923,5.149,5.327,5.538,5.741,5.952,6.149,6.330,6.502,6.724,6.922,7.150,7.306,7.517,7.700,7.907,8.122,8.329,8.527,8.727,8.935,9.144,9.346,9.562,9.747,9.950,10.144,10.346,10.552,10.731,10.939,11.137,11.320,11.519,11.724,11.900,12.113,12.335,12.561,12.769,12.932,13.098,13.294,13.519,13.722,13.901,14.110,14.322,14.527,14.726,14.905,15.101,15.329,15.520,15.724,15.926,16.149,16.376,16.565,16.775,17.021,17.188,17.400,17.603,17.799,18.039,18.234,
1,29,0.306,0.481,0.670,0.856,1.030,1.205,1.387,1.592,1.783,2.021,2.169,2.405,2.621,2.810,2.993,3.201,
1,30,0.211,0.426,0.605,0.776,0.964,1.147,1.333,1.529,1.717,1.886,
1,31,0.493,0.680,0.877,1.042,1.225,1.408,1.589,1.768,1.937,2.134,2.320,2.497,2.864,3.055,3.245,3.446,3.619,3.795,3.988,4.171,4.357,4.741,4.917,5.120,5.306,5.494,5.690,5.870,6.086,6.274,6.643,6.850,7.054,7.232,7.437,7.641,7.824,8.027,8.202,8.387,8.582,8.771,8.956,9.141,9.352,9.525,9.721,9.914,10.110,10.494,
1,32,0.149,0.329,
1,33,0.042,0.271,0.441,0.657,0.822,0.998,1.175,1.354,1.545,1.703,1.895,2.063,2.262,2.440,2.646,2.823,3.021,3.203,3.396,3.558,3.739,3.933,4.106,4.288,4.465,4.662,4.831,5.031,5.207,5.412,5.569,5.767,5.944,6.147,6.333,6.524,6.687,6.865,7.066,7.265,7.440,7.648,7.816,8.015,8.217,8.398,8.570,8.749,8.936,9.113,9.278,9.456,9.562,9.766,9.921,10.189,10.377,
1,34,0.159,0.345,0.540,0.701,0.874,1.056,1.226,1.415,1.605,1.796,1.980,2.175,2.331,2.496,2.663,2.799,2.978,3.161,3.368,3.742,3.941,4.135,4.351,4.530,4.731,4.914,5.104,5.293,5.461,5.662,5.850,6.026,6.224,6.414,6.624,6.798,6.984,7.155,7.314,7.494,7.662,7.858,8.020,8.192,8.365,8.523,8.722,8.856,9.157,9.334,9.520,9.887,10.057,10.252,10.422,10.602,10.808,10.984,11.172,11.375,11.551,11.739,11.942,12.138,12.338,12.684,12.905,13.066,13.272,13.448,13.639,13.829,14.035,14.252,14.421,14.608,14.792,14.969,15.159,15.317,15.493,15.655,15.827,16.162,16.328,16.492,16.675,16.867,17.041,17.229,17.415,17.568,17.908,18.100,18.294,18.625,
1,35,0.149,0.319,0.502,
1,36,0.099,0.280,0.469,0.663,0.835,1.038,1.206,1.400,1.568,1.730,1.900,2.066,2.267,2.449,2.633,2.806,2.992,3.178,3.372,3.544,3.767,3.967,4.141,4.329,4.518,4.701,4.884,5.072,5.268,5.429,5.635,5.803,5.995,
1,37,0.065,0.272,0.420,0.610,0.782,0.999,1.139,1.331,1.489,1.681,1.841,
1,38,0.337,0.512,0.688,0.873,1.035,
1,39,0.224,0.396,0.576,0.764,1.219,1.360,1.542,1.717,
1,40,0.026,0.212,0.393,0.575,0.735,0.923,1.101,1.467,1.656,1.851,
1,41,0.111,0.306,0.524,0.692,0.890,1.071,1.274,1.427,1.607,1.778,1.967,2.158,2.323,2.497,2.683,2.860,3.045,3.245,3.448,3.616,3.810,3.996,4.189,4.354,4.557,4.776,4.958,5.152,5.354,5.548,5.752,5.939,
1,42,0.072,0.281,0.471,0.657,0.826,1.020,
1,43,0.054,0.240,0.431,0.622,0.821,1.016,1.204,1.561,1.745,1.944,2.150,2.328,2.531,2.722,2.911,3.100,3.284,3.469,3.650,3.831,4.017,4.198,4.401,4.562,4.768,4.970,5.179,5.387,5.592,5.778,
1,44,0.033,0.223,0.417,0.602,0.806,0.995,1.185,1.400,1.578,1.782,1.964,2.330,2.517,2.711,2.904,3.271,3.451,3.647,3.842,4.030,4.238,4.412,4.621,4.805,4.994,5.190,5.395,5.578,5.775,
1,45,0.096,0.294,0.479,
1,46,0.067,0.262,0.457,0.649,0.848,1.225,1.396,1.597,1.777,1.977,2.334,2.542,2.763,2.963,3.161,3.366,3.561,3.932,4.147,4.342,4.514,4.711,4.898,5.056,5.264,5.464,5.670,5.853,6.039,6.243,6.445,6.648,6.843,7.215,7.405,7.605,7.805,8.016,8.206,8.416,8.633,8.827,9.048,9.245,9.439,9.633,9.846,10.064,10.270,10.471,10.670,10.884,11.069,11.267,11.401,11.562,11.767,11.955,12.188,12.485,12.651,12.859,13.021,13.194,13.400,13.592,13.788,13.989,14.177,14.371,14.543,14.728,14.922,
1,47,0.042,0.239,0.435,0.646,0.818,1.013,1.223,1.396,1.569,1.763,1.938,2.147,2.320,2.523,2.721,2.919,3.117,3.316,3.517,3.728,3.925,4.122,4.311,4.496,4.680,4.898,5.098,5.310,5.515,5.698,5.898,6.068,6.249,6.448,6.649,6.848,7.076,7.252,7.460,7.653,7.840,8.026,8.223,8.421,8.635,9.017,9.200,9.383,9.586,9.770,9.979,10.185,10.396,10.598,10.801,11.017,11.218,11.384,11.559,11.768,11.953,12.165,12.366,12.572,12.769,12.973,13.182,13.372,13.578,13.773,13.958,14.171,14.386,14.597,14.794,15.020,15.224,15.415,15.608,15.802,16.001,16.180,16.387,16.564,16.780,16.952,17.149,17.337,17.533,17.742,17.909,18.104,18.271,
1,48,0.150,0.323,0.516,0.684,0.900,1.072,1.279,1.446,1.636,1.821,2.017,2.188,2.401,2.564,2.746,2.938,3.123,3.322,
1,49,0.027,0.217,0.397,0.589,0.777,1.159,
1,50,0.215,0.412,0.635,0.815,1.204,1.397,1.587,1.791,2.019,2.188,2.394,2.622,2.801,3.019,3.224,
1,51,0.156,0.355,0.567,0.728,0.909,1.127,1.297,1.490,1.698,1.894,2.079,2.294,2.490,2.681,2.869,3.088,3.298,3.518,3.731,3.940,4.160,4.347,4.578,4.781,4.979,5.178,5.396,5.588,5.801,6.013,6.218,6.411,6.621,6.830,7.017,7.225,7.439,7.654,7.874,8.072,8.264,8.478,8.677,8.872,9.063,9.265,9.467,9.683,9.874,10.074,10.275,10.462,10.666,10.866,11.054,11.265,11.463,11.676,11.852,12.050,12.247,12.454,12.649,12.836,13.020,13.223,13.417,13.650,13.810,14.017,14.194,14.400,14.588,14.950,15.151,15.336,15.527,15.710,15.905,16.082,16.280,16.477,16.669,16.872,17.063,17.268,17.463,17.677,17.837,18.019,18.209,18.404,
1,52,0.055,0.240,0.444,0.647,0.858,1.054,1.440,1.620,1.820,2.018,2.215,2.405,2.598,2.775,2.968,3.155,3.351,3.540,3.725,3.909,4.114,4.305,4.516,4.735,4.914,5.108,5.316,5.517,5.692,5.932,
1,53,0.078,0.268,0.651,0.846,1.062,1.275,1.468,1.788,2.018,2.192,2.402,2.626,2.798,2.996,3.187,3.386,
1,54,0.033,0.222,0.412,0.595,0.800,0.993,1.212,1.400,1.568,1.767,1.925,2.098,2.304,2.467,2.673,3.042,3.252,3.443,3.828,4.199,4.374,4.550,4.750,4.932,5.139,5.344,5.551,5.751,5.958,6.164,6.355,6.551,6.751,6.932,7.136,7.318,7.559,7.751,7.959,8.175,8.387,8.594,8.804,8.990,9.168,9.387,9.572,9.804,9.993,10.193,10.388,
1,55,0.046,0.249,0.447,0.650,0.837,1.032,1.237,1.423,1.600,1.797,1.982,2.175,2.547,
1,56,0.285,0.462,0.637,0.837,1.021,1.215,1.399,1.582,1.771,1.947,2.141,2.315,2.521,2.678,2.888,3.061,3.272,3.442,3.639,3.826,4.025,4.209,4.404,4.594,4.772,4.965,5.159,5.346,5.565,5.773,5.948,6.156,6.362,6.550,6.773,6.974,7.174,7.350,7.575,7.784,8.024,8.192,8.391,8.569,8.774,8.935,9.141,9.319,9.499,9.730,9.921,10.121,10.348,10.525,10.713,10.909,11.284,11.468,11.674,11.892,12.107,12.318,12.527,12.724,12.914,13.127,13.299,13.492,13.668,13.851,14.029,14.222,14.403,14.580,14.783,14.945,15.160,15.348,15.534,15.740,15.930,16.126,16.294,16.496,16.690,16.895,17.093,17.277,17.475,17.687,17.895,18.060,18.235,
1,57,0.041,0.242,0.426,0.608,0.792,0.971,1.173,1.363,1.567,1.774,
1,58,0.210,0.366,0.570,0.929,1.114,1.315,1.476,1.651,1.850,1.997,2.186,2.385,2.554,2.750,2.935,3.141,3.331,
1,59,0.186,0.522,0.699,0.873,1.075,1.237,1.432,1.610,1.824,1.993,2.187,2.396,2.593,2.785,2.970,3.169,3.358,
1,60,0.182,0.354,0.538,
1,61,0.141,0.322,0.525,0.714,0.892,1.067,1.421,1.596,1.787,1.975,2.164,2.337,2.662,2.862,3.041,3.223,3.369,
1,62,0.090,0.272,0.458,0.639,0.814,1.023,1.169,1.354,1.538,1.708,1.890,2.104,2.273,2.458,2.818,3.024,3.214,3.394,3.592,3.789,3.989,4.188,4.377,4.564,4.750,4.938,5.102,5.297,5.528,5.733,5.928,
1,63,0.190,0.403,0.593,0.794,0.989,1.203,1.397,1.572,1.770,1.974,2.169,2.372,2.561,2.730,2.939,3.148,3.348,3.521,3.717,3.898,4.274,4.472,4.692,4.898,5.095,5.282,5.482,5.680,5.915,6.149,6.307,6.499,6.704,6.899,7.073,7.291,7.482,7.650,7.835,8.017,8.196,8.372,8.551,8.736,8.937,9.150,9.358,9.566,9.767,9.968,10.171,10.371,10.571,10.768,10.943,11.169,11.361,11.555,11.768,11.940,12.135,12.548,12.728,12.952,13.122,13.313,13.522,13.738,14.151,14.343,14.736,14.930,15.136,15.324,15.520,15.704,15.904,16.097,16.288,16.477,16.679,16.871,17.072,17.271,17.461,17.652,17.828,18.021,18.172,18.343,
1,64,0.158,0.344,0.548,0.733,0.925,1.102,1.292,1.477,1.685,1.820,1.992,2.171,2.363,2.573,2.772,2.965,3.166,3.397,
1,65,0.033,0.223,0.429,0.614,0.824,1.017,1.203,1.398,1.586,1.777,1.966,2.169,2.368,2.579,2.771,2.988,3.176,3.385,3.574,3.772,3.974,4.157,4.362,4.560,4.948,5.141,5.350,5.554,5.769,5.969,6.167,6.365,6.583,6.804,7.020,7.270,7.441,7.647,7.849,8.055,8.271,8.464,8.659,8.868,9.085,9.288,9.497,9.714,9.916,10.122,10.308,
1,66,0.027,0.261,0.450,0.664,0.868,1.085,1.278,1.500,1.761,1.943,2.145,2.353,2.555,2.762,2.983,3.178,3.410,
1,67,0.151,0.339,0.547,0.727,0.923,1.162,1.332,1.540,1.744,1.953,2.154,2.357,2.572,2.769,2.959,3.150,3.360,3.568,3.772,3.983,4.168,4.377,4.591,4.795,4.999,5.198,5.406,5.623,5.859,
1,68,0.077,0.301,0.489,0.684,0.877,1.080,1.269,1.456,1.652,1.843,
1,69,0.037,0.231,0.454,0.650,0.848,1.041,1.234,1.441,1.654,1.849,
1,70,0.037,0.422,0.621,0.833,1.047,
1,71,0.221,0.397,0.601,0.795,0.992,1.391,1.572,1.771,1.972,2.179,2.401,2.590,2.789,2.985,3.207,3.362,3.563,3.784,4.022,4.242,4.438,4.646,4.865,5.083,5.273,5.461,5.689,5.912,
1,72,0.126,0.318,0.514,0.700,0.893,1.103,1.304,1.510,1.700,1.894,2.103,2.307,2.515,2.735,2.934,3.171,3.394,3.601,3.829,4.033,4.223,4.422,4.651,4.895,5.064,5.276,5.451,5.645,5.857,6.075,6.288,6.493,6.705,6.911,7.102,7.281,7.487,7.704,7.909,8.118,8.342,8.520,8.720,8.924,9.147,9.327,9.514,9.726,9.946,10.151,10.355,10.560,10.768,10.983,11.199,11.427,11.610,11.812,12.032,12.213,12.416,12.649,13.077,13.269,13.468,13.688,13.899,14.097,14.318,14.766,14.947,15.153,15.344,15.558,15.751,15.937,16.126,16.316,16.517,16.715,16.935,17.154,17.368,17.584,17.785,17.995,18.180,18.366,
1,73,0.035,0.222,0.424,0.601,0.795,0.995,1.176,1.374,1.579,1.776,1.985,2.190,2.398,2.587,2.796,2.991,3.200,3.373,3.592,3.790,3.996,4.212,4.410,4.620,5.072,5.303,5.535,5.830,6.028,6.248,6.494,6.969,7.174,7.427,7.688,7.892,8.139,8.559,8.772,9.051,9.242,9.457,9.930,10.119,10.355,10.564,10.790,11.023,11.320,11.502,11.712,11.913,12.141,12.348,12.557,12.774,12.945,13.141,13.328,13.531,13.708,13.913,14.116,14.312,14.518,14.708,14.919,15.149,15.356,15.569,15.776,15.971,16.184,16.393,16.596,16.791,17.001,17.214,17.626,17.813,18.012,18.219,
1,74,0.212,0.410,
1,75,0.173,0.352,
1,76,0.191,0.389,0.589,0.772,0.956,1.139,1.347,1.523,1.723,1.890,2.092,2.296,2.483,2.672,3.059,3.248,3.448,3.640,3.830,4.024,4.227,4.424,4.641,4.842,5.034,5.430,5.642,5.843,6.064,6.271,6.482,6.682,6.892,7.070,7.276,7.476,7.689,7.893,8.100,8.296,8.522,8.709,8.925,9.143,9.336,9.515,9.707,9.897,10.116,10.353,
1,77,0.140,0.332,0.538,0.774,0.981,1.369,1.553,1.774,1.959,2.163,2.391,2.579,2.790,3.025,3.230,3.648,3.846,4.062,4.275,4.465,4.657,4.840,5.032,5.211,5.421,5.613,5.816,5.996,6.197,6.410,6.596,6.823,7.010,7.209,7.410,7.581,7.770,7.965,8.190,8.411,8.605,8.826,9.032,9.230,9.421,9.648,9.862,10.070,10.280,10.488,10.704,10.895,11.124,11.293,11.495,11.709,11.917,12.146,12.341,12.559,12.782,12.982,13.204,13.354,13.589,13.782,14.147,14.364,14.580,14.774,14.991,15.204,15.414,15.821,16.032,16.246,16.476,16.680,16.898,17.103,17.498,17.710,17.918,18.149,18.353,
1,78,0.035,0.261,0.458,0.808,1.033,1.199,1.410,1.580,1.790,1.992,2.208,2.402,2.774,2.983,3.200,3.406,3.608,3.806,4.023,4.403,4.623,4.832,5.055,5.252,5.453,5.671,5.897,6.087,6.298,6.581,6.776,7.154,7.375,7.581,7.855,8.064,8.265,8.491,8.717,8.902,9.113,9.336,9.535,9.742,9.946,10.156,10.374,
1,79,0.141,0.336,0.534,
1,80,0.202,0.602,0.798,1.002,
1,81,0.220,0.412,0.599,0.791,0.998,1.189,1.397,1.604,1.815,2.031,2.222,2.420,2.641,2.817,3.197,3.401,3.736,3.940,4.156,4.348,4.557,4.778,4.953,5.159,5.359,5.543,5.776,5.985,6.160,6.546,6.771,6.947,7.150,7.314,7.476,7.668,7.872,8.056,8.224,8.408,8.598,8.787,8.980,9.176,9.394,9.584,9.780,9.966,10.148,10.348,10.532,10.726,10.926,11.145,11.322,11.520,11.719,11.920,12.119,12.315,12.499,12.690,12.896,13.090,13.284,13.472,
1,82,0.141,0.304,0.525,0.690,0.895,
1,83,0.036,0.226,0.411,
1,84,0.043,0.214,0.418,
1,85,0.206,0.400,0.578,0.766,0.946,1.150,1.308,1.484,1.680,1.860,2.041,2.220,2.425,2.618,2.811,3.017,3.200,3.375,3.560,3.768,3.953,4.135,4.310,4.518,4.709,4.905,5.116,5.285,5.481,5.685,5.885,6.065,
1,86,0.058,0.248,0.435,0.622,0.807,0.991,1.172,1.375,1.553,1.738,1.920,2.120,2.310,2.521,2.707,2.894,3.087,3.443,3.638,3.815,4.021,4.188,4.388,4.583,4.789,4.975,5.178,5.345,5.542,5.743,5.955,6.151,6.356,6.547,6.773,6.951,7.149,7.348,7.540,7.718,7.874,
1,87,0.042,0.237,0.429,0.617,0.810,1.000,1.224,1.419,1.623,1.803,2.001,2.189,2.400,2.594,2.795,2.995,3.199,3.406,
1,88,0.033,0.217,0.393,0.566,0.746,0.938,1.144,1.314,1.501,1.663,1.863,
1,89,0.149,0.347,0.567,0.737,0.933,1.126,1.311,1.501,1.698,1.897,2.072,2.263,2.450,2.647,2.812,3.014,3.197,3.374,3.561,3.764,3.949,4.148,4.336,4.539,4.731,4.918,5.115,5.302,5.515,5.673,5.863,6.037,6.217,6.375,6.544,6.673,6.870,7.035,7.193,7.364,7.550,7.720,7.899,8.087,8.266,
1,90,0.150,0.340,0.549,0.714,0.923,1.108,1.319,1.532,1.736,1.933,2.134,2.327,2.532,2.727,2.912,3.106,3.313,3.518,3.696,3.865,4.045,4.220,4.395,4.584,4.769,4.966,5.136,5.338,5.534,5.721,5.912,6.087,6.289,6.489,6.688,6.887,7.064,7.270,7.452,7.606,7.800,7.965,8.163,8.327,8.446,8.654,8.847,9.024,9.194,9.361,9.528,9.711,9.888,10.086,10.281,10.474,10.659,10.833,10.993,11.176,11.377,
1,91,0.091,0.299,0.463,
