0,1,0.158,0.519,0.784,1.078,1.361,1.646,1.921,2.176,2.468,2.735,3.014,3.274,3.553,3.838,4.296,4.648,4.935,5.238,5.534,5.822,6.148,6.460,6.747,7.062,7.349,7.827,8.184,8.516,8.811,9.077,9.355,9.654,9.935,10.267,10.649,10.919,11.268,11.703,
0,1,0.163,0.450,0.768,1.041,1.349,1.659,1.951,2.237,2.522,2.813,3.097,3.393,3.704,4.019,4.304,4.618,5.054,5.336,5.611,5.906,6.213,6.495,6.771,7.050,7.325,7.619,7.894,8.271,8.522,8.785,9.127,9.392,9.713,10.168,
0,1,,
0,1,0.178,0.465,0.735,1.018,1.300,1.614,1.844,2.095,2.369,2.635,2.885,3.138,3.417,3.690,3.989,4.269,4.551,4.804,5.096,5.341,5.665,5.922,6.185,6.470,6.770,7.055,7.343,7.612,7.899,8.169,8.433,8.694,8.996,9.309,9.638,9.943,10.235,
2,1,0.272,0.554,0.870,1.194,1.487,1.774,2.055,2.397,2.654,3.014,3.224,3.544,3.826,4.099,4.373,4.649,4.919,5.164,5.428,5.656,5.926,6.233,6.516,6.791,7.048,7.328,7.612,7.848,8.099,8.408,8.693,8.952,9.236,9.501,9.768,10.018,10.317,
2,2,0.100,0.350,0.651,0.867,1.089,1.326,1.651,1.889,2.159,2.448,2.684,2.955,3.221,3.402,3.654,3.927,4.164,4.580,4.835,5.075,5.319,5.588,5.851,6.084,6.363,6.650,6.920,7.190,7.405,7.683,7.971,8.271,
2,3,0.171,0.420,0.660,0.909,1.184,1.459,1.657,1.949,2.150,2.608,2.918,3.183,3.455,3.705,3.945,4.227,
2,4,0.277,0.556,0.774,1.043,1.326,1.591,1.834,2.141,2.428,2.712,3.001,3.281,3.554,3.871,4.145,4.392,4.674,4.961,5.247,5.529,5.791,6.022,6.350,6.650,6.930,7.236,7.535,7.727,8.020,8.317,8.621,8.919,9.189,9.495,9.776,10.059,10.361,10.662,10.934,11.334,11.652,11.908,12.262,
2,5,0.116,0.443,0.698,0.978,1.267,1.437,1.767,1.940,2.267,2.527,2.840,3.071,3.331,3.620,3.914,4.203,4.453,4.768,5.068,5.330,5.626,5.952,6.244,6.519,6.845,7.108,7.457,7.719,7.962,8.270,8.569,8.863,9.211,9.521,9.803,10.040,10.300,10.638,10.926,11.246,11.554,11.870,12.197,12.522,12.772,13.077,13.363,13.639,13.939,14.232,
2,6,0.437,0.720,1.024,1.284,1.573,1.861,2.169,2.438,2.708,2.996,3.287,3.617,3.841,4.142,4.396,4.692,4.978,5.259,5.578,5.853,6.193,6.438,6.727,7.046,7.320,7.651,7.911,8.213,
2,7,0.103,0.377,0.646,0.923,1.210,1.492,1.789,2.088,2.397,
2,8,0.424,0.675,0.949,1.251,1.529,1.853,2.136,2.430,2.737,3.047,3.401,3.659,3.982,4.330,4.640,4.900,5.225,5.566,5.900,6.232,6.546,6.877,7.174,7.520,7.809,8.123,8.403,8.720,9.035,9.366,9.668,10.021,
2,9,0.353,0.651,0.960,1.271,1.562,1.894,2.240,2.567,2.885,3.211,3.570,3.870,4.233,4.541,4.863,5.209,5.571,5.932,
2,10,0.182,0.483,0.799,1.151,1.443,1.780,2.092,
2,11,0.194,0.473,0.781,1.058,1.355,1.658,1.935,2.260,2.510,2.809,3.125,3.410,3.700,4.023,4.311,4.594,4.912,5.194,5.478,5.790,6.104,6.349,6.615,6.935,7.262,7.562,7.896,8.215,
2,12,0.337,0.621,0.927,1.219,1.521,1.814,2.109,2.399,2.715,3.018,3.303,3.650,3.963,4.278,4.554,4.897,5.172,5.464,5.814,6.100,6.408,6.704,7.066,7.405,7.700,7.999,8.307,8.622,8.965,9.248,9.565,9.900,10.184,
2,13,0.237,0.490,0.795,1.124,1.399,1.703,1.978,2.266,2.561,2.844,3.177,3.452,3.741,4.039,4.321,4.624,4.931,5.210,5.518,5.774,6.101,6.439,6.747,7.085,7.362,7.677,7.993,8.303,8.619,8.940,9.202,9.520,9.827,10.146,10.462,10.797,11.075,11.387,11.700,12.031,
2,14,,
2,15,0.168,0.411,0.725,0.985,1.273,1.587,1.873,2.197,2.523,2.788,3.083,3.391,3.706,4.031,4.306,4.626,4.953,5.275,5.542,5.849,6.171,6.488,6.783,7.072,7.396,7.677,7.966,8.235,8.512,8.811,9.143,9.459,9.785,10.066,10.324,10.651,10.940,11.240,11.555,11.895,12.201,
2,16,0.206,0.487,0.802,1.144,1.431,1.775,2.088,2.376,2.685,3.021,3.344,3.692,4.021,4.362,4.649,4.984,5.291,5.615,5.980,6.294,6.661,7.032,7.397,7.767,8.173,8.500,8.897,9.271,9.648,9.996,10.326,10.696,11.032,11.423,11.785,12.152,12.525,12.899,13.266,13.602,13.941,14.286,14.657,15.002,15.323,15.678,16.035,
2,17,0.500,0.830,1.167,1.523,1.900,2.247,2.610,2.967,3.324,3.641,3.959,4.282,
2,18,0.157,0.482,0.849,1.215,1.518,1.822,2.118,2.414,2.723,3.053,3.519,3.793,4.122,4.431,4.786,5.146,5.499,5.802,6.136,6.467,6.796,7.124,7.465,7.783,8.065,8.377,8.719,9.101,9.417,9.706,10.042,
2,19,0.178,0.513,0.832,1.127,1.429,1.728,2.064,2.398,2.690,3.073,3.405,3.680,3.937,4.218,4.549,4.851,
2,20,0.147,0.409,0.726,1.014,1.333,1.647,1.897,2.211,2.489,2.771,3.034,3.515,3.841,4.148,
2,21,0.414,0.684,0.919,1.229,1.493,1.711,2.017,2.282,2.593,2.894,3.188,3.518,3.782,4.074,4.354,4.593,4.900,5.172,5.441,5.769,6.135,6.377,6.670,6.966,7.269,7.593,7.886,8.167,
2,22,0.363,0.647,0.953,1.275,1.589,1.872,2.187,2.436,2.738,3.039,3.331,3.655,3.944,4.270,4.587,4.864,5.166,5.457,5.722,6.065,6.374,6.617,6.837,7.179,7.502,7.808,8.120,8.445,8.794,9.096,9.361,9.582,9.902,10.199,10.540,
2,23,0.225,0.467,0.732,0.953,1.161,1.340,1.516,1.899,2.196,2.526,2.816,3.125,3.444,3.767,4.095,4.401,4.671,4.940,5.218,5.549,5.899,6.218,6.538,6.892,7.229,7.560,7.885,8.215,8.541,8.888,9.235,9.559,9.893,10.244,
2,24,,
2,25,0.269,0.582,0.912,1.204,1.474,1.661,1.945,2.282,2.616,2.984,3.250,3.559,3.871,4.176,4.501,4.782,5.144,5.457,5.792,6.126,6.432,6.752,7.088,7.396,7.722,8.019,8.364,8.725,8.982,9.282,9.647,9.995,
2,26,0.154,0.450,0.767,1.047,1.351,1.651,1.950,2.251,2.589,2.902,3.209,3.518,3.828,4.135,4.408,4.727,5.044,5.346,5.657,5.996,6.314,6.643,6.942,7.270,7.612,7.958,8.302,8.638,8.978,9.315,9.659,10.021,10.348,10.701,11.039,11.368,11.715,12.059,12.389,12.737,13.089,13.390,13.736,14.084,14.449,14.812,15.192,15.586,15.959,
2,27,0.476,0.898,1.170,1.529,1.863,2.183,2.549,2.916,3.265,3.652,4.016,4.399,4.750,5.038,5.400,5.697,6.031,6.383,6.717,7.096,7.453,7.851,8.163,8.562,8.904,9.310,9.701,10.053,10.461,10.886,11.370,11.721,12.096,12.491,12.851,13.277,13.663,14.000,14.396,14.829,15.242,15.641,16.031,
2,28,0.225,0.557,0.896,1.238,1.551,1.871,2.192,2.530,2.869,3.187,3.502,3.858,4.188,4.554,4.891,5.223,5.567,5.956,6.286,6.610,6.993,7.330,7.681,8.009,8.346,8.682,9.070,9.430,9.797,10.150,10.497,10.894,11.275,11.612,11.988,
2,29,0.141,0.472,0.818,1.141,1.489,1.839,2.200,2.606,2.949,3.320,3.667,3.986,4.306,4.662,4.983,5.323,5.625,5.992,
2,30,0.150,0.447,0.784,1.084,1.326,1.686,2.047,2.402,2.793,3.169,3.493,3.801,4.165,4.519,4.870,5.200,5.606,5.959,6.336,6.734,7.070,7.433,7.789,8.021,8.453,8.737,9.121,9.436,9.848,10.245,
2,31,0.159,0.543,0.874,1.225,1.544,1.925,2.269,
2,32,0.174,0.556,0.831,1.235,1.611,1.989,2.333,2.663,3.059,3.391,
2,33,0.246,0.608,0.916,1.268,1.625,1.992,2.352,
2,34,0.176,0.516,0.832,1.153,1.480,1.819,2.116,2.481,2.782,3.163,3.517,3.875,4.200,4.547,4.896,5.235,5.518,5.907,
2,35,0.273,0.597,
2,36,0.163,0.436,0.763,1.046,1.350,1.647,1.897,2.056,2.373,2.613,2.921,3.197,3.432,3.702,4.032,4.336,4.616,4.898,5.182,5.453,5.705,6.040,6.516,6.778,7.115,7.347,7.598,7.936,8.212,8.464,8.731,9.017,9.271,9.578,9.884,10.134,10.634,10.876,11.191,11.485,11.775,12.083,12.419,12.691,12.983,13.269,13.573,13.873,14.209,14.526,14.812,15.126,15.450,15.810,16.092,
2,37,0.070,0.395,0.677,0.982,1.248,1.546,1.866,2.195,2.458,2.787,3.118,3.439,3.763,4.080,4.397,4.711,4.984,5.311,5.648,5.935,6.200,6.497,6.836,7.148,7.466,7.782,8.104,8.424,8.745,9.060,9.399,9.692,10.001,10.289,10.575,10.939,11.218,11.561,11.834,12.181,12.518,12.817,13.144,13.453,13.749,14.077,
2,38,0.218,0.536,0.833,1.158,1.482,1.809,2.091,2.433,2.727,3.025,3.335,3.614,3.866,4.191,
2,39,0.363,0.606,0.935,1.268,1.602,1.935,2.218,2.573,2.939,3.276,3.592,3.898,4.219,
2,40,0.328,0.611,0.946,1.245,1.584,1.899,2.218,2.545,2.892,3.199,3.519,3.867,4.162,4.519,4.809,5.152,5.578,5.851,6.127,6.520,6.929,7.271,7.587,7.888,8.225,8.567,8.899,9.172,9.522,9.889,10.324,10.664,10.961,11.295,11.639,11.914,12.156,12.473,
2,41,0.164,0.448,0.716,0.988,1.280,1.575,1.844,2.118,2.388,2.657,2.937,3.230,3.534,3.747,4.021,4.317,4.556,4.907,5.221,5.518,5.815,6.143,6.442,6.769,7.026,
2,42,0.150,0.383,0.605,0.852,1.151,1.353,1.596,1.887,2.099,2.365,2.621,2.871,3.155,3.439,3.733,3.981,4.250,4.573,4.903,5.187,5.519,5.811,6.177,6.488,6.808,7.160,7.520,7.817,8.154,8.472,8.778,9.077,9.371,9.663,9.970,10.281,
2,43,0.187,0.489,0.776,1.054,1.342,1.640,1.859,2.150,2.423,2.701,2.969,3.274,3.527,3.818,4.080,4.274,4.557,4.858,5.042,5.281,5.593,5.892,6.099,
2,44,0.226,0.525,0.712,0.984,1.271,1.559,1.826,2.264,2.718,3.025,3.285,3.532,3.752,3.935,4.167,4.395,4.577,4.778,5.012,5.249,5.459,5.695,5.961,6.198,
2,45,0.033,0.298,0.562,0.809,1.064,1.317,1.575,1.825,2.062,2.344,2.537,2.834,3.089,3.352,3.648,3.905,4.225,
2,46,0.047,0.401,
2,47,0.251,0.486,0.731,0.974,1.273,1.553,1.859,2.248,2.559,2.827,3.162,3.457,3.723,4.024,4.309,4.672,4.970,
2,48,0.271,0.605,0.888,1.086,1.368,1.598,1.841,2.096,2.364,2.649,2.896,3.163,3.421,3.841,4.082,4.315,4.545,4.813,5.248,5.491,5.743,6.002,6.480,6.734,7.024,7.288,7.552,7.841,8.156,8.453,8.725,9.025,9.317,9.584,9.892,10.157,10.442,10.686,10.971,11.221,11.515,11.760,12.010,12.263,12.567,12.837,13.099,13.401,13.700,13.993,
2,49,0.160,0.414,0.664,0.907,1.231,1.409,1.716,2.019,2.285,2.550,2.751,3.019,3.304,3.585,3.873,4.172,4.417,4.913,5.219,5.537,5.827,6.099,6.426,6.671,6.910,7.208,7.521,7.775,8.086,
2,50,0.271,0.550,0.844,1.145,1.439,1.735,2.043,2.335,2.622,2.875,3.170,3.466,3.728,3.986,4.297,4.526,4.777,5.020,5.324,5.666,5.965,
2,51,0.223,0.484,0.771,1.041,1.299,1.599,1.889,2.098,2.375,2.669,2.946,3.159,3.438,3.697,3.941,4.223,4.523,4.788,5.140,5.364,5.650,5.921,6.178,6.445,6.714,6.935,7.215,7.525,7.809,8.032,8.275,8.574,8.843,9.167,9.468,9.746,10.029,10.295,10.660,10.935,11.200,11.430,11.714,12.027,12.302,12.647,12.916,13.221,13.471,13.761,14.030,14.394,14.708,14.985,15.278,15.550,
2,52,0.241,0.515,0.793,1.042,1.310,1.570,1.874,2.073,2.361,2.646,2.926,3.205,3.460,3.790,4.084,4.431,4.726,5.031,5.264,5.593,5.869,6.202,6.398,6.743,
2,53,0.494,0.788,1.070,1.388,1.652,1.891,2.183,2.465,2.732,3.022,3.357,3.661,3.965,4.224,4.523,4.849,5.111,5.422,5.703,6.024,
2,54,0.273,0.549,0.786,1.068,1.332,1.550,1.812,2.088,
2,55,0.071,0.394,0.627,0.871,1.120,1.394,1.657,1.912,2.315,2.572,2.975,3.262,3.545,3.851,4.126,4.627,4.877,5.176,5.475,5.769,
2,56,0.248,0.551,0.774,0.984,1.249,1.529,1.792,2.101,
2,57,0.330,0.594,0.900,1.164,1.447,1.733,1.999,2.289,2.542,2.826,3.151,3.418,3.695,3.993,4.327,4.624,4.977,5.313,5.640,6.019,
2,58,0.218,0.529,0.767,1.078,1.466,
2,59,0.235,0.517,0.822,1.134,1.451,1.827,2.185,2.560,2.974,3.362,3.699,4.112,
2,60,0.051,0.367,0.690,0.999,1.292,1.651,1.965,2.278,2.582,2.902,3.181,3.475,3.749,4.011,4.278,4.538,4.803,5.078,5.343,5.602,5.836,6.106,6.394,6.644,6.894,7.168,7.458,7.733,7.987,8.270,8.578,8.895,9.262,9.512,9.822,10.094,10.410,10.739,11.023,11.335,11.675,12.002,12.277,12.597,12.897,13.263,13.500,13.872,14.172,
2,61,0.337,0.626,0.939,1.238,1.526,1.855,2.193,2.532,2.848,3.193,3.515,3.873,4.206,4.562,4.901,5.308,5.689,6.109,6.469,6.895,7.290,7.677,8.090,8.513,8.923,9.307,9.725,10.123,10.500,10.912,11.335,11.774,12.165,
2,62,0.180,0.566,0.915,1.300,1.666,2.057,2.399,2.720,3.016,3.350,3.681,3.993,4.286,4.571,4.900,5.210,5.534,5.866,6.173,6.487,6.810,7.081,7.518,7.768,8.060,8.374,8.733,8.983,
2,63,0.151,0.518,0.710,1.002,1.278,1.599,1.906,2.268,2.590,2.905,3.204,3.526,3.840,4.164,
2,64,0.080,0.388,0.659,0.972,1.239,1.547,1.836,2.103,2.422,2.696,2.989,3.293,3.618,3.932,4.248,4.548,4.890,5.187,5.524,5.827,6.168,6.463,6.784,7.113,7.480,7.824,8.142,8.458,8.892,9.236,9.627,9.954,10.405,10.735,11.183,11.474,11.938,12.222,12.596,12.931,13.317,13.708,14.033,14.404,14.820,15.197,15.495,15.860,16.262,16.627,17.039,
2,65,0.293,0.640,1.023,1.318,1.618,1.944,2.277,2.605,2.923,3.286,3.641,3.950,4.297,4.616,4.976,5.295,5.642,5.971,
2,66,0.082,0.436,0.770,1.116,1.465,1.803,2.127,2.454,2.771,3.112,3.452,3.772,4.145,4.472,4.839,5.234,5.580,5.925,6.276,
2,67,0.173,0.513,0.897,1.220,1.583,1.897,
2,68,0.294,0.588,0.919,1.197,1.493,1.814,2.151,
2,69,0.400,0.687,1.020,1.328,1.670,2.017,2.356,2.668,2.992,3.324,3.640,3.961,
2,70,0.454,0.744,1.056,1.394,1.731,2.062,
2,71,0.363,0.676,0.994,1.315,1.648,1.978,
2,72,0.399,0.711,1.016,1.350,1.689,2.031,2.405,2.779,3.106,3.453,3.821,4.203,4.618,5.002,5.390,
2,73,0.262,0.571,0.859,1.215,1.647,1.978,2.366,2.774,3.192,3.517,3.913,4.297,4.697,5.148,5.476,5.899,6.334,6.752,7.149,7.599,8.016,8.429,8.786,9.150,9.480,9.926,10.275,10.649,11.028,11.433,11.827,12.196,12.625,13.067,13.447,13.786,14.165,
2,74,0.307,0.770,1.097,1.462,1.815,2.151,2.521,2.888,3.218,3.604,3.949,4.297,4.681,5.041,5.409,5.715,6.065,
2,75,0.470,0.774,1.098,1.443,1.750,2.045,2.376,2.689,
2,76,0.049,0.370,0.653,0.979,1.277,
2,77,0.115,0.463,0.768,1.078,1.401,1.711,1.998,2.370,2.682,3.011,3.298,3.790,4.112,4.457,4.781,5.096,5.448,5.763,6.092,6.438,6.780,7.077,7.422,7.752,8.097,
2,78,0.472,0.765,1.079,1.463,1.750,2.119,2.482,2.825,3.167,3.476,3.819,4.165,4.517,4.826,5.173,5.548,5.896,6.272,6.635,6.951,7.337,7.708,8.080,8.422,8.776,9.177,9.526,9.957,10.386,10.805,
2,79,0.064,0.423,0.782,1.084,1.448,1.783,2.056,2.397,2.706,3.115,3.498,
2,80,0.085,0.405,0.683,0.898,1.217,1.434,1.668,1.926,2.203,2.486,2.788,3.023,3.328,3.558,3.820,4.027,4.251,4.486,4.731,4.930,5.104,5.331,5.552,5.848,6.074,6.384,6.720,7.050,7.343,7.667,7.993,8.462,8.769,9.066,9.447,9.794,10.136,10.526,10.893,11.290,
2,81,0.271,0.581,0.843,1.155,1.477,1.805,2.099,
2,82,0.269,0.533,0.855,1.184,1.471,1.766,2.063,2.330,2.650,2.915,3.214,3.502,3.899,4.213,4.518,4.821,5.110,5.473,5.796,6.046,6.331,6.619,6.935,7.269,7.565,7.903,8.199,8.520,8.787,
2,83,0.188,0.516,0.817,1.149,1.471,1.798,
2,84,0.211,0.523,0.840,1.136,1.413,1.657,1.951,2.230,2.525,2.780,3.050,3.335,3.657,3.958,4.251,4.563,4.848,5.143,5.440,5.738,6.039,6.353,6.648,6.962,7.270,7.596,7.954,8.271,8.582,8.887,9.192,9.498,9.813,10.127,
2,85,0.067,0.345,0.650,0.932,1.291,1.624,2.017,2.299,2.671,3.024,3.384,3.713,4.114,4.491,4.839,5.221,5.585,5.989,6.313,6.683,7.049,
2,86,0.270,0.599,0.923,1.270,1.621,1.977,2.303,
2,87,0.235,0.558,0.887,1.216,1.522,1.874,2.187,
2,88,0.208,0.494,0.828,1.150,1.530,1.925,2.267,2.596,2.940,3.268,3.518,3.889,4.240,4.522,4.885,5.240,
2,89,0.097,0.438,0.792,1.145,1.512,1.848,2.187,2.513,2.945,3.263,3.626,3.990,4.359,
2,90,0.207,0.483,0.832,1.216,1.584,1.942,2.314,2.666,3.022,3.429,3.805,4.206,4.559,4.973,5.377,5.730,6.141,6.619,
2,91,0.331,0.665,1.034,
2,92,0.111,0.423,0.729,0.933,1.208,1.435,1.697,1.949,2.216,2.496,2.747,3.049,3.284,3.535,3.797,4.067,
2,93,0.082,0.343,0.596,0.888,1.168,1.457,1.727,2.042,2.325,2.639,2.889,3.169,3.473,3.664,3.932,4.201,
2,94,0.165,0.462,0.779,1.103,1.392,1.732,2.045,2.325,2.582,2.822,3.144,3.478,3.795,4.048,4.424,4.653,4.972,5.274,5.556,5.865,
2,95,0.171,0.453,0.785,1.094,1.458,1.773,2.027,2.320,2.607,2.927,3.190,3.489,3.799,4.109,4.450,4.816,
2,96,0.203,0.399,0.681,0.992,1.272,1.556,1.839,2.116,2.419,2.716,3.000,3.293,3.560,3.845,4.140,4.449,4.774,5.066,5.355,5.648,5.968,6.275,
