0,1,0.153,0.311,0.462,0.609,0.767,0.926,1.088,1.240,1.394,1.528,1.664,1.789,1.894,2.075,2.162,2.261,2.363,2.461,2.555,2.669,2.761,2.895,2.996,3.114,3.239,3.328,3.434,3.619,3.788,3.949,4.118,4.288,4.459,4.658,4.850,5.033,5.197,5.396,5.574,5.748,5.928,6.100,6.290,6.462,6.647,6.804,6.985,7.156,7.315,7.485,7.658,7.833,8.014,8.179,8.345,8.518,8.694,8.857,9.038,9.219,9.398,9.556,9.723,9.898,10.061,10.236,10.412,10.579,10.765,10.923,11.096,11.265,11.406,
0,1,0.072,0.245,0.413,0.571,0.736,0.899,1.064,1.227,1.385,1.555,1.725,1.894,2.059,2.232,2.394,2.568,2.745,2.916,3.087,3.269,3.432,3.607,3.789,3.972,4.150,4.328,4.519,4.685,4.864,5.037,5.221,5.390,5.571,5.736,5.917,6.103,6.287,6.467,6.644,6.819,6.994,7.176,7.361,7.545,7.736,7.915,8.091,8.278,8.454,8.627,8.814,9.022,9.189,9.374,9.551,9.736,9.920,10.105,
0,1,0.192,0.360,0.534,0.702,0.873,1.058,1.246,1.425,1.625,1.822,2.018,2.215,2.402,2.586,2.775,2.961,3.168,3.424,
0,1,0.207,0.401,0.556,0.739,0.936,1.120,1.300,1.475,1.655,1.841,2.025,2.206,2.390,2.575,2.781,2.981,3.167,3.345,3.529,3.715,3.893,4.092,4.286,4.479,4.660,4.850,5.046,5.240,5.452,
1,1,0.033,0.196,0.364,0.528,0.688,0.871,1.048,1.218,1.397,1.568,1.745,1.922,2.092,2.264,2.444,2.618,2.790,2.961,3.148,3.323,3.515,3.686,3.857,4.032,4.214,4.398,4.559,4.737,4.911,5.096,5.278,5.454,5.649,5.815,5.999,6.184,6.365,6.553,6.745,6.929,7.114,7.296,7.483,7.666,7.850,8.026,8.216,8.401,8.593,8.774,8.962,9.146,9.326,9.517,9.675,9.852,10.038,
1,2,0.157,0.321,0.489,0.647,0.794,0.962,1.144,1.332,1.511,1.693,1.875,2.039,2.215,2.409,2.593,2.778,2.941,3.145,3.312,3.483,3.662,3.844,4.031,4.217,4.399,4.582,4.779,4.959,5.156,5.348,5.539,5.739,5.932,6.124,
1,3,0.163,0.331,0.492,0.680,0.866,1.065,1.244,1.423,1.609,1.771,1.953,2.141,2.342,2.522,2.706,2.875,3.069,3.272,3.455,3.617,3.804,3.984,4.161,4.341,4.535,4.707,4.899,5.081,5.273,5.459,5.640,5.817,6.023,6.199,6.397,6.590,6.791,6.976,7.162,7.347,7.544,7.738,7.940,8.141,8.338,8.534,8.727,8.938,9.141,9.299,9.480,9.685,9.892,10.084,
1,4,0.189,0.362,0.547,0.718,0.894,1.056,1.226,1.397,1.573,1.781,1.974,2.178,2.370,2.566,2.744,2.928,3.120,3.304,3.497,3.679,3.875,4.074,4.273,4.461,4.642,4.830,5.026,5.226,5.412,5.601,5.803,5.998,6.189,6.369,6.551,6.729,6.913,7.105,7.291,7.479,7.675,7.846,8.042,
1,5,0.104,0.277,0.452,0.627,0.799,0.994,1.180,1.360,1.547,1.734,1.904,2.089,2.274,2.453,2.651,2.827,3.025,3.184,3.358,3.538,3.713,3.894,4.053,4.232,4.423,4.619,4.801,4.993,5.203,5.386,5.571,5.773,5.980,6.173,6.355,6.554,6.770,6.940,7.113,7.290,7.496,7.688,7.873,8.060,
1,6,0.270,0.421,0.579,0.752,0.926,1.098,1.261,1.416,1.572,1.735,1.901,2.066,2.203,2.364,2.525,2.703,2.895,3.079,3.264,3.449,3.625,3.817,4.012,4.192,4.396,4.570,4.762,4.940,5.127,5.331,5.513,5.688,5.870,6.058,6.263,6.448,6.647,6.829,7.013,7.179,7.370,7.558,7.740,7.924,8.117,8.306,8.498,8.706,8.910,9.090,9.283,9.486,9.692,9.877,10.076,10.286,10.484,10.690,10.899,11.089,11.272,11.466,11.655,11.854,
1,7,0.127,0.324,0.518,0.703,0.876,1.040,1.201,1.352,1.496,1.648,1.820,1.994,2.159,2.320,2.471,2.610,2.771,2.929,3.087,3.242,3.402,3.553,3.696,3.842,4.017,4.190,4.399,4.579,4.762,4.960,5.153,5.339,5.560,5.763,5.972,6.161,6.351,6.535,6.728,6.948,7.112,7.286,7.475,7.681,7.854,8.046,
1,8,0.154,0.339,0.518,0.686,0.851,1.018,1.205,1.385,1.558,1.752,1.927,2.092,2.269,2.463,2.636,2.816,2.993,3.165,3.343,3.535,3.721,3.903,4.086,4.270,4.437,4.609,4.777,4.944,5.119,5.319,5.520,5.709,5.890,6.096,6.300,6.464,6.656,6.888,7.074,7.271,7.450,7.638,7.852,8.048,8.244,8.444,8.651,8.858,9.069,9.279,9.484,9.676,9.889,10.108,
1,9,0.034,0.231,0.398,0.578,0.731,0.901,1.066,1.250,1.448,1.619,1.801,1.994,2.183,
1,10,0.032,0.230,0.409,0.586,0.766,0.936,1.120,1.308,1.500,1.686,1.859,2.041,2.226,2.412,2.602,2.784,2.977,3.165,3.350,3.539,3.736,3.928,4.126,4.306,4.494,4.690,4.877,5.061,5.268,5.455,5.642,5.837,6.033,6.221,6.420,6.609,6.803,7.019,7.199,7.397,7.590,7.791,8.000,8.221,8.439,8.661,8.873,9.075,9.277,9.491,9.711,9.900,10.100,
1,11,0.141,0.319,0.489,0.653,0.827,1.020,1.219,1.424,1.619,1.815,1.999,2.179,2.369,2.553,2.741,2.936,3.117,3.306,3.500,3.679,3.872,4.039,4.238,4.428,4.617,4.804,4.989,5.172,5.358,5.537,5.730,5.916,6.103,6.295,6.485,6.689,6.890,7.050,7.247,7.468,7.647,7.818,8.024,8.216,8.403,8.590,8.796,9.024,9.209,9.401,9.610,9.823,10.034,10.242,
1,12,0.074,0.266,0.454,0.650,0.820,1.017,1.207,1.400,1.568,1.767,1.930,2.112,2.301,2.622,2.809,2.977,3.151,3.311,3.485,3.654,3.822,3.991,4.158,4.331,4.518,4.679,4.861,5.048,5.235,5.442,5.635,5.813,5.996,6.228,6.405,6.593,6.814,7.019,7.222,7.408,7.613,7.841,8.020,8.182,8.377,8.608,8.809,8.998,9.200,9.400,9.611,9.796,9.992,10.181,10.373,10.558,
1,13,0.120,0.319,0.513,0.688,0.897,1.051,1.213,1.374,1.529,1.706,1.897,2.068,2.231,2.405,2.571,2.738,2.898,3.073,3.250,3.437,3.609,3.792,3.981,4.197,4.399,4.596,4.795,4.979,5.171,5.399,5.589,5.798,6.016,6.266,6.432,6.656,6.864,7.083,7.333,7.541,7.746,7.930,8.134,8.340,8.549,8.785,8.974,9.176,9.401,9.601,9.797,10.018,10.223,10.430,10.638,10.844,11.031,11.235,11.439,11.642,11.842,12.034,12.202,
1,14,0.267,0.425,0.612,0.809,1.018,1.202,1.418,1.590,1.781,1.990,2.166,2.349,2.545,2.730,2.929,3.135,3.337,3.539,3.716,3.910,4.112,4.315,4.519,4.704,4.895,5.095,5.252,5.429,5.624,5.833,6.044,6.270,6.457,6.671,6.851,7.055,7.270,7.481,7.663,7.857,8.067,8.274,8.487,8.695,8.902,9.109,9.303,9.522,9.712,9.923,10.117,
1,15,0.190,0.386,0.574,0.744,0.937,1.140,1.348,1.550,1.745,1.938,2.144,2.366,2.536,2.735,2.928,3.122,3.310,3.525,3.716,3.910,4.113,4.306,4.522,4.708,4.896,5.096,5.282,5.522,5.715,5.908,6.110,6.319,6.533,6.742,6.953,7.171,7.397,7.592,7.796,7.990,8.177,8.377,8.607,8.808,8.993,9.237,9.459,9.665,9.865,10.054,10.274,10.467,10.661,10.841,11.028,11.211,11.392,11.554,11.735,11.904,12.096,12.295,12.497,12.691,12.870,13.048,13.223,13.393,13.558,13.721,13.893,14.068,14.260,14.425,14.610,14.777,14.943,15.120,15.310,15.514,15.707,15.869,16.042,16.214,
1,16,0.125,0.318,0.513,0.676,0.897,1.024,1.191,1.359,1.523,1.705,1.897,2.075,2.264,2.442,2.616,2.807,2.970,3.170,3.366,3.554,3.743,3.928,4.123,4.314,4.522,4.739,4.940,5.149,5.354,5.567,5.772,5.977,
1,17,0.142,0.332,0.526,0.705,0.893,1.072,1.249,1.431,1.609,1.785,1.976,2.157,2.323,
1,18,0.085,0.277,0.469,0.661,0.862,1.079,1.246,1.443,1.649,1.865,2.065,2.250,2.438,2.649,2.849,3.036,3.221,3.431,3.612,3.806,4.017,4.177,4.400,4.580,4.800,4.978,5.196,5.386,5.578,5.801,6.018,6.268,6.475,6.703,6.925,7.181,7.434,7.645,7.892,
1,19,0.174,0.369,0.565,0.759,0.941,1.143,1.342,1.543,1.740,1.930,2.115,2.313,2.488,2.685,2.893,3.076,3.248,3.445,3.647,3.850,4.033,4.261,4.455,4.644,4.837,5.045,5.250,5.445,5.651,5.845,6.025,6.228,6.439,6.627,6.822,7.053,7.222,7.432,7.646,7.852,8.046,8.236,8.440,8.663,8.896,9.076,9.281,9.517,9.715,9.934,10.147,10.332,10.552,10.767,10.988,11.193,11.397,11.571,11.774,11.990,12.238,12.439,12.685,12.915,13.148,13.338,13.559,13.769,13.969,14.180,
1,20,0.055,0.248,0.552,0.717,0.886,1.042,1.187,1.336,1.495,1.649,1.807,1.975,2.144,2.320,2.493,2.671,2.849,3.038,3.193,3.364,3.534,3.720,3.921,4.160,4.372,4.600,4.843,5.092,5.367,5.636,5.886,6.140,6.390,6.637,6.901,7.153,7.404,7.661,7.913,8.160,8.438,8.644,8.919,9.169,9.416,9.665,9.922,10.206,10.446,10.719,10.969,11.188,11.418,11.627,11.829,12.043,12.273,
1,21,0.076,0.291,0.488,0.696,0.890,1.095,1.250,1.447,1.650,1.835,2.021,2.224,2.418,2.594,2.774,2.969,3.188,3.401,3.569,3.768,3.941,4.135,
1,22,0.158,0.340,0.517,0.682,0.863,1.034,1.219,1.400,1.564,1.726,1.901,2.078,2.267,2.443,2.615,2.780,2.967,3.162,3.368,3.560,3.742,3.906,4.094,4.281,4.476,4.660,4.844,5.046,5.245,5.456,5.651,5.867,6.071,6.269,6.495,6.683,6.893,7.106,7.324,7.526,7.731,7.931,8.137,
1,23,0.051,0.243,0.447,0.597,0.787,0.955,1.134,1.291,1.479,1.649,1.812,1.972,2.134,2.268,
1,24,0.194,0.351,0.516,0.672,0.819,0.985,1.150,1.306,1.473,1.665,1.847,2.021,2.208,2.391,2.573,2.749,2.913,3.089,3.284,3.518,3.661,3.845,4.033,4.230,4.416,4.635,4.851,5.040,5.235,5.451,5.638,5.827,6.041,6.269,
1,25,0.062,0.245,0.413,0.580,0.738,0.917,1.133,1.334,1.521,1.680,1.872,2.086,2.302,2.499,2.663,2.871,3.072,3.280,3.547,3.713,3.917,4.111,4.335,4.525,4.723,4.939,5.138,5.356,5.573,5.769,5.978,6.190,6.390,6.639,6.799,6.979,7.204,7.422,7.637,7.834,8.045,8.274,8.474,8.710,8.913,9.144,9.404,9.577,9.793,10.021,
1,26,0.150,0.315,0.517,0.683,0.884,1.059,1.268,1.467,1.664,1.871,2.065,2.268,2.460,2.637,2.837,3.033,3.235,3.427,3.626,3.822,4.031,4.252,
1,27,0.152,0.317,0.494,0.656,0.827,0.985,1.149,1.315,1.485,1.650,1.803,1.979,2.150,2.343,2.529,2.714,2.900,3.078,3.267,3.460,3.680,3.863,4.042,4.231,4.413,4.618,4.836,5.025,5.213,5.407,5.607,5.790,5.978,6.191,6.367,6.561,6.740,6.948,7.159,7.393,7.592,7.796,8.091,
1,28,0.107,0.293,0.462,0.623,0.800,0.965,1.156,1.325,1.513,1.688,1.876,2.070,2.263,2.436,2.647,2.842,3.033,3.233,3.422,3.613,3.805,4.000,4.191,4.398,4.590,4.782,4.978,5.194,5.405,5.602,5.792,5.989,6.190,6.408,6.623,6.840,7.052,7.275,7.516,7.708,7.916,8.149,8.366,8.594,8.813,9.031,9.233,9.432,9.648,9.848,10.046,10.212,10.400,10.556,10.682,10.838,11.017,11.195,11.370,11.559,11.743,11.916,12.100,12.274,12.489,12.679,12.854,
1,29,0.039,0.231,0.430,0.661,0.819,0.999,1.161,1.346,1.550,1.802,2.013,2.242,2.467,2.647,2.867,3.075,3.278,3.464,3.668,3.897,4.085,4.281,4.481,4.657,4.845,5.054,5.280,5.489,5.664,5.898,6.089,6.296,6.525,6.751,6.960,7.182,7.399,7.594,7.817,8.048,8.244,8.461,8.653,8.874,9.122,9.330,9.556,9.767,9.950,
1,30,0.205,0.419,0.615,0.820,0.993,1.184,1.392,1.586,1.791,1.989,2.182,2.358,2.559,2.748,2.939,3.120,3.323,3.536,3.741,3.954,4.140,4.356,4.553,4.740,4.945,5.148,5.356,5.549,5.790,5.963,6.164,6.391,6.594,6.803,6.995,7.204,7.424,7.651,7.892,8.071,8.296,8.571,8.772,8.969,9.195,9.452,9.659,9.896,10.115,10.371,10.594,10.777,10.978,11.182,11.415,11.640,
1,31,0.054,0.265,0.444,0.649,0.817,1.016,1.206,1.399,1.592,1.795,1.996,2.191,2.400,2.586,2.776,2.944,3.145,3.325,3.527,3.767,3.976,4.157,4.363,4.565,4.767,4.972,5.168,5.355,5.554,5.768,5.950,6.146,6.322,6.521,6.714,6.900,7.116,7.327,7.525,7.724,7.928,8.138,8.347,8.563,8.772,8.991,9.176,9.391,9.603,9.811,10.032,10.270,10.462,10.650,10.817,
1,32,0.177,0.385,0.558,0.735,0.915,1.100,1.282,1.461,1.636,1.799,1.986,2.166,2.386,2.559,2.770,2.954,3.145,3.349,3.550,3.774,3.987,4.225,4.431,4.647,4.845,5.041,5.232,5.427,5.654,5.864,6.061,6.272,6.454,6.675,6.889,7.093,7.314,7.491,7.699,7.892,8.143,8.324,8.523,8.748,8.963,9.164,9.373,9.577,9.822,10.033,10.291,
1,33,0.044,0.242,0.453,0.649,0.834,1.040,1.248,1.456,1.653,1.847,2.049,2.245,2.432,2.650,2.813,3.017,3.214,3.401,3.601,3.819,3.995,4.210,
1,34,0.183,0.368,0.527,0.708,0.890,1.201,1.376,1.573,1.781,1.953,2.126,2.316,2.524,2.722,2.915,3.120,3.324,3.531,3.740,3.946,4.154,4.366,4.580,4.775,4.977,5.195,5.399,5.610,5.822,6.024,6.220,6.427,6.646,6.861,7.098,7.306,
1,35,0.086,0.271,0.476,0.666,0.870,1.071,1.272,1.436,1.617,1.801,2.022,2.202,2.413,2.618,2.808,3.022,3.205,3.429,3.646,3.861,4.050,4.273,4.468,4.681,4.877,5.103,5.361,5.582,5.815,6.058,6.293,6.524,6.734,6.944,7.170,7.394,7.617,7.845,8.057,8.287,
1,36,0.171,0.377,0.568,0.732,0.923,1.138,1.306,1.522,1.705,1.901,2.098,2.303,2.522,2.703,2.889,3.081,3.273,3.448,3.640,3.789,3.951,4.112,4.286,
1,37,0.167,0.353,0.543,0.721,0.920,1.110,1.298,1.474,1.657,1.841,2.022,2.220,2.389,2.562,2.773,2.916,3.086,3.273,3.443,3.616,3.790,3.968,4.140,4.307,4.471,4.620,4.777,5.172,5.332,5.491,5.644,5.794,5.969,6.090,6.278,6.457,6.641,6.821,6.995,7.164,7.340,7.525,7.702,7.892,
1,38,0.092,0.267,0.432,0.591,0.752,0.959,1.126,1.331,1.517,1.707,1.917,2.118,2.314,2.518,2.744,2.946,3.164,3.351,3.577,3.747,3.929,4.111,4.275,4.454,4.610,4.781,4.953,5.120,5.299,5.481,5.662,5.845,6.061,6.270,6.459,6.644,6.824,7.003,7.165,7.342,7.520,7.670,7.817,7.967,8.124,8.290,8.464,8.627,8.798,8.976,9.141,9.310,9.490,9.660,9.842,10.025,10.204,10.367,10.525,10.688,10.845,11.022,11.198,11.401,11.588,11.772,11.928,12.076,
1,39,0.173,0.350,0.536,0.726,0.940,1.146,1.359,1.561,1.778,2.013,2.225,2.436,2.659,2.871,3.078,3.270,3.471,3.665,3.839,
1,40,0.430,0.584,0.736,0.919,1.125,1.324,1.518,1.776,1.944,2.127,2.337,2.543,2.717,2.917,3.105,3.320,3.514,3.713,3.918,4.117,
1,41,0.079,0.258,0.424,0.587,0.775,0.953,1.108,1.290,1.509,1.657,1.854,2.023,2.246,2.439,2.653,2.862,3.054,3.241,3.425,3.622,3.805,3.994,4.195,4.394,4.584,4.794,4.972,5.161,5.361,5.545,5.761,5.957,6.159,
1,42,0.048,0.221,0.400,0.558,0.734,0.913,1.081,1.271,1.466,1.654,1.843,2.021,2.188,2.376,2.564,2.788,2.941,3.135,3.322,3.522,3.720,3.912,4.100,
1,43,0.096,0.275,0.444,0.623,0.791,0.946,1.107,1.289,1.488,1.640,1.818,1.971,2.139,2.306,
1,44,0.084,0.274,0.453,0.623,0.808,0.983,1.162,1.355,1.560,1.764,1.938,2.126,2.326,2.518,2.709,2.917,3.125,3.319,3.525,3.752,3.936,4.149,4.347,4.565,4.749,4.936,5.162,5.361,5.551,5.750,5.998,6.160,6.400,6.619,6.828,
1,45,0.073,0.272,0.449,0.607,0.776,0.955,1.139,1.336,1.495,1.669,1.856,2.023,2.187,2.346,2.499,2.655,2.813,2.994,3.179,3.372,3.561,3.741,3.939,4.123,4.303,4.473,4.668,4.858,5.034,5.224,5.423,5.615,5.794,6.025,6.220,
1,46,0.050,0.210,0.375,0.522,0.638,0.778,0.942,1.083,1.225,1.363,1.522,1.669,1.821,1.971,2.139,2.295,2.454,2.626,2.795,2.980,3.146,3.302,3.479,3.646,3.820,3.977,4.150,4.320,4.495,4.667,4.842,5.027,5.209,5.377,5.556,5.743,5.891,6.071,6.274,6.423,6.603,6.810,6.992,7.186,7.398,7.591,7.812,7.960,8.145,8.330,8.523,8.689,8.834,9.000,
1,47,0.057,0.241,0.430,0.624,0.811,1.024,1.194,1.372,1.564,1.741,1.941,2.117,2.299,2.493,2.708,2.891,3.089,3.279,3.463,3.654,3.822,4.016,4.196,4.375,4.694,4.893,5.065,5.237,5.422,5.643,5.801,5.987,6.168,6.368,6.547,6.760,6.927,7.096,7.277,7.453,7.615,
1,48,0.091,0.293,0.496,0.683,0.875,1.058,1.263,1.447,1.646,1.834,2.024,2.210,2.396,2.567,2.745,2.926,3.084,3.246,3.409,3.577,3.740,3.901,4.061,4.230,4.397,4.575,4.764,4.941,5.104,5.294,5.469,5.648,5.796,5.954,6.109,6.282,6.465,6.648,6.815,6.996,7.185,7.369,7.571,7.778,7.938,8.149,8.313,8.493,8.671,8.865,9.050,9.230,9.424,9.612,9.820,10.026,10.219,10.403,10.588,10.781,10.967,11.134,11.297,11.466,11.651,11.827,12.055,12.212,12.384,12.567,12.768,12.951,13.152,13.354,13.560,13.750,13.924,14.107,
1,49,0.075,0.261,0.429,0.597,0.785,0.970,1.145,1.364,1.538,1.726,1.915,2.119,2.332,2.529,2.712,2.903,3.123,3.326,3.536,3.794,3.975,4.170,
1,50,0.275,0.392,0.565,0.741,0.903,1.070,1.247,1.419,1.594,1.784,1.954,2.116,2.289,2.452,2.643,2.812,2.977,3.160,3.351,3.535,3.714,3.897,4.086,
1,51,0.055,0.248,0.432,0.611,0.793,0.959,1.112,1.306,1.471,1.671,1.850,2.053,2.274,2.452,2.661,2.873,3.056,3.241,3.426,3.642,3.797,4.025,4.208,4.392,4.591,4.785,5.009,5.208,5.392,5.582,5.784,5.956,6.143,6.342,6.536,6.734,6.954,7.158,7.643,7.796,
1,52,0.204,0.422,0.647,0.803,0.995,1.199,1.372,1.558,1.742,1.908,2.076,2.265,2.447,2.624,2.812,3.015,3.177,3.363,3.563,3.765,3.943,4.149,4.349,4.563,4.766,4.961,5.167,5.367,5.564,5.773,5.978,6.182,
1,53,0.074,0.234,0.407,0.574,0.732,0.919,1.086,1.241,1.400,1.558,1.751,1.895,2.092,2.281,2.463,2.639,2.805,2.981,3.176,3.386,3.552,3.735,3.921,4.170,4.333,4.520,4.720,4.928,5.137,5.339,5.521,5.722,5.913,6.137,
1,54,0.091,0.246,0.421,0.598,0.766,0.938,1.092,1.266,1.450,1.622,1.833,2.017,2.199,
1,55,0.201,0.400,0.585,0.776,0.961,1.157,1.393,1.602,1.814,2.029,
1,56,0.152,0.346,0.524,0.697,0.896,1.060,1.271,1.453,1.613,1.820,2.021,2.207,2.388,2.587,2.798,3.002,3.227,3.439,3.642,3.898,4.076,4.272,4.452,4.649,4.844,5.067,5.273,5.487,5.686,5.851,6.052,6.299,6.468,6.654,6.857,7.058,7.274,7.459,7.678,7.891,8.088,
1,57,0.055,0.245,0.424,0.622,0.769,0.922,1.099,1.269,1.446,1.636,1.811,1.981,2.187,2.386,2.554,2.734,2.918,3.117,3.326,3.537,3.697,3.904,4.101,4.315,4.497,4.690,4.887,5.079,5.283,5.486,5.696,5.908,6.107,
1,58,0.114,0.314,0.500,0.693,0.898,1.062,1.251,1.440,1.648,1.845,2.051,2.249,2.447,2.649,2.826,3.015,3.207,3.413,3.608,3.790,3.970,4.166,4.369,4.553,4.752,4.958,5.150,5.342,5.516,5.690,5.900,6.088,6.284,6.498,6.724,6.937,7.143,7.345,7.537,7.737,7.923,
1,59,0.061,0.260,0.447,0.596,0.774,0.959,1.143,1.360,1.566,1.767,1.926,2.106,2.312,2.511,2.703,2.894,3.055,3.241,3.433,3.645,3.809,4.011,4.222,4.422,4.622,4.825,5.033,5.250,5.418,5.617,5.817,6.026,6.206,6.425,6.646,6.838,7.050,7.263,7.450,7.663,7.874,8.097,
1,60,0.068,0.265,0.466,0.663,0.852,1.044,1.242,1.441,1.649,1.846,2.055,2.266,2.458,2.664,2.872,3.071,3.286,3.441,3.650,3.815,4.016,4.233,4.446,4.619,4.821,5.020,5.229,5.442,5.648,5.833,6.054,6.272,6.457,
1,61,0.144,0.326,0.530,0.718,0.918,1.145,1.327,1.512,1.714,1.912,2.123,2.328,2.555,2.734,2.973,3.185,3.399,3.579,3.774,3.986,4.178,4.397,4.565,4.770,4.971,5.174,5.361,5.587,5.790,6.021,6.238,6.439,6.670,6.926,7.114,7.335,7.618,7.818,8.034,8.277,8.530,8.744,8.982,9.222,9.448,9.671,9.876,10.087,10.313,
1,62,0.120,0.312,0.496,0.673,0.854,1.053,1.240,1.438,1.611,1.786,1.987,2.182,
1,63,0.107,0.272,0.477,0.698,0.918,1.139,1.343,1.557,1.772,1.982,2.176,2.389,2.609,2.805,3.023,3.206,3.376,3.582,3.920,4.109,4.286,4.578,4.774,4.976,5.180,5.372,5.603,5.840,6.024,6.207,6.497,6.656,
1,64,0.108,0.322,0.548,0.769,0.941,1.124,1.311,1.519,1.688,1.874,2.061,2.270,2.444,2.625,2.802,2.985,3.163,3.362,3.550,3.752,3.945,4.146,4.366,4.565,4.771,4.947,5.147,5.350,5.570,5.735,5.943,6.142,
1,65,0.071,0.262,0.438,0.624,0.798,1.013,1.205,1.414,1.705,1.848,2.020,2.179,2.364,2.545,2.737,2.918,3.091,3.276,3.449,3.647,3.823,4.014,4.224,4.420,4.624,4.857,5.059,5.265,5.467,5.673,5.899,6.079,6.244,6.402,6.570,6.747,6.899,
1,66,0.174,0.374,0.582,0.770,0.937,1.117,1.273,1.462,1.623,1.789,2.017,2.200,
1,67,0.049,0.287,0.475,0.663,0.852,1.042,1.268,1.436,1.635,1.827,2.018,2.191,2.373,2.550,2.729,2.917,3.100,3.284,3.466,3.645,3.837,4.032,4.229,4.433,4.645,4.848,5.042,5.239,5.444,5.665,5.887,6.108,6.322,6.520,6.727,6.941,7.137,7.342,7.563,7.771,
1,68,0.149,0.303,0.480,0.650,0.834,1.023,1.208,1.412,1.593,1.779,1.959,2.136,2.316,2.530,2.767,3.047,3.225,3.440,3.683,3.845,4.024,4.222,4.397,4.577,4.779,4.981,5.174,5.361,5.553,5.742,5.933,6.152,6.325,6.526,6.736,6.926,7.136,7.297,7.520,7.706,7.889,8.091,8.280,8.485,8.702,8.927,9.146,9.364,9.581,
1,69,0.075,0.279,0.492,0.693,0.870,1.071,1.273,1.496,1.679,1.889,2.103,2.307,2.523,2.741,2.890,3.082,3.274,3.450,3.640,3.820,3.995,4.197,4.391,4.585,4.774,4.970,5.148,5.350,5.525,5.702,5.891,6.083,6.282,6.485,6.681,6.892,7.086,7.327,7.538,7.735,7.959,8.155,
1,70,0.137,0.400,0.580,0.771,0.910,1.104,1.331,1.521,1.709,1.898,2.080,2.272,2.452,2.639,2.831,2.979,3.155,3.357,3.526,3.698,3.889,4.086,4.273,4.433,4.617,4.790,4.960,5.140,5.310,5.485,5.679,5.849,6.030,6.214,6.397,6.604,6.796,6.997,7.190,7.415,7.595,7.816,8.024,8.236,8.499,8.695,8.892,9.076,9.275,9.460,9.654,9.849,10.042,
1,71,0.212,0.416,0.606,0.875,1.065,1.266,1.457,1.664,1.902,2.103,2.288,2.481,2.674,2.852,3.054,3.266,3.442,3.650,3.842,4.062,4.270,4.461,4.650,4.831,5.032,5.234,5.437,5.634,5.841,6.051,6.229,6.434,6.642,6.853,7.068,7.268,7.468,7.661,7.864,8.085,
1,72,0.100,0.349,0.515,0.677,0.855,1.044,1.230,1.423,1.595,1.782,2.015,2.163,2.370,2.606,
1,73,0.175,0.541,0.779,0.936,1.110,1.294,1.469,1.663,1.855,2.054,
1,74,0.112,0.304,0.477,0.681,0.889,1.101,1.307,1.523,1.710,1.913,2.122,2.336,2.523,2.707,2.903,3.098,3.308,3.491,3.690,3.891,4.092,4.301,4.524,4.718,4.928,5.141,5.338,5.537,5.758,5.960,6.176,6.372,6.569,6.777,6.978,7.177,7.392,7.565,7.779,7.996,8.226,8.416,8.621,8.843,9.056,9.267,9.492,9.838,
1,75,0.056,0.272,0.475,0.704,0.961,1.211,1.411,1.639,1.836,2.029,2.239,2.436,2.653,2.868,3.072,3.273,3.457,3.650,3.844,4.027,4.233,4.410,4.602,4.799,4.983,5.156,5.374,5.559,5.750,5.957,6.141,6.321,6.493,6.683,6.898,7.075,7.273,7.470,7.686,7.896,8.103,8.303,8.521,8.728,8.932,9.143,9.359,9.578,9.760,
1,76,0.039,0.266,0.465,0.664,0.846,1.033,1.227,1.594,1.788,1.974,2.167,2.400,2.634,2.877,3.083,3.281,3.493,3.714,3.948,4.217,4.421,4.634,4.833,5.040,5.235,5.439,5.613,5.823,5.996,6.200,6.385,6.580,6.769,6.949,7.142,7.338,7.531,7.728,7.925,8.112,8.297,8.475,
1,77,0.260,0.432,0.623,0.803,0.988,1.172,1.367,1.549,1.749,1.938,2.144,2.310,2.494,2.687,2.855,3.037,3.211,3.394,3.559,3.746,3.934,4.128,4.317,4.541,4.718,4.922,5.145,5.342,5.600,5.736,5.931,6.146,6.337,6.524,6.722,6.911,7.110,7.318,7.499,7.693,7.856,8.043,8.234,8.429,8.617,8.828,9.039,9.247,9.461,9.665,9.898,10.131,
1,78,0.035,0.265,0.445,0.649,0.841,1.040,1.249,1.471,1.683,1.883,2.104,2.301,2.516,2.706,2.926,3.160,3.371,3.576,3.800,4.055,4.271,4.517,4.714,4.910,5.127,5.438,5.634,5.955,6.137,6.326,6.518,6.667,6.834,7.025,7.218,7.385,7.575,7.786,8.019,
1,79,0.211,0.417,0.595,0.788,0.985,1.226,1.400,1.597,1.789,1.983,2.183,2.401,2.596,2.817,3.042,3.275,3.501,3.696,3.914,4.154,4.358,4.560,4.769,4.979,5.197,5.400,5.616,5.834,6.042,6.253,6.469,6.685,6.886,7.088,7.310,7.527,7.743,7.950,8.173,8.371,8.574,8.824,9.045,9.254,9.445,9.611,
1,80,0.143,0.339,0.549,0.734,0.915,1.144,1.305,1.501,1.688,1.894,2.065,2.261,2.455,2.645,2.895,3.045,3.239,3.439,3.645,3.864,4.055,4.262,4.455,4.663,4.874,5.092,5.281,5.513,5.702,5.945,6.163,
1,81,0.176,0.377,0.575,0.783,0.992,1.189,1.410,1.650,1.858,2.071,2.300,2.517,2.749,2.925,3.134,3.401,3.594,3.785,3.956,4.151,4.349,4.584,4.768,4.931,5.135,5.371,5.580,5.822,6.031,
1,82,0.037,0.217,0.428,0.620,0.815,1.021,1.209,1.420,1.645,1.862,2.054,2.245,2.439,2.639,2.833,3.037,3.272,3.481,3.698,3.896,4.106,4.295,4.502,4.715,4.914,5.116,5.322,5.540,5.744,5.948,6.182,6.393,6.592,6.810,7.028,7.246,7.454,7.685,7.918,8.141,8.348,8.545,8.749,8.926,
1,83,0.122,0.344,0.579,0.781,0.969,1.202,1.403,1.603,1.866,2.051,2.267,2.461,2.689,2.937,3.117,3.320,3.541,3.749,3.958,4.161,4.339,4.518,4.698,4.885,5.075,5.287,5.500,5.716,5.917,6.119,
1,84,0.178,0.399,0.591,0.799,0.959,1.149,1.322,1.534,1.766,1.961,2.171,2.400,2.781,2.964,3.166,3.340,3.549,3.767,3.984,4.183,4.386,4.610,4.801,5.018,5.206,5.431,5.666,5.901,6.099,6.317,6.525,6.737,6.959,7.143,
1,85,0.089,0.288,0.483,0.666,0.865,1.055,1.273,1.482,1.676,1.892,2.085,
1,86,0.041,0.274,0.418,0.600,0.781,0.974,1.239,1.391,1.608,1.819,2.068,2.284,2.493,2.716,2.965,3.192,3.417,3.643,3.866,4.097,4.323,4.561,4.784,5.112,
1,87,0.147,0.367,0.600,0.824,1.030,1.248,1.446,1.677,1.873,2.088,2.284,2.474,2.668,2.898,3.070,3.285,3.482,3.676,3.899,4.060,4.249,4.455,4.659,4.856,5.059,5.290,5.475,5.683,5.900,6.091,6.300,6.483,6.692,6.895,7.114,7.315,
1,88,0.103,0.332,0.549,0.735,0.977,1.200,1.435,1.678,1.922,2.098,2.312,2.494,2.692,2.869,3.043,3.269,3.502,3.750,3.981,4.211,4.448,4.690,4.927,5.136,5.360,5.580,5.792,6.042,6.249,6.452,6.692,6.916,7.137,7.356,7.572,7.798,8.041,8.271,8.497,8.716,8.962,9.197,9.473,9.707,9.926,10.142,10.389,10.639,10.860,11.069,11.285,11.523,11.730,11.950,12.157,12.364,12.583,12.803,13.024,13.222,13.440,13.640,13.847,14.055,14.281,
1,89,0.182,0.358,0.552,0.745,0.917,1.099,1.274,1.453,1.640,1.850,2.068,2.274,2.544,2.715,2.918,3.110,3.334,3.537,3.729,3.928,4.145,4.450,4.560,4.779,5.025,5.220,5.424,5.608,5.803,5.999,6.170,6.357,6.568,6.774,6.979,7.177,7.393,7.576,7.747,
1,90,0.054,0.280,0.498,0.727,0.944,1.164,1.353,1.573,1.779,1.992,2.189,2.397,2.547,2.732,2.936,3.157,3.369,3.583,3.784,3.938,4.123,4.336,4.547,4.765,4.972,5.197,5.399,5.608,5.826,6.032,6.241,6.461,6.699,6.897,7.107,7.339,7.570,7.808,8.034,
1,91,0.214,0.430,0.615,0.797,0.992,1.185,1.399,1.572,1.765,1.943,2.118,2.292,2.478,2.676,2.899,3.072,3.266,3.466,3.650,3.813,4.000,4.189,
1,92,0.025,0.225,0.411,0.600,0.802,1.016,1.223,1.421,1.616,1.812,2.021,
3,1,0.176,0.384,0.586,0.787,1.018,1.210,1.408,1.614,1.810,2.018,2.223,2.443,2.642,2.832,3.039,3.247,3.670,3.843,4.023,4.219,
3,2,0.043,0.248,0.442,0.650,0.830,1.017,1.200,1.384,1.571,1.731,1.916,2.106,2.288,2.480,2.644,2.832,3.035,3.225,3.429,3.608,3.815,3.998,4.186,4.398,4.602,4.788,4.968,5.162,5.386,5.603,5.794,5.983,6.179,
3,3,0.120,0.308,0.495,0.653,0.801,0.963,1.140,1.302,1.484,1.670,1.873,2.078,2.294,2.524,2.695,2.876,3.071,3.275,3.445,3.645,3.836,4.025,4.228,4.421,4.611,4.798,4.985,5.159,
3,4,0.205,0.399,0.569,0.765,0.938,1.126,1.293,1.489,1.659,1.847,2.023,2.201,2.335,2.516,2.656,2.820,2.900,3.088,3.165,3.328,3.476,3.633,3.794,3.986,4.150,4.326,4.490,4.705,4.901,5.090,5.294,5.464,5.656,5.884,6.060,6.268,6.453,6.701,6.890,7.105,7.339,7.536,7.752,7.968,8.167,8.369,8.573,8.769,8.954,
3,5,0.221,0.376,0.541,0.702,0.875,1.044,1.173,1.371,1.606,1.740,1.861,1.951,2.045,2.289,
3,6,0.044,0.250,0.426,0.608,0.744,0.853,0.937,1.076,1.151,1.298,1.413,1.775,1.914,2.089,2.244,2.434,2.609,2.775,3.025,3.197,3.392,3.555,3.699,3.896,4.306,4.488,4.655,4.828,5.010,5.197,5.410,5.613,5.828,
3,7,0.059,0.233,0.412,0.591,0.766,0.928,1.110,1.282,1.480,1.712,1.849,2.038,2.225,2.439,2.595,2.783,2.982,3.230,3.472,3.650,3.847,4.076,4.284,
3,8,0.166,0.368,0.559,0.752,0.938,1.121,1.329,1.516,1.699,1.859,1.983,2.206,2.398,2.590,2.767,2.940,3.119,3.284,3.474,3.687,3.884,4.062,
3,9,0.146,0.354,0.584,0.728,0.924,1.122,1.300,1.471,1.662,1.852,2.075,2.239,2.437,2.641,2.806,2.990,3.173,3.367,3.549,3.760,3.950,4.159,4.392,4.606,4.851,5.096,5.312,5.514,
3,10,0.114,0.293,0.481,0.672,0.838,1.017,1.175,1.344,1.517,1.663,1.847,2.032,2.233,2.408,2.609,2.814,3.018,3.208,3.401,3.613,3.815,4.018,4.214,4.406,4.623,4.803,5.031,5.209,5.446,5.643,5.835,
3,11,0.149,0.317,0.519,0.696,0.899,1.092,1.266,1.456,1.654,1.845,2.043,2.233,2.431,2.660,2.833,3.040,3.221,3.420,3.616,3.818,4.056,4.235,4.429,4.639,4.868,5.064,5.292,5.488,5.707,5.911,6.111,
3,12,0.140,0.303,0.482,0.665,0.848,1.024,1.187,1.394,1.578,1.778,1.962,2.153,2.338,2.528,2.727,2.912,3.125,3.319,3.525,3.666,3.863,4.050,4.276,4.444,4.651,4.829,5.049,5.232,5.420,5.617,5.816,6.029,6.243,6.447,6.624,
3,13,0.126,0.296,0.502,0.677,0.858,1.041,1.248,1.462,1.646,1.838,2.024,2.205,2.398,2.585,2.824,2.990,3.166,3.366,3.530,3.704,3.891,4.091,4.215,4.412,4.583,4.772,4.898,5.025,5.187,5.356,5.522,5.681,5.841,6.032,6.205,6.389,6.574,6.773,6.953,7.149,7.354,7.543,7.748,7.938,8.140,8.359,8.543,8.733,8.929,9.165,9.394,9.617,9.820,10.034,
3,14,0.047,0.225,0.409,0.570,0.774,0.957,1.141,1.316,1.524,1.686,1.858,2.028,2.214,2.405,2.598,2.857,3.025,3.203,3.392,3.589,3.785,3.972,4.154,4.363,4.526,4.704,4.820,
3,15,0.272,0.396,0.572,0.773,0.948,1.123,1.314,1.538,1.719,1.958,2.169,2.341,2.530,2.740,2.942,3.154,3.338,3.534,3.774,3.929,4.141,4.313,4.524,4.717,4.930,5.093,5.294,5.484,5.659,5.841,6.035,6.214,6.425,6.642,6.805,6.980,7.142,7.305,7.494,7.642,7.788,
3,16,0.239,0.388,0.571,0.771,0.951,1.138,1.338,1.522,1.726,1.898,2.086,2.272,2.443,2.648,2.804,3.022,3.183,3.396,3.573,3.773,3.972,4.215,4.421,4.640,4.840,5.063,5.295,5.481,5.694,5.915,6.141,6.338,6.546,6.733,6.912,7.100,7.288,
3,17,0.287,0.452,0.637,0.827,0.991,1.230,1.416,1.621,1.802,1.999,2.196,2.400,2.607,2.812,3.077,3.272,3.448,3.638,3.803,4.022,4.190,4.392,4.571,4.792,4.982,5.205,5.403,5.595,5.793,5.988,
3,18,0.034,0.214,0.411,0.599,0.809,0.979,1.173,1.355,1.540,1.703,1.901,2.030,2.210,
3,19,0.025,0.219,0.411,0.579,0.892,1.028,1.203,1.392,1.575,1.761,1.963,2.182,2.366,2.587,2.771,2.958,3.143,3.316,3.510,3.697,3.910,
3,20,0.195,0.336,0.519,0.698,0.899,1.063,1.246,1.436,1.650,1.846,1.988,2.163,2.360,2.517,2.694,2.900,3.100,3.284,3.502,3.690,3.923,4.095,4.302,
3,21,0.227,0.410,0.611,0.787,0.977,1.170,1.356,1.524,1.702,1.898,2.042,
3,22,0.161,0.358,0.567,0.750,0.955,1.142,1.336,1.542,1.771,1.972,2.192,2.377,2.565,2.771,2.992,3.180,3.388,3.592,3.799,4.039,4.216,4.419,4.585,4.783,4.967,5.146,5.344,5.540,5.749,5.951,6.166,
3,23,0.184,0.390,0.594,0.800,0.983,1.202,1.408,1.585,1.748,1.952,2.120,2.302,2.492,2.694,2.903,3.101,3.338,3.545,3.775,3.983,4.221,4.446,4.676,4.912,5.149,5.366,5.597,5.798,6.041,6.285,6.526,6.782,7.034,7.232,
3,24,0.145,0.340,0.548,0.731,0.940,1.153,1.366,1.544,1.751,1.967,2.156,2.364,2.601,2.808,3.022,3.249,3.468,3.669,3.969,4.147,4.337,4.534,4.748,4.945,5.170,5.360,5.573,5.782,6.015,6.217,6.422,6.652,6.861,7.069,7.307,7.516,7.727,7.944,8.159,
3,25,0.332,0.523,0.701,0.893,1.126,1.300,1.496,1.693,1.897,2.095,2.286,2.489,2.667,2.891,3.054,3.274,3.429,3.610,3.798,3.998,4.178,4.356,4.547,4.724,5.042,5.223,5.409,5.587,5.800,6.000,6.221,6.444,6.660,6.893,7.077,7.329,
3,26,0.204,0.429,0.581,0.790,1.001,1.188,1.403,1.617,1.803,2.160,2.339,2.526,2.764,2.953,3.153,3.358,3.570,3.777,3.990,4.189,4.401,4.604,4.816,5.018,5.226,5.431,5.693,5.866,6.042,6.227,6.439,6.655,6.861,7.051,7.288,7.483,7.676,
3,27,0.171,0.397,0.640,0.849,1.097,1.332,1.556,1.622,1.837,2.065,2.324,2.524,2.744,2.955,3.173,3.391,3.578,3.909,4.086,
3,28,0.066,0.252,0.443,0.640,0.815,1.023,1.177,1.347,1.543,1.742,1.946,2.167,2.376,2.565,2.794,2.974,3.178,3.391,3.590,3.845,4.069,4.251,4.440,4.673,4.877,5.081,5.288,5.490,5.693,5.892,6.240,6.468,6.683,6.892,7.102,
3,29,0.153,0.338,0.523,0.691,0.890,1.087,1.280,1.490,1.691,1.897,2.100,
3,30,0.207,0.401,0.602,0.785,0.986,1.178,1.363,1.559,1.773,1.948,2.139,2.343,2.560,2.747,2.924,3.121,3.313,3.523,3.713,3.927,4.117,4.332,4.524,4.719,4.920,5.123,5.314,5.538,5.729,5.923,6.141,6.354,6.559,6.792,
3,31,0.033,0.208,0.400,0.587,0.773,0.966,1.154,1.367,1.586,1.779,1.989,2.204,2.406,2.618,2.838,3.091,3.274,3.485,3.673,3.901,4.064,4.280,4.493,4.711,4.897,5.109,5.310,5.488,5.685,5.854,6.044,6.238,6.449,6.641,6.816,7.020,7.211,7.520,7.770,7.976,
3,32,0.058,0.272,0.462,0.650,0.836,1.010,1.176,1.363,1.535,1.715,1.913,2.109,2.294,2.478,2.684,2.895,3.074,3.261,3.436,3.626,3.805,3.988,4.206,4.371,4.585,4.781,4.979,5.185,5.410,5.607,5.804,6.013,6.210,6.403,6.620,6.811,7.020,7.225,7.458,
3,33,0.193,0.389,0.569,0.747,0.926,1.116,1.297,1.500,1.699,1.863,2.059,2.273,2.456,2.677,2.847,3.031,3.246,3.428,3.607,3.774,3.967,4.163,4.363,4.566,4.760,4.964,5.152,5.339,5.528,
3,34,0.073,0.263,0.450,0.646,0.806,0.992,1.176,1.358,1.523,1.733,1.897,2.071,2.264,2.446,2.647,2.821,3.000,3.189,3.401,3.602,3.805,4.018,4.214,4.408,4.648,4.821,5.025,5.265,5.435,5.649,5.858,6.080,6.316,6.482,
3,35,0.104,0.314,0.480,0.664,0.848,1.018,1.185,1.366,1.558,1.736,1.911,2.093,2.279,2.477,2.670,2.860,3.040,3.232,3.409,3.589,3.783,3.965,4.149,
3,36,0.091,0.294,0.473,0.649,0.815,1.000,1.167,1.359,1.561,1.766,1.970,2.185,2.367,2.592,2.767,2.967,3.158,3.348,3.542,3.743,3.938,4.127,4.324,4.518,4.715,4.920,5.123,5.316,5.518,5.747,5.969,6.139,
3,37,0.027,0.200,0.362,0.522,0.693,0.866,1.052,1.232,1.429,1.619,1.807,1.997,2.174,2.395,2.540,2.728,2.924,3.118,3.295,3.490,3.672,3.849,4.036,4.237,
