0,1,0.159,0.397,0.647,0.847,1.073,1.325,1.539,1.771,1.998,2.231,2.462,2.695,2.945,3.170,3.399,3.624,3.839,4.064,4.287,4.499,4.720,4.941,5.198,5.405,5.650,5.900,6.116,6.334,6.561,6.823,7.039,7.277,7.517,7.969,8.188,8.401,8.651,8.851,9.081,9.300,9.552,9.785,10.052,10.272,10.531,10.769,10.998,
0,1,0.241,0.419,0.652,0.876,1.065,1.268,1.456,1.640,1.837,2.050,2.269,2.461,2.660,2.864,3.073,3.281,3.478,3.690,3.900,4.107,4.296,4.493,4.693,4.903,5.110,5.314,5.520,5.744,5.965,6.180,6.404,6.637,6.856,7.074,7.302,7.521,7.739,7.946,8.167,8.388,8.593,8.813,9.047,9.275,9.495,9.718,9.928,10.160,
0,1,,
0,1,0.112,0.301,0.483,0.655,0.834,1.018,1.198,1.385,1.568,1.769,1.934,2.116,2.303,2.493,2.675,2.886,3.073,3.287,3.461,3.666,3.863,4.064,4.270,4.451,4.646,4.846,5.035,5.238,5.447,5.657,5.866,6.055,6.271,6.462,6.664,6.888,7.107,7.310,7.531,7.735,7.929,8.138,8.348,8.569,8.778,8.992,9.208,9.434,9.654,9.858,10.061,10.276,
1,1,0.149,0.358,0.578,0.792,1.017,1.247,1.468,1.696,1.918,2.147,2.397,2.626,2.852,3.095,3.325,3.571,3.809,4.047,4.275,4.515,4.746,4.996,5.237,5.477,5.693,5.922,6.169,6.409,6.649,6.899,7.118,7.357,7.593,7.821,8.056,8.306,8.546,8.774,9.017,9.238,9.466,9.705,9.937,10.175,10.416,10.688,
1,2,0.187,0.458,0.658,0.876,1.087,1.295,1.519,1.743,1.942,2.146,2.369,2.587,2.792,3.013,3.217,3.441,3.646,3.841,4.056,4.270,4.478,4.703,4.910,5.131,5.359,5.595,5.828,6.090,6.315,6.537,6.771,6.996,7.242,7.486,7.765,7.979,8.191,8.431,8.652,8.916,9.149,9.341,9.592,9.811,10.044,10.276,
1,3,0.046,0.274,0.524,0.774,0.989,1.212,1.420,1.627,1.843,2.076,2.282,2.525,2.727,2.982,3.215,3.436,3.659,3.876,4.099,4.330,4.546,4.776,4.988,5.209,5.440,5.660,5.893,6.109,6.332,6.551,6.787,7.028,7.260,7.494,7.733,7.983,8.206,
1,4,0.159,0.398,0.624,0.851,1.071,1.314,1.549,1.770,1.988,2.199,2.432,2.665,2.887,3.137,3.366,3.592,3.815,4.028,4.271,4.497,4.718,4.929,5.154,5.388,5.618,5.848,6.096,6.319,6.526,6.737,6.958,7.239,7.448,7.678,7.889,8.092,8.307,8.546,8.773,9.023,9.240,9.468,9.687,9.915,10.141,10.367,10.594,10.838,11.066,11.290,11.554,11.775,11.977,12.242,
1,5,0.033,0.227,0.448,0.674,0.900,1.104,1.332,1.534,1.767,1.979,2.182,
1,6,0.208,0.434,0.649,0.900,1.093,1.299,1.517,1.746,1.954,2.182,2.400,2.650,2.850,3.079,3.309,3.544,3.781,3.992,4.209,4.431,4.671,4.894,5.125,5.327,5.518,5.698,
1,7,0.152,0.332,0.543,0.740,0.967,1.189,1.421,1.636,1.865,2.081,2.292,2.520,2.719,2.930,3.150,3.371,3.596,3.817,4.024,
1,8,0.030,0.253,0.466,0.680,0.876,1.094,1.320,1.546,1.742,1.961,2.177,2.398,2.576,2.799,3.015,3.239,3.474,3.689,3.913,4.149,4.373,4.596,4.827,5.029,5.244,5.473,5.683,5.900,6.116,6.325,6.539,6.747,6.961,
1,9,0.197,0.423,0.647,0.845,1.064,1.302,1.522,1.732,1.936,2.139,2.341,2.548,2.773,2.977,3.198,3.415,3.652,3.866,4.079,
1,10,0.147,0.393,0.578,0.795,1.010,1.222,1.438,1.644,1.863,2.076,
1,11,0.033,0.267,0.498,0.720,0.940,1.163,1.384,1.615,1.854,2.109,2.324,2.550,2.781,3.018,3.229,3.458,3.686,3.909,4.120,4.301,
1,12,0.154,0.385,0.601,0.793,1.000,1.215,1.446,1.664,1.885,2.108,2.316,2.532,2.751,2.994,
1,13,0.226,0.441,0.665,0.893,1.095,1.311,1.537,1.760,1.977,2.193,2.393,2.618,2.858,3.064,3.270,3.511,3.737,3.962,4.166,4.404,4.626,4.852,5.089,5.332,5.554,5.775,5.998,6.219,6.449,6.675,6.903,7.085,
1,14,0.116,0.349,0.561,0.780,1.015,1.226,1.462,1.688,1.906,2.144,2.363,2.595,2.829,3.055,3.272,3.511,3.752,3.975,4.196,4.434,4.672,4.895,5.121,5.352,5.580,5.806,6.040,6.272,6.484,6.736,6.960,7.180,7.403,7.646,7.863,8.113,8.331,8.560,8.790,9.013,9.227,9.412,
1,15,0.164,0.390,0.635,0.869,1.070,1.275,1.519,1.743,1.954,2.173,2.386,2.627,2.843,3.071,3.273,3.481,3.692,3.923,4.159,4.370,4.587,4.805,5.020,5.239,5.474,5.700,5.919,6.144,6.366,6.594,6.825,7.070,7.289,7.525,7.751,7.976,8.200,
1,16,0.102,0.340,0.586,0.828,1.071,1.292,1.522,1.772,2.022,2.233,2.464,
1,17,0.180,0.412,0.640,0.856,1.075,1.309,1.524,1.774,2.002,2.207,2.428,2.658,2.891,3.118,3.341,3.567,3.795,4.025,
1,18,0.062,0.310,0.538,0.788,1.023,1.253,1.495,1.731,1.954,2.187,2.403,2.634,2.870,3.083,3.304,3.530,3.768,3.967,4.188,4.431,4.676,4.887,5.123,5.342,5.568,5.783,5.997,6.218,6.442,6.708,6.934,7.148,7.370,7.602,7.823,8.034,8.224,
1,19,0.172,0.409,0.647,0.893,1.143,1.358,1.589,1.826,2.073,2.295,2.527,2.752,2.985,3.212,3.463,3.701,3.944,4.181,4.405,4.645,4.864,5.113,5.335,5.573,5.822,6.041,6.283,6.513,6.744,6.984,7.216,7.460,7.693,7.903,8.113,8.334,8.571,8.810,
1,20,0.220,0.434,0.664,0.902,1.109,1.332,1.583,1.806,2.026,2.269,2.519,2.769,2.988,3.218,3.429,3.665,3.886,4.117,4.346,
1,21,0.231,0.462,0.697,0.930,1.160,1.394,1.641,1.853,2.084,2.328,2.564,2.787,2.994,3.215,3.448,3.679,3.916,4.142,4.366,4.592,4.832,5.075,5.313,5.546,5.786,6.022,6.306,6.482,6.721,6.954,7.144,7.394,7.583,7.824,8.087,8.307,8.527,8.738,8.953,9.172,
1,22,0.062,0.294,0.524,0.966,1.158,1.391,1.585,1.811,2.042,2.274,2.525,2.727,2.953,3.181,3.434,3.687,3.912,4.159,4.399,4.646,4.872,5.110,5.334,5.566,5.808,6.041,6.281,6.510,6.741,6.979,7.214,7.450,7.651,7.894,8.144,8.371,8.611,8.825,
1,23,0.037,0.271,0.499,0.718,0.952,1.208,1.422,1.674,1.874,2.110,2.325,2.549,2.778,3.025,3.272,3.494,3.772,3.984,4.200,4.440,4.701,4.936,5.171,5.402,5.625,5.859,6.089,6.327,6.575,6.823,7.053,7.308,7.541,7.774,8.024,8.246,8.486,8.720,8.957,9.186,9.395,9.623,
1,24,0.245,0.481,0.711,0.955,1.208,1.452,1.684,1.937,2.166,2.405,2.655,2.884,3.135,3.366,3.604,3.842,4.063,4.286,4.522,4.769,5.019,5.243,5.471,5.701,5.927,6.165,6.405,6.641,6.870,7.110,7.348,7.577,7.809,8.042,8.283,8.521,8.771,8.965,9.189,9.436,9.670,9.904,10.138,10.364,10.600,10.838,11.058,11.272,11.454,
1,25,0.239,0.481,0.709,0.952,1.180,1.406,1.651,1.860,2.094,2.317,2.542,2.772,2.995,3.221,3.451,3.682,3.920,4.155,4.400,4.635,4.865,5.095,5.321,5.553,5.784,6.020,6.252,6.498,6.738,6.966,7.203,7.430,7.655,7.868,
1,26,0.045,0.279,0.519,0.736,0.961,1.197,1.425,1.650,1.886,2.086,2.314,2.557,2.780,3.040,3.285,3.520,3.746,3.991,4.232,
1,27,0.247,0.483,0.701,0.934,1.166,1.405,1.625,1.868,2.098,2.334,2.540,2.787,3.023,3.235,3.438,3.643,3.839,4.068,4.284,4.523,4.738,4.957,5.189,5.419,5.641,5.874,6.105,6.331,
1,28,0.062,0.283,0.536,0.771,0.998,1.237,1.463,1.687,1.925,2.167,2.393,2.628,2.860,3.092,3.319,3.536,3.763,3.975,4.171,4.397,4.613,4.843,5.058,5.270,5.483,5.723,5.937,6.179,6.425,6.615,6.832,7.251,7.442,7.653,7.896,8.107,8.326,8.544,8.727,
1,29,0.216,0.442,0.698,0.890,1.118,1.350,1.637,1.802,2.020,2.251,2.477,2.701,2.948,3.161,3.394,3.654,3.874,4.104,4.335,4.566,4.793,5.022,5.227,5.458,5.678,5.905,6.125,6.346,6.579,6.821,7.050,7.288,7.533,7.773,7.992,8.216,8.436,8.674,
1,30,0.089,0.322,0.563,0.798,1.048,1.293,1.488,1.709,1.947,2.172,2.413,2.658,2.893,3.134,3.353,3.591,3.834,4.077,4.334,4.579,4.771,5.018,5.268,5.485,5.730,5.951,6.452,6.677,6.895,7.122,7.333,7.556,7.779,8.020,8.227,
1,31,0.217,0.465,0.693,0.916,1.142,1.343,1.569,1.795,2.025,2.279,2.502,2.776,2.993,3.274,3.486,3.745,3.995,4.260,4.496,4.707,4.911,5.125,5.351,5.586,5.801,6.027,6.261,
1,32,0.272,0.516,0.752,0.966,1.194,1.427,1.665,1.900,2.150,2.357,2.567,2.799,3.046,3.267,3.479,3.705,3.940,4.175,4.406,4.656,4.868,5.121,5.339,5.568,5.793,6.000,6.233,6.452,6.681,6.886,7.100,7.331,7.569,7.789,8.023,8.239,8.472,8.710,8.923,9.153,9.393,9.614,
1,33,0.119,0.356,0.600,0.838,1.074,1.310,1.544,1.779,2.026,2.273,2.493,2.732,2.995,3.233,3.457,3.687,3.919,4.147,4.390,4.607,4.840,5.063,5.281,5.524,5.774,6.025,6.275,6.496,6.717,6.953,7.176,7.414,7.652,7.926,8.177,8.407,8.667,8.924,9.162,9.400,9.643,9.893,10.143,
1,34,0.107,0.355,0.598,0.815,1.060,1.302,1.542,1.785,2.022,2.245,2.485,2.726,2.980,3.227,3.456,3.679,3.929,4.171,4.414,4.646,4.895,5.122,5.358,5.591,5.842,6.064,
1,35,0.066,0.307,0.540,0.773,1.023,1.245,1.495,1.733,1.974,2.207,2.440,2.663,2.891,3.117,3.358,3.590,3.821,4.054,4.278,4.525,4.735,4.975,5.200,5.414,5.642,5.847,6.082,6.315,
1,36,0.049,0.277,0.502,0.727,0.966,1.188,1.394,1.603,1.832,2.069,2.291,2.518,2.761,2.985,3.218,3.461,3.692,3.919,4.148,
1,37,0.068,0.309,0.529,0.763,1.013,1.263,1.482,1.715,1.950,2.186,2.433,2.663,2.904,3.147,3.380,3.592,3.821,4.054,
1,38,0.223,0.434,0.642,0.867,1.090,1.305,1.516,1.738,1.957,2.185,2.400,2.588,2.779,
1,39,0.064,0.325,0.495,0.747,0.978,1.184,1.421,1.651,1.898,2.101,
1,40,0.165,0.399,0.646,0.847,1.090,1.312,1.551,1.784,2.013,2.263,
1,41,0.266,0.516,0.716,0.939,1.150,1.367,1.603,1.823,2.044,2.248,2.476,2.700,2.901,3.116,3.339,3.574,
1,42,0.220,0.448,0.669,0.901,1.161,1.401,1.644,1.859,2.097,2.334,2.574,2.793,3.014,3.236,3.459,3.674,3.896,4.117,4.344,
1,43,0.043,0.286,0.517,0.744,0.984,1.230,1.445,1.675,1.918,2.151,2.375,2.618,2.839,3.079,3.300,3.518,3.746,3.966,4.201,4.436,4.659,
1,44,0.214,0.442,0.673,0.925,1.153,1.394,1.606,1.827,2.033,2.252,2.502,2.718,2.961,3.191,3.424,3.648,
1,45,0.214,0.460,0.683,0.906,1.146,1.366,1.581,1.814,2.059,2.306,2.546,2.788,3.024,3.271,3.514,3.729,3.942,4.176,
1,46,0.199,0.391,0.637,0.854,1.065,1.288,1.521,1.723,1.951,2.167,2.392,2.598,2.826,3.038,3.225,3.438,3.639,3.854,4.064,4.290,4.742,5.057,
1,47,0.098,0.344,0.554,0.822,1.031,1.291,1.520,1.740,1.963,2.202,2.435,2.670,2.917,3.103,3.331,
1,48,0.136,0.348,0.749,0.994,1.211,1.443,1.658,1.887,2.099,2.334,2.542,2.790,3.021,3.224,3.420,3.656,3.865,
1,49,0.037,0.290,0.521,0.771,1.025,1.271,1.502,1.742,1.972,2.234,
1,50,0.061,0.296,0.520,0.731,0.971,1.187,1.414,1.651,1.887,2.106,2.325,2.567,2.798,3.055,3.274,3.541,
1,51,0.067,0.297,0.514,0.745,0.971,1.194,1.442,1.675,1.898,2.108,2.333,2.544,2.765,3.001,3.218,3.445,3.652,3.899,4.099,4.317,4.545,4.766,4.990,5.229,
1,52,0.063,0.272,0.496,0.696,0.927,1.160,1.393,1.622,1.855,2.074,2.294,2.520,2.770,2.977,3.217,3.440,3.665,
1,53,0.224,0.420,0.646,0.839,1.065,1.281,1.521,1.723,1.947,2.175,2.370,2.614,2.812,3.034,3.224,
1,54,0.071,0.300,0.533,0.764,1.014,1.235,1.461,1.689,1.920,2.148,2.398,2.601,2.833,3.063,
1,55,0.055,0.287,0.517,0.751,0.994,1.207,1.423,1.626,1.856,2.108,2.341,2.582,2.807,3.035,3.268,3.489,3.738,3.978,4.211,4.442,4.684,4.912,5.139,5.352,5.544,
1,56,0.209,0.425,0.644,0.870,1.078,1.311,1.525,1.749,1.986,2.215,2.441,2.661,2.892,3.118,3.342,3.570,3.817,4.053,4.269,4.488,4.726,4.961,5.213,5.452,5.678,5.908,6.147,6.363,6.585,6.804,7.011,
1,57,0.034,0.267,0.517,0.746,0.986,1.222,1.468,1.688,1.928,2.164,2.417,2.640,2.861,3.100,3.337,3.570,3.798,4.034,4.269,4.496,4.718,4.941,5.169,5.388,5.591,
1,58,0.163,0.396,0.613,0.847,1.068,1.296,1.519,1.747,1.976,2.200,2.419,2.653,2.874,3.105,3.327,3.538,3.791,4.021,4.245,4.481,4.721,4.944,5.148,
1,59,0.266,0.502,0.746,0.978,1.194,1.422,1.650,1.866,2.093,2.309,2.524,2.749,
1,60,0.074,0.307,0.550,0.772,1.033,1.269,1.498,1.720,1.941,2.170,2.398,2.636,2.869,3.120,3.350,3.567,3.828,4.060,4.302,4.533,4.751,
1,61,0.221,0.449,0.677,0.904,1.150,1.400,1.650,1.869,2.105,2.331,2.574,2.811,3.042,3.277,3.518,3.735,3.963,4.205,4.440,4.667,4.888,5.124,5.347,5.575,5.803,
1,62,0.032,0.288,0.515,0.766,1.016,1.266,1.516,1.698,1.928,2.181,2.424,2.660,2.903,3.150,3.362,3.588,3.845,4.052,4.289,4.521,4.744,4.964,5.202,5.429,5.668,5.901,6.111,
1,63,0.056,0.288,0.522,0.772,0.985,1.222,1.460,1.691,1.943,2.179,2.407,2.640,2.853,3.111,3.334,3.563,3.792,4.023,4.248,4.463,4.715,4.962,5.195,5.403,5.641,5.863,6.086,6.326,6.559,6.794,7.025,7.241,7.470,7.708,7.944,8.194,8.427,8.652,8.892,9.119,9.354,9.590,9.838,10.068,10.293,10.517,10.763,10.992,
1,64,0.214,0.472,0.695,0.943,1.185,1.421,1.662,1.908,2.157,2.402,2.639,2.863,3.103,3.330,3.553,3.812,4.051,4.286,4.526,4.805,5.000,5.233,5.442,
1,65,0.237,0.470,0.698,0.934,1.164,1.405,1.645,1.872,2.105,
1,66,0.106,0.340,0.580,0.791,1.022,1.240,1.475,1.731,1.965,2.190,2.401,2.622,2.849,3.082,3.299,3.540,3.747,3.978,4.223,4.443,4.665,4.890,
1,67,0.203,0.427,0.653,0.852,1.078,1.299,1.517,1.746,1.976,2.214,2.447,2.670,2.904,3.099,3.349,3.579,3.778,
1,68,0.186,0.393,0.618,0.849,1.070,1.288,1.523,1.745,1.956,2.194,
1,69,0.092,0.335,0.565,0.781,1.022,1.262,1.501,1.743,1.962,2.195,2.445,2.683,2.923,3.159,3.397,3.615,3.814,
1,70,0.188,0.449,0.679,0.900,1.109,1.330,1.531,1.767,1.995,2.211,2.418,2.653,2.901,3.074,3.309,3.518,3.734,4.018,
1,71,0.153,0.400,0.607,0.843,1.061,1.270,1.500,1.739,1.961,2.200,2.416,2.651,2.884,3.098,3.304,3.518,3.752,3.986,
1,72,0.157,0.397,0.627,0.855,1.071,1.277,1.489,1.721,1.949,2.190,2.421,2.648,
1,73,0.088,0.313,0.529,0.744,0.959,1.175,1.413,1.639,1.868,2.089,2.328,2.541,2.748,2.941,
1,74,0.179,0.429,0.655,0.892,1.099,1.328,1.551,1.798,2.043,2.276,2.514,2.736,2.985,3.216,3.464,3.678,3.916,4.144,4.361,4.596,4.823,5.034,5.261,
1,75,0.191,0.420,0.667,0.903,1.120,1.358,1.610,1.821,2.042,2.267,2.517,2.768,2.987,3.215,3.652,3.871,
1,76,0.028,0.280,0.511,0.742,0.966,1.202,1.395,1.645,1.869,2.099,2.337,2.558,2.772,2.969,3.214,3.425,3.646,
1,77,0.150,0.372,0.598,0.837,1.070,1.348,1.570,1.811,2.066,2.289,2.517,2.732,2.968,3.181,3.416,3.659,3.859,4.099,4.320,
1,78,0.110,0.350,0.586,0.816,1.053,1.279,1.523,1.753,1.995,2.228,2.453,2.670,2.897,3.147,3.359,3.585,3.818,4.046,
1,79,0.104,0.356,0.596,0.843,1.084,1.331,1.557,1.787,1.995,2.236,2.467,2.703,2.941,3.159,3.388,3.614,3.844,
1,80,0.161,0.389,0.661,0.889,1.106,1.339,1.579,1.815,2.036,2.273,2.523,2.774,2.986,3.207,3.440,3.675,3.906,4.141,4.343,4.576,4.798,5.025,
1,81,0.033,0.266,0.483,0.701,0.931,1.175,1.415,1.650,1.864,2.090,2.320,2.554,2.748,
1,82,0.245,0.458,0.688,0.924,1.157,1.393,1.638,1.862,2.101,2.325,2.551,2.787,3.023,3.270,3.478,3.716,3.920,
1,83,0.031,0.264,0.494,0.733,0.976,1.221,1.458,1.699,1.942,2.202,2.443,2.680,2.928,3.167,3.399,3.620,
1,84,0.042,0.272,0.511,0.729,0.970,1.203,1.448,1.686,1.934,2.173,2.398,2.626,2.871,3.122,3.354,3.580,3.813,4.036,4.262,4.489,
1,85,0.192,0.428,0.652,0.872,1.103,1.343,1.593,1.829,2.074,
1,86,0.077,0.327,0.558,0.793,1.029,1.281,1.495,1.714,1.937,2.158,2.398,
1,87,0.033,0.250,0.491,0.709,0.942,1.163,1.404,1.650,1.872,2.125,2.333,2.535,
1,88,0.176,0.431,0.659,0.899,1.124,1.348,1.580,1.806,2.036,2.267,
1,89,0.036,0.284,0.541,0.782,1.024,1.267,1.517,1.751,1.994,2.222,2.453,2.698,
1,90,0.044,0.250,0.464,0.686,0.906,1.112,1.337,1.548,1.751,1.952,2.170,2.388,2.607,2.820,3.049,3.272,
1,91,0.118,0.377,0.602,0.817,1.048,1.266,1.485,1.694,1.840,2.048,
1,92,0.054,0.271,0.500,0.737,0.964,1.198,1.410,1.637,1.863,2.050,
1,93,0.075,0.291,0.554,0.746,0.989,1.192,1.409,1.615,
1,94,0.276,0.516,0.753,0.983,1.219,1.444,1.682,1.905,2.150,2.323,2.549,
1,95,0.171,0.426,0.663,0.897,1.126,1.364,1.602,1.808,2.041,2.281,2.496,
1,96,0.200,0.446,0.664,0.871,1.093,1.311,1.541,1.784,2.022,2.272,2.493,2.720,2.911,
1,97,0.044,0.277,0.510,0.740,0.955,1.176,1.355,1.578,1.822,2.035,2.224,
1,98,0.270,0.490,0.718,0.945,1.166,1.359,1.565,1.771,
1,99,0.200,0.420,0.680,0.893,1.115,1.343,1.574,1.794,2.021,2.246,2.477,2.703,2.917,3.135,3.332,3.567,
1,100,0.151,0.386,0.616,0.844,1.084,1.317,1.542,1.768,1.995,2.233,2.450,2.681,2.897,3.112,
1,101,0.238,0.470,0.688,0.916,1.139,1.366,1.591,1.827,2.050,2.273,2.477,2.718,2.934,3.147,3.325,
1,102,0.039,0.285,0.513,0.750,0.994,1.230,1.477,1.695,1.917,2.147,2.397,2.612,2.823,3.024,3.238,3.459,
1,103,0.052,0.298,0.523,0.738,0.951,1.180,1.419,1.647,1.873,2.090,2.318,2.539,2.747,2.967,3.172,3.391,3.576,3.819,4.052,4.499,4.747,
1,104,0.048,0.295,0.529,0.750,0.969,1.192,1.410,1.616,1.833,2.055,2.266,2.494,2.702,2.896,
1,105,0.267,0.517,0.731,0.954,1.192,1.425,1.654,1.901,2.113,2.348,2.567,2.782,3.018,3.235,
1,106,0.185,0.437,0.648,0.858,1.071,1.285,1.499,1.720,1.967,2.176,2.430,2.681,2.909,3.149,3.399,3.649,3.883,
1,107,0.067,0.318,0.553,0.796,1.032,1.267,1.491,1.707,1.950,2.175,
1,108,0.162,0.402,0.642,0.856,1.060,
1,109,0.029,0.247,0.475,0.695,0.909,1.147,1.353,1.581,
1,110,0.155,0.398,0.615,0.843,1.076,1.300,1.515,1.737,1.942,2.159,
1,111,0.162,0.376,0.592,0.804,1.024,1.224,1.421,1.641,
1,112,0.068,0.273,0.468,0.766,0.992,1.209,1.417,1.619,1.818,
1,113,0.195,0.413,0.625,0.840,1.051,1.263,1.462,1.664,1.864,
1,114,0.058,0.267,0.476,0.684,0.897,1.094,1.300,1.514,1.727,1.917,
1,115,0.208,0.429,0.647,0.850,1.065,1.278,1.500,1.720,1.929,2.147,2.316,
1,116,0.098,0.321,0.544,0.770,0.990,1.213,1.430,1.653,1.872,2.087,
1,117,0.167,0.393,0.578,0.786,0.992,1.206,1.420,1.622,1.848,
1,118,0.155,0.373,0.606,0.815,1.040,1.266,1.484,1.695,1.906,2.108,
1,119,0.040,0.270,0.474,0.697,0.923,1.137,1.349,1.552,1.771,1.968,
1,120,0.079,0.295,0.518,0.725,0.941,1.162,1.385,1.584,1.810,
1,121,0.025,0.247,0.469,0.694,0.896,1.113,1.337,1.556,1.776,
1,122,0.032,0.246,0.466,0.674,0.899,1.104,1.325,1.546,1.750,1.956,2.183,2.371,
1,123,0.123,0.341,0.570,0.802,1.023,1.261,1.485,1.711,1.937,2.148,
1,124,0.147,0.338,0.534,0.741,0.968,1.164,1.366,1.557,1.764,
1,125,0.191,0.405,0.613,0.823,1.035,1.236,1.432,1.650,1.863,
1,126,0.197,0.417,0.637,0.834,1.040,1.250,1.475,1.686,2.155,
1,127,0.048,0.265,0.477,0.690,0.902,1.118,1.341,1.560,1.785,
1,128,0.036,0.262,0.462,0.679,0.896,1.095,1.304,1.522,
1,129,0.193,0.400,0.621,0.827,1.051,1.274,1.468,1.661,1.852,
1,130,0.138,0.347,0.557,0.771,0.976,1.196,1.423,
1,131,0.231,0.469,0.687,0.902,1.123,1.345,1.562,1.766,1.985,2.184,
1,132,0.207,0.444,0.657,0.867,1.075,1.282,1.498,1.703,1.902,2.398,2.649,
1,133,0.117,0.333,0.545,0.768,0.984,1.205,1.421,1.651,1.847,2.109,
1,134,0.051,0.277,0.496,0.712,0.918,1.125,1.344,1.551,1.760,
1,135,0.045,0.266,0.469,0.668,0.899,1.090,1.303,1.523,1.767,
