0,1,0.048,0.403,0.550,0.693,0.828,0.963,1.087,1.318,1.456,1.590,1.726,1.868,2.014,2.120,2.264,2.397,2.545,2.694,2.853,3.014,3.151,3.287,3.440,3.583,3.741,3.898,4.034,4.187,4.339,4.492,4.648,4.781,4.928,5.079,5.232,5.399,5.535,5.693,5.847,5.999,6.149,6.295,6.451,6.605,6.766,6.919,7.065,7.215,7.359,7.517,7.657,7.816,7.970,8.124,8.273,8.411,8.552,8.692,8.855,9.017,9.168,9.324,9.475,9.651,9.787,9.938,10.097,10.268,
0,1,0.227,0.392,0.543,0.699,0.854,1.018,1.159,1.306,1.448,1.595,1.744,1.907,2.068,2.214,2.363,2.488,2.623,2.769,2.905,3.066,3.226,3.386,3.534,3.677,3.831,4.102,4.270,4.410,4.564,4.710,4.866,5.020,5.165,5.300,5.445,5.596,5.771,5.901,6.053,6.195,6.337,6.490,6.652,6.808,6.973,7.119,7.282,7.446,7.607,7.775,7.944,8.108,8.272,8.434,8.601,8.772,8.928,9.083,9.227,9.389,9.529,9.683,9.844,10.023,10.166,
0,1,0.483,0.635,0.798,0.954,1.101,
0,1,0.305,0.462,0.611,0.747,0.887,
2,1,0.308,0.440,0.595,0.866,1.023,1.168,1.303,1.450,1.580,1.725,1.867,2.030,2.166,2.307,2.455,2.599,2.751,2.897,3.040,3.201,3.362,3.525,3.679,3.839,4.001,4.160,4.316,4.466,4.616,4.777,4.930,5.076,5.224,5.369,5.518,5.670,5.814,
2,2,0.236,0.341,0.496,0.651,0.779,0.913,1.049,1.183,1.319,1.453,1.579,1.708,1.831,1.924,2.234,2.385,2.518,2.659,2.805,2.941,3.072,3.216,3.357,3.496,3.649,3.793,3.934,4.080,4.219,4.386,4.519,4.667,4.815,4.957,5.105,5.230,5.373,5.520,5.666,5.804,5.941,6.081,6.227,6.365,6.520,6.637,
2,3,0.222,0.350,0.474,0.598,0.729,0.858,0.986,1.121,1.249,1.400,1.520,1.657,1.796,1.937,2.063,2.204,2.343,2.483,2.634,2.779,2.923,3.061,3.200,3.348,3.487,3.651,3.790,3.941,4.096,4.242,4.384,4.528,4.661,4.810,4.958,5.112,5.250,5.390,5.531,5.662,5.803,5.937,6.080,
2,4,0.398,0.546,0.691,0.825,0.963,1.112,1.249,1.392,1.536,1.656,1.801,1.950,2.100,2.246,2.389,2.522,2.648,2.779,2.936,3.089,3.232,3.389,3.523,3.658,3.800,3.943,4.102,4.201,4.351,4.523,4.657,4.810,4.966,5.116,5.273,5.408,5.553,5.689,5.825,5.944,6.107,6.274,6.429,6.585,6.752,6.872,7.028,7.181,7.333,7.483,7.641,7.778,7.917,8.057,8.213,8.370,8.525,8.660,8.817,8.961,9.120,9.275,9.431,9.588,9.733,9.873,10.026,10.182,
2,5,0.105,0.244,0.394,0.537,0.671,0.802,0.930,1.057,1.164,1.309,1.458,1.599,1.745,1.894,2.021,2.154,2.304,2.461,2.613,2.775,2.895,3.033,3.169,3.322,3.478,3.623,3.780,3.934,4.066,4.204,
2,6,0.140,0.280,0.407,0.530,0.670,0.810,0.944,1.055,1.332,1.490,1.640,1.774,1.922,2.046,2.172,2.324,2.464,2.615,2.774,2.891,3.035,3.180,3.321,3.459,3.586,3.740,3.891,4.034,4.167,4.304,4.414,4.550,4.693,4.834,4.986,5.127,5.281,5.424,5.579,5.728,5.849,5.992,6.143,6.293,6.449,6.587,6.738,6.893,7.044,7.192,7.346,7.503,7.613,7.751,7.903,8.048,8.195,8.341,8.494,8.624,8.760,8.970,
2,7,0.240,0.360,0.500,0.650,0.801,0.942,1.082,1.208,1.349,1.475,1.625,1.774,1.908,2.053,2.202,2.328,2.465,2.623,2.775,2.913,3.049,3.141,3.281,3.426,3.576,3.738,3.864,3.958,4.122,4.275,
2,8,0.252,0.366,0.515,0.649,0.775,0.926,1.074,1.200,1.346,1.477,1.611,1.751,1.899,2.038,2.181,2.313,2.451,2.586,2.735,2.848,2.999,3.150,3.286,3.425,3.565,3.704,3.831,3.967,4.106,4.229,
2,9,0.304,0.439,0.578,0.708,0.838,0.973,1.113,1.270,1.387,1.527,1.649,1.777,1.901,2.020,2.104,2.224,2.449,2.599,2.750,2.887,3.021,3.146,3.271,3.412,3.543,3.669,3.801,3.895,4.033,4.176,4.313,4.446,4.585,4.714,4.853,4.988,5.139,5.272,5.408,5.534,5.663,
2,10,0.145,0.275,0.409,0.540,0.686,0.832,0.962,1.100,1.242,1.369,1.532,1.670,1.812,1.961,2.084,2.216,2.337,2.461,2.593,2.716,2.852,2.976,3.150,3.276,3.405,3.549,3.685,3.821,3.945,4.077,4.210,4.343,4.478,4.619,4.760,4.894,5.010,5.144,5.273,5.401,5.528,5.656,5.777,5.898,
2,11,0.234,0.374,0.510,0.643,0.760,0.893,1.010,1.125,1.246,1.360,1.478,1.605,1.730,1.850,1.972,2.083,2.191,2.300,2.414,2.525,2.627,2.715,2.844,2.948,3.067,3.179,3.302,3.431,3.557,3.677,3.801,3.919,4.098,4.221,4.362,4.490,4.605,4.867,5.012,5.145,5.262,5.395,5.526,5.658,5.784,
2,12,0.078,0.214,0.349,0.481,0.605,0.730,0.860,0.995,1.144,1.261,1.394,1.511,1.628,1.761,1.894,2.018,2.145,2.272,2.412,2.561,2.679,2.812,2.944,3.075,3.194,3.317,3.444,3.579,3.716,3.845,3.981,4.125,4.248,4.396,4.521,4.655,4.793,4.930,5.070,5.212,5.346,5.485,5.622,5.769,5.916,6.062,6.193,6.321,6.453,6.598,6.745,6.874,7.014,7.147,7.274,7.409,7.538,7.669,
2,13,0.276,0.412,0.545,0.678,0.802,0.951,1.085,1.213,1.340,1.474,1.610,1.762,1.895,2.031,2.157,2.285,2.427,2.567,2.707,2.827,2.962,3.090,3.217,3.346,3.487,3.646,3.762,3.896,4.024,4.153,4.289,4.408,4.541,4.694,4.840,4.975,5.104,5.234,5.397,5.535,5.664,5.800,5.934,6.065,6.203,6.334,6.461,6.593,6.732,6.848,
2,14,0.054,0.181,0.315,0.453,0.591,0.722,0.863,0.994,1.147,1.270,1.415,1.556,1.699,1.834,1.973,2.113,2.264,2.398,2.537,2.677,2.833,2.974,3.111,3.246,3.398,3.530,3.664,3.802,3.935,4.066,4.198,4.332,4.460,4.585,4.720,4.857,5.000,5.149,5.288,5.414,5.542,5.681,5.834,5.973,6.117,6.266,
2,15,0.241,0.372,0.498,0.636,0.771,0.904,1.030,1.156,1.282,1.426,1.564,1.696,1.837,1.962,2.090,2.216,2.344,2.472,2.599,2.732,2.875,3.018,3.135,3.269,3.385,3.519,3.621,3.769,3.869,3.995,4.126,4.269,4.398,4.536,4.667,4.784,4.912,5.051,5.190,5.321,5.452,5.574,5.700,5.826,5.965,6.087,6.215,
2,16,0.085,0.222,0.364,0.499,0.636,0.769,0.896,1.026,1.151,1.273,1.405,1.537,1.673,1.811,1.952,2.081,2.215,2.343,2.478,2.621,2.770,2.896,3.024,3.158,3.300,3.442,3.570,3.706,3.839,3.974,4.102,4.235,4.373,4.521,4.660,4.798,4.927,5.073,5.209,5.350,5.477,5.605,5.743,5.889,6.022,6.145,6.294,6.439,6.571,6.701,6.833,6.957,
2,17,0.077,0.220,0.360,0.491,0.619,0.764,0.897,1.036,1.174,1.298,1.432,1.568,1.709,1.848,1.988,2.124,2.265,2.398,2.529,2.682,2.819,2.955,3.095,3.226,3.369,3.501,3.649,3.785,3.911,4.038,4.178,4.322,4.460,4.591,4.725,4.850,4.997,5.149,5.288,5.417,5.543,5.684,5.820,5.954,6.090,6.228,6.373,6.517,6.643,6.777,6.908,7.036,7.158,7.282,
2,18,0.214,0.347,0.489,0.619,0.769,0.907,1.043,1.202,1.330,1.465,1.598,1.726,1.874,2.019,2.148,2.297,
2,19,0.210,0.350,0.481,0.621,0.745,0.893,1.030,1.163,1.303,1.436,1.570,1.707,1.850,1.991,2.140,2.274,2.427,2.573,2.714,2.837,2.960,3.108,3.274,3.391,3.524,3.658,3.799,3.942,4.073,4.200,4.333,4.464,4.590,4.720,4.853,4.982,5.108,5.239,5.374,5.525,5.625,5.758,5.892,6.013,6.145,6.271,6.407,6.533,6.662,6.805,6.944,7.083,7.224,7.359,7.495,
2,20,0.055,0.184,0.321,0.463,0.597,0.736,0.898,1.014,1.151,1.291,1.424,1.549,1.680,1.823,1.968,2.112,2.229,2.376,2.515,2.652,2.778,2.913,3.042,3.176,3.307,3.448,3.585,3.726,3.867,3.993,4.125,4.266,4.403,4.546,4.674,4.801,4.924,5.051,5.179,5.308,5.437,5.566,5.686,5.806,5.927,6.046,6.168,6.286,6.418,6.539,6.659,6.767,6.873,6.985,7.107,7.228,7.347,7.459,7.611,7.724,7.837,8.118,
2,21,0.309,0.435,0.569,0.702,0.833,0.974,1.149,1.249,1.382,1.516,1.649,1.785,1.911,2.038,2.164,2.285,2.406,2.531,2.653,2.773,2.899,3.020,3.153,3.279,3.400,3.523,3.650,3.767,3.900,4.017,4.141,4.267,
2,22,0.126,0.266,0.399,0.523,0.650,0.770,0.900,1.016,1.150,1.270,1.400,1.517,1.650,1.777,1.904,2.027,2.154,2.274,2.394,2.529,2.653,2.777,2.917,3.042,3.168,3.304,3.435,3.569,3.691,3.812,3.948,4.079,4.215,4.343,4.473,4.601,4.732,4.865,5.018,5.142,5.272,5.400,5.536,5.657,5.783,5.919,6.039,6.170,6.308,6.444,6.581,6.718,6.843,6.967,7.102,7.229,7.346,7.482,
2,23,0.096,0.229,0.365,0.500,0.642,0.775,0.900,1.030,1.157,1.286,1.410,1.536,1.662,1.784,1.905,2.026,2.150,2.272,2.398,2.526,2.654,2.784,2.908,3.037,3.179,3.309,3.434,3.564,3.687,3.819,3.949,4.076,4.209,4.353,4.482,4.611,4.735,4.864,4.993,5.137,5.274,5.399,5.524,5.656,5.793,5.937,6.065,6.189,6.316,6.439,6.562,6.693,
2,24,0.096,0.232,0.366,0.489,0.614,0.748,0.892,1.001,1.117,1.239,1.359,1.478,1.603,1.742,1.842,1.966,2.086,2.213,2.342,2.471,2.595,2.742,2.856,2.982,3.110,3.240,3.369,3.496,3.624,3.759,3.893,4.010,4.122,4.260,4.393,4.510,4.643,4.754,4.893,5.013,5.144,5.269,5.397,5.532,5.663,5.796,5.930,6.069,6.203,6.336,6.477,6.616,6.742,6.867,7.001,7.144,7.280,7.407,7.532,7.667,7.793,
2,25,0.242,0.376,0.516,0.650,0.766,0.900,1.023,1.150,1.279,1.413,1.546,1.672,1.796,1.930,2.059,2.187,
2,26,0.145,0.278,0.405,0.533,0.663,0.796,0.920,1.046,1.152,1.272,1.396,1.521,1.656,1.795,1.940,2.070,2.202,2.326,2.453,2.583,2.723,2.851,2.980,3.110,3.248,3.397,3.531,3.664,3.797,3.939,4.047,4.160,4.288,4.422,4.555,4.692,4.816,4.942,5.085,5.228,5.358,5.489,5.622,5.765,5.898,6.022,6.168,6.307,6.437,6.563,6.705,6.838,6.984,7.114,7.242,7.399,7.515,
2,27,,
2,28,0.109,0.243,0.399,0.516,0.656,0.790,0.933,1.070,1.205,1.345,1.498,1.650,1.773,1.900,2.040,2.184,2.323,2.449,2.590,2.721,2.843,2.966,3.096,3.241,3.400,3.534,3.654,3.787,3.923,4.049,4.195,4.314,4.443,4.573,4.704,4.836,4.971,5.095,5.222,5.345,5.467,5.598,5.724,5.852,5.975,6.098,6.219,6.335,
2,29,0.240,0.372,0.514,0.648,0.771,0.905,1.041,1.170,1.309,1.440,1.573,1.693,1.831,1.964,2.095,2.229,2.354,2.481,2.613,2.736,2.867,2.990,3.117,3.239,3.362,3.488,3.613,3.746,3.873,3.998,4.149,4.270,4.399,4.536,4.664,4.796,4.932,5.062,5.206,5.335,5.464,5.602,5.733,5.860,5.994,6.117,6.240,6.360,6.482,
2,30,0.233,0.354,0.484,0.611,0.734,0.862,0.991,1.112,1.236,1.353,1.472,1.596,1.719,1.839,1.957,2.079,2.198,
2,31,0.233,0.342,0.459,0.584,0.712,0.838,0.961,1.083,1.211,1.330,1.467,1.600,1.741,1.877,2.017,2.151,2.267,2.401,2.517,2.646,2.767,2.901,3.018,3.137,3.268,3.392,3.518,3.623,3.737,3.858,3.999,4.127,
2,32,0.278,0.399,0.528,0.662,0.788,0.919,1.046,1.169,1.296,1.425,1.553,1.677,1.806,1.937,2.061,2.199,2.326,2.461,2.593,2.724,2.843,2.971,3.114,3.241,3.362,3.489,3.610,3.741,3.884,4.018,4.156,4.287,4.419,4.555,4.688,4.815,
2,33,0.135,0.269,0.390,0.519,0.652,0.769,0.893,1.019,1.143,1.269,1.386,1.519,1.659,1.794,1.921,2.052,2.175,2.312,2.479,2.611,2.736,2.887,2.992,3.237,3.358,3.491,3.618,3.770,3.891,4.033,4.175,4.288,4.419,4.540,4.667,4.801,4.925,5.056,5.191,5.333,5.458,5.580,5.699,5.823,5.946,6.073,6.191,
2,34,0.280,0.374,0.513,0.647,0.763,0.909,1.035,1.172,1.308,1.439,1.568,1.699,1.828,1.961,2.088,2.221,2.352,2.481,2.608,2.734,2.859,2.997,3.148,3.265,3.398,3.534,3.675,3.809,3.943,4.069,4.207,4.354,4.487,4.622,4.748,4.899,5.019,5.164,5.302,5.433,5.574,5.708,5.836,5.973,6.110,6.240,6.370,6.516,6.650,6.766,6.903,7.023,7.162,7.297,7.439,7.573,
2,35,0.090,0.203,0.334,0.469,0.609,0.750,0.894,1.025,1.158,1.306,1.443,1.571,1.710,1.841,1.981,2.113,2.261,2.394,2.536,2.674,2.812,2.938,3.079,3.215,3.352,3.493,3.627,3.752,3.895,4.021,4.155,4.295,4.435,4.566,4.706,4.846,5.012,5.149,5.288,5.420,5.547,5.675,5.816,5.955,6.228,6.359,6.500,6.646,
2,36,0.244,0.339,0.470,0.598,0.730,0.868,1.016,1.150,1.281,1.417,1.548,1.679,1.808,1.940,2.070,2.204,2.344,
2,37,0.230,0.354,0.488,0.610,0.736,0.863,0.982,1.120,1.244,1.370,1.495,1.617,1.741,1.861,1.984,2.104,2.232,2.361,2.489,2.613,2.740,2.869,2.993,3.127,3.249,3.372,3.498,3.622,3.773,3.889,4.023,4.152,4.287,4.429,4.550,4.679,4.805,4.931,5.048,5.189,5.318,5.449,5.577,5.706,5.837,5.969,6.103,6.235,6.376,6.524,6.644,6.774,6.910,7.044,7.168,7.291,
2,38,0.124,0.243,0.366,0.502,0.650,0.770,0.904,1.029,1.160,1.289,1.423,1.578,1.720,1.850,1.977,2.091,2.217,2.339,2.481,2.619,2.750,2.884,3.028,3.166,3.305,3.433,3.572,3.704,3.842,3.979,4.110,4.243,4.377,4.519,4.665,4.801,4.934,5.075,5.204,5.350,5.489,5.626,5.769,5.899,6.026,6.160,6.289,6.420,6.561,6.703,6.834,6.979,7.119,7.270,
2,39,0.252,0.375,0.516,0.656,0.796,0.937,1.070,1.215,1.349,1.488,1.621,1.767,1.900,2.023,2.160,2.294,2.425,2.559,2.700,2.840,2.989,3.151,3.267,3.401,3.547,3.690,3.826,3.968,4.103,4.236,4.366,4.496,4.647,4.795,4.935,5.065,5.196,5.344,5.484,5.626,5.768,5.925,6.072,6.204,6.344,6.473,6.618,6.769,6.893,7.019,7.149,7.284,7.419,7.546,
2,40,0.272,0.378,0.522,0.642,0.782,0.914,1.059,1.197,1.329,1.465,1.606,1.747,1.890,2.023,2.147,2.280,2.421,2.572,2.701,2.834,2.976,3.119,3.274,3.390,3.524,3.660,3.799,3.947,4.083,4.213,4.349,4.493,4.641,4.784,4.913,5.056,5.199,5.361,5.525,5.641,5.782,5.921,6.057,6.210,6.363,6.525,6.642,6.779,6.919,7.065,7.212,7.343,7.491,7.642,7.764,7.910,8.063,8.198,8.349,
2,41,0.078,0.215,0.327,0.467,0.614,0.740,0.877,1.010,1.144,1.275,1.414,1.550,1.686,1.822,1.961,2.092,2.234,2.367,2.511,2.645,2.771,2.901,3.038,3.179,3.328,3.461,3.599,3.731,3.867,4.012,4.145,4.283,4.420,4.558,4.707,4.845,4.981,5.120,5.244,5.396,5.525,5.666,5.816,5.955,6.091,6.233,6.371,6.513,6.656,6.809,6.948,7.088,7.228,7.374,7.527,7.684,7.832,7.983,8.147,8.284,8.422,8.594,
2,42,0.287,0.416,0.555,0.691,0.832,0.975,1.112,1.240,1.366,1.521,1.641,1.778,1.919,2.046,2.179,2.303,2.440,2.573,2.698,2.843,2.980,3.119,3.272,3.400,3.537,3.661,3.796,3.925,4.059,4.205,4.353,4.498,4.639,4.773,4.899,5.033,5.171,5.304,5.436,5.575,5.707,5.839,5.976,6.125,6.273,6.397,6.533,6.682,6.830,6.964,7.108,7.238,7.390,7.531,7.668,
2,43,0.229,0.346,0.482,0.618,0.748,0.888,1.021,1.148,1.271,1.407,1.543,1.675,1.813,1.949,2.079,2.219,2.365,2.522,2.649,2.779,2.912,3.056,3.188,3.329,3.471,3.606,3.744,3.870,4.023,4.152,4.304,4.453,4.587,4.720,4.859,5.023,5.152,5.293,5.434,5.579,5.741,6.024,6.163,6.300,6.432,6.568,6.717,6.861,6.999,7.166,7.306,7.452,7.605,
2,44,0.303,0.434,0.558,0.689,0.820,0.960,1.088,1.216,1.348,1.494,1.650,1.767,1.900,2.027,2.157,2.289,2.420,2.551,2.688,2.821,2.957,3.078,3.214,3.351,3.479,3.611,3.732,3.855,3.971,4.092,4.216,4.359,4.489,4.635,4.768,4.897,5.038,5.179,5.320,5.454,5.592,5.732,5.876,6.036,6.159,6.303,6.436,6.571,6.705,6.840,6.977,7.136,7.269,7.434,
2,45,0.235,0.489,0.660,0.794,0.855,0.941,1.100,1.267,1.420,1.564,1.702,1.841,2.001,2.151,2.283,2.427,2.574,2.724,2.984,3.151,3.321,3.488,3.649,3.812,3.950,4.088,4.206,4.355,4.444,4.622,4.798,4.985,5.159,5.336,5.519,5.682,5.856,6.019,6.185,6.339,6.519,
2,46,0.086,0.223,0.360,0.492,0.649,0.769,0.912,1.047,1.186,1.323,1.455,1.588,1.706,1.843,1.984,2.118,2.267,2.377,2.517,2.650,2.801,2.947,3.091,3.228,3.375,3.501,3.651,3.771,3.904,4.055,4.195,4.331,4.477,4.613,4.751,4.885,5.040,5.186,5.329,5.468,5.609,5.768,5.897,6.033,6.168,6.325,
2,47,0.025,0.142,0.278,0.416,0.545,0.681,0.815,0.954,1.093,1.234,1.372,1.511,1.657,1.798,1.927,2.070,2.211,
2,48,0.241,0.364,0.496,0.649,0.778,0.923,1.084,1.203,1.337,1.475,1.623,1.766,1.909,2.045,2.189,2.325,2.471,2.620,2.766,2.900,3.023,3.174,3.316,3.449,3.591,3.733,3.883,3.993,4.150,4.267,4.413,4.564,4.734,4.848,4.990,5.137,5.285,5.438,5.559,5.695,5.847,6.000,6.149,
2,49,0.365,0.492,0.624,0.770,0.893,1.027,1.159,1.302,1.433,1.554,1.680,1.814,1.965,2.099,2.246,
2,50,0.305,0.436,0.565,0.694,0.822,0.940,1.065,1.192,1.325,1.453,1.585,1.717,1.852,1.982,2.112,2.249,2.394,2.531,2.663,2.929,3.063,3.195,3.333,3.470,3.613,3.775,3.906,4.042,4.186,4.341,4.499,4.671,4.854,4.999,5.142,5.295,5.478,5.619,5.759,5.905,6.038,6.177,6.311,6.449,6.601,6.893,7.014,7.143,7.296,7.438,7.596,7.725,7.914,8.122,8.266,8.394,8.577,8.738,8.894,
2,51,0.240,0.364,0.480,0.603,0.727,0.863,0.987,1.111,1.239,1.368,1.517,1.643,1.767,1.907,2.044,2.170,2.302,2.445,2.584,2.724,2.864,2.989,3.122,3.268,3.387,3.521,3.654,3.800,3.938,4.074,4.233,4.402,4.519,4.655,4.805,5.092,5.209,5.386,5.542,5.682,5.813,5.964,6.109,
2,52,0.225,0.334,0.463,0.588,0.720,0.854,0.984,1.114,1.248,1.392,1.526,1.646,1.786,1.922,2.051,2.179,2.318,2.449,2.590,2.722,2.844,2.969,3.091,3.227,3.328,3.469,3.595,3.725,3.860,4.010,4.147,
2,53,0.248,0.364,0.490,0.609,0.728,0.846,0.961,1.088,1.194,1.318,1.435,1.572,1.724,1.855,1.993,2.123,2.251,
2,54,0.081,0.213,0.348,0.472,0.604,0.731,0.857,0.981,1.100,1.223,1.352,1.480,1.595,1.717,1.840,1.971,2.096,2.215,2.343,2.468,2.569,2.763,2.896,3.036,3.171,3.319,3.462,3.579,3.733,3.872,4.013,4.146,4.273,4.430,4.549,4.681,4.816,4.948,5.071,5.203,5.335,5.447,5.585,5.725,5.861,5.999,6.147,6.271,6.407,6.546,6.689,6.833,
2,55,0.222,0.346,0.484,0.612,0.745,0.897,1.014,1.147,1.281,1.415,1.546,1.675,1.803,1.942,2.081,2.220,2.475,2.747,2.898,3.022,3.158,3.296,3.431,3.567,3.705,3.834,3.974,4.114,4.266,4.399,4.535,4.688,4.831,4.963,5.107,5.266,5.399,5.556,5.704,5.844,5.987,6.150,
2,56,0.229,0.360,0.483,0.614,0.766,0.900,1.023,1.169,1.304,1.443,1.585,1.716,1.847,1.980,2.115,2.247,2.384,2.517,2.653,2.792,2.928,3.059,3.199,3.331,3.472,3.604,3.734,3.873,4.001,4.143,4.288,4.419,4.545,4.678,4.811,4.951,5.105,5.240,5.377,5.519,5.661,5.808,5.942,6.089,6.241,6.386,6.652,6.791,6.930,7.074,7.212,
2,57,0.116,0.271,0.405,0.540,0.683,0.820,0.963,1.114,1.251,1.388,1.528,1.670,1.808,1.947,2.099,2.244,2.389,2.522,2.661,2.807,2.948,3.090,3.248,3.396,3.547,3.718,3.844,4.023,4.143,4.285,4.416,4.552,4.691,4.829,4.974,5.121,5.273,5.407,5.548,5.692,5.833,5.973,6.111,6.274,6.417,6.570,6.725,6.891,7.058,
2,58,0.102,0.214,0.335,0.466,0.591,0.727,0.870,1.002,1.121,1.267,1.404,1.534,1.673,1.811,1.950,2.091,2.226,2.367,2.517,2.654,2.790,2.921,3.057,3.195,3.339,3.485,3.617,3.768,3.914,4.043,4.186,4.334,
2,59,0.306,0.429,0.561,0.694,0.835,0.965,1.089,1.230,1.367,1.517,1.633,1.767,1.900,2.029,2.165,2.306,2.450,2.598,2.732,2.861,3.018,3.176,3.309,3.428,3.565,3.733,3.885,4.018,4.159,4.315,4.461,4.604,4.768,4.918,5.055,5.194,5.335,5.472,5.625,5.769,5.926,6.078,6.227,6.386,6.526,6.666,6.808,6.963,7.104,7.251,
2,60,0.100,0.229,0.364,0.498,0.637,0.774,0.914,1.067,1.202,1.350,1.498,1.651,1.775,1.920,2.040,2.168,2.300,2.451,2.604,2.741,2.885,3.022,3.169,3.323,3.452,3.580,3.727,3.886,4.039,4.188,4.308,4.449,4.605,4.747,4.886,5.052,5.194,5.341,5.457,5.586,5.730,5.874,6.027,6.170,6.307,6.457,6.603,6.738,6.872,7.021,7.154,7.288,
2,61,0.188,0.324,0.462,0.603,0.740,0.899,1.022,1.181,1.327,1.470,1.619,1.766,1.899,2.045,2.179,2.320,2.466,2.605,2.900,3.175,3.333,3.473,3.613,3.767,3.912,4.054,4.195,4.343,4.497,4.651,4.777,4.916,5.057,5.198,5.341,5.483,5.618,5.768,5.899,6.052,6.205,6.351,6.518,6.659,6.810,6.954,7.080,7.229,7.402,7.531,7.693,7.836,7.964,
2,62,0.183,0.315,0.443,0.571,0.707,0.843,0.989,1.140,1.289,1.420,1.569,1.715,1.864,2.020,2.154,2.285,2.433,2.572,2.717,2.865,3.021,3.149,3.288,3.431,3.582,3.722,3.888,4.035,4.181,4.316,4.466,4.620,4.778,4.922,5.050,5.195,5.345,5.490,5.656,5.789,5.940,6.084,6.238,6.389,6.540,6.691,6.821,6.950,7.079,7.226,7.367,7.523,
2,63,0.237,0.371,0.498,0.650,0.781,0.906,1.040,1.182,1.325,1.446,1.582,1.721,1.860,1.993,2.120,2.267,2.400,2.524,2.666,2.802,2.936,3.069,3.208,3.355,3.518,3.639,3.774,3.904,4.055,4.206,4.351,4.495,4.637,4.790,4.941,5.082,5.221,5.359,5.519,5.650,5.803,5.936,6.085,6.226,6.365,6.519,6.636,6.793,6.925,
2,64,0.238,0.369,0.510,0.643,0.770,0.897,1.035,1.172,1.307,1.460,1.591,1.720,1.857,1.999,2.144,2.290,2.430,2.560,2.712,2.857,3.001,3.149,3.297,3.461,3.596,3.743,3.867,4.019,4.172,4.330,4.489,4.625,4.751,4.895,5.048,5.200,5.348,5.495,5.660,5.814,5.955,6.101,6.263,6.411,6.561,6.710,6.853,7.000,7.146,7.283,7.414,7.555,7.693,
2,65,0.284,0.401,0.530,0.664,0.801,0.934,1.062,1.203,1.348,1.496,1.635,1.768,1.905,2.053,2.189,2.338,2.473,2.635,2.769,2.912,3.049,3.193,3.327,3.455,3.590,3.738,3.886,4.020,4.168,
2,66,0.235,0.401,0.521,0.656,0.794,0.935,1.072,1.208,1.339,1.480,1.622,1.768,1.901,2.038,2.162,2.278,2.409,2.550,2.691,2.820,2.960,3.099,3.251,3.393,3.536,3.688,3.828,3.969,4.113,4.269,4.400,4.544,4.684,4.836,4.975,5.136,5.270,5.409,5.549,5.697,5.851,5.995,6.146,6.302,6.443,6.586,6.734,6.874,7.020,7.146,
2,67,0.273,0.393,0.538,0.679,0.826,0.961,1.102,1.240,1.375,1.527,1.672,1.816,1.966,2.117,2.274,
2,68,0.062,0.190,0.329,0.458,0.589,0.713,0.846,0.968,1.085,1.214,1.342,1.471,1.592,1.718,1.840,1.959,2.073,2.194,
2,69,0.252,0.376,0.502,0.627,0.749,0.874,0.997,1.122,1.246,1.376,1.498,1.625,1.773,1.905,2.026,2.154,2.280,2.419,2.563,2.706,2.870,2.982,3.113,3.236,3.374,3.485,3.615,3.744,3.891,4.024,4.165,4.301,4.425,4.541,4.673,4.810,4.952,5.092,5.230,5.375,5.525,5.673,5.823,5.965,6.110,
2,70,0.185,0.309,0.428,0.558,0.688,0.819,0.951,1.077,1.210,1.341,1.478,1.613,1.764,1.897,2.014,2.151,2.288,2.415,2.553,2.689,2.824,2.955,3.101,3.234,3.375,3.518,3.658,3.804,3.969,4.119,4.253,4.398,4.525,4.663,4.785,4.923,5.071,5.225,5.365,5.516,5.649,5.792,5.951,6.097,
2,71,0.344,0.481,0.627,0.767,0.900,1.031,1.180,1.318,1.450,1.592,1.725,1.849,1.981,2.120,2.267,2.391,2.535,2.673,2.807,2.945,3.079,3.220,3.343,3.492,3.625,3.778,3.917,4.052,4.190,4.354,4.502,4.644,4.793,4.934,5.070,5.222,5.385,5.541,5.692,5.886,6.034,6.182,6.330,6.470,6.619,6.769,6.954,
2,72,0.217,0.347,0.484,0.617,0.763,0.896,1.039,1.174,1.312,1.450,1.584,1.723,1.861,2.014,2.147,2.281,2.419,2.570,2.709,2.841,2.968,3.108,3.247,3.398,3.521,3.667,3.792,3.921,4.054,4.192,4.336,4.484,4.611,4.748,4.898,5.022,5.161,5.300,5.440,5.579,5.714,5.862,6.191,6.543,6.684,6.785,6.924,7.053,7.179,7.318,
2,73,0.088,0.208,0.340,0.478,0.617,0.748,0.871,1.001,1.147,1.245,1.434,1.545,1.679,1.806,1.939,2.075,2.210,2.336,2.476,2.620,2.764,2.898,3.034,3.181,3.311,3.457,3.584,3.734,3.898,4.015,4.161,4.302,4.435,
2,74,0.144,0.263,0.394,0.523,0.651,0.775,0.898,1.025,1.157,1.290,1.422,1.550,1.669,1.790,1.917,2.045,2.167,2.288,2.449,2.592,2.738,2.870,3.015,3.165,3.296,3.427,3.555,3.685,3.806,3.950,4.088,4.246,4.376,4.513,4.653,4.786,4.916,5.049,5.173,5.316,5.465,
2,75,0.239,0.369,0.516,0.646,0.789,0.918,1.061,1.198,1.336,1.477,1.617,1.751,1.896,2.013,2.150,2.287,2.419,2.552,2.689,2.824,2.958,3.100,3.264,3.397,3.534,3.677,3.818,3.951,4.101,4.225,4.353,4.494,4.648,4.782,4.927,5.061,5.222,
2,76,0.062,0.196,0.321,0.446,0.581,0.707,0.830,0.962,1.106,1.240,1.373,1.512,1.643,1.779,1.915,2.054,2.187,2.326,2.480,2.626,2.775,2.923,3.068,3.200,3.339,3.498,3.647,3.785,3.928,4.076,4.228,4.394,4.544,4.701,4.843,5.011,5.219,5.363,5.512,5.652,5.783,5.925,6.067,6.197,6.328,6.467,6.585,
2,77,0.239,0.366,0.499,0.645,0.775,0.906,1.047,1.184,1.311,1.458,1.577,1.710,1.844,1.980,2.118,2.276,2.399,2.538,2.679,2.808,2.934,3.085,3.231,3.369,3.509,3.643,3.774,3.915,4.061,4.209,4.353,4.489,4.620,4.782,4.947,5.073,5.202,5.341,5.485,5.647,5.778,5.913,6.054,6.198,6.341,6.488,6.644,6.766,6.894,7.015,7.154,7.295,7.421,
2,78,0.250,0.361,0.480,0.611,0.742,0.865,0.995,1.140,1.274,1.410,1.541,1.663,1.801,1.941,2.073,2.202,2.336,2.458,2.587,2.714,2.856,2.996,3.145,3.275,3.409,3.548,3.678,3.810,3.955,4.103,4.246,4.392,4.545,4.689,4.834,4.974,5.112,5.237,5.372,5.509,5.655,
2,79,0.286,0.421,0.583,0.718,0.865,1.021,1.159,1.298,1.470,1.620,1.772,1.905,2.041,2.190,2.331,2.481,2.639,2.784,2.935,3.089,3.240,3.406,3.547,3.790,3.970,4.139,4.293,4.456,4.716,4.890,5.068,5.232,
2,80,0.273,0.400,0.540,0.657,0.854,1.024,1.172,1.298,1.445,1.534,1.699,1.854,1.964,2.124,2.294,2.440,2.573,2.774,2.901,3.028,3.251,3.428,3.614,3.775,3.909,4.079,4.238,4.392,4.532,4.701,4.863,5.038,5.229,5.410,5.550,5.732,5.912,6.085,6.248,6.539,6.727,
2,81,0.148,0.287,0.422,0.561,0.692,0.823,0.960,1.093,1.236,1.365,1.501,1.649,1.778,1.918,2.065,2.207,2.346,2.489,2.649,2.766,2.899,3.031,3.176,3.312,3.458,3.592,3.723,3.852,3.991,4.153,4.270,4.417,4.573,4.726,4.900,5.041,5.199,5.358,5.517,5.650,5.774,5.905,6.066,6.218,6.350,6.477,6.603,6.748,6.896,7.042,7.176,7.322,7.477,7.621,7.900,8.022,8.174,8.332,8.465,8.607,8.769,8.919,9.090,9.216,9.366,9.519,9.660,9.798,9.931,10.076,
2,82,0.243,0.373,0.501,0.644,0.767,0.904,1.035,1.167,1.312,1.455,1.589,1.717,1.988,2.118,
2,83,0.199,0.328,0.462,0.586,0.717,0.854,0.988,1.125,1.265,1.400,1.541,1.683,1.827,1.970,2.101,2.251,2.394,2.538,2.688,2.835,2.971,3.144,3.261,3.409,3.561,3.895,4.025,4.176,4.328,4.492,4.655,4.812,4.971,5.121,5.262,5.396,5.521,5.660,5.798,5.930,6.063,6.207,6.344,6.484,6.623,6.772,6.916,7.058,7.208,7.353,7.496,7.650,7.802,7.951,8.094,8.239,8.397,8.527,8.674,8.824,8.968,9.110,9.244,
2,84,0.215,0.347,0.482,0.607,0.749,0.892,1.038,1.197,1.325,1.456,1.602,1.898,2.031,2.152,2.289,2.424,2.563,2.697,2.835,2.959,3.087,3.217,3.357,3.495,3.648,3.794,3.918,4.049,4.197,4.351,4.497,4.648,4.774,4.928,5.080,5.244,5.387,5.538,5.693,
2,85,0.201,0.347,0.487,0.626,0.761,0.898,1.028,1.167,1.302,1.441,1.579,1.716,1.853,1.997,2.145,2.278,2.417,2.561,2.712,2.861,3.012,3.163,3.326,3.469,3.599,3.739,3.896,4.037,4.180,4.334,4.477,4.646,4.791,4.938,5.080,5.230,5.373,5.541,5.701,5.847,6.014,6.165,6.332,6.517,6.647,6.803,6.958,7.113,7.271,7.410,7.563,7.722,7.881,8.015,8.165,
2,86,0.332,0.456,0.571,0.706,0.832,0.956,1.085,1.216,1.352,1.490,1.618,1.746,1.873,1.997,2.150,2.277,2.403,2.544,2.675,2.806,2.953,3.078,3.210,3.344,3.475,3.608,3.768,3.911,4.052,4.191,4.327,4.471,4.611,4.752,4.907,5.067,5.223,5.385,5.535,5.672,5.835,5.976,6.135,6.281,6.431,6.582,6.709,6.850,7.019,7.182,7.331,7.485,7.645,7.804,7.961,8.089,8.240,
2,87,0.166,0.266,0.396,0.532,0.670,0.813,0.975,1.124,1.267,1.406,1.552,1.691,1.833,1.982,2.122,2.264,2.397,2.517,2.659,2.806,2.947,3.071,3.201,3.335,3.471,3.600,3.742,3.898,4.021,4.163,4.320,4.471,4.604,4.747,4.898,5.052,5.206,5.341,5.486,5.649,5.777,5.925,6.089,6.399,6.562,6.683,6.821,6.978,7.149,7.273,7.553,7.694,7.832,7.973,8.117,8.250,8.400,8.561,8.707,8.861,9.017,9.170,9.328,9.485,9.609,9.734,9.901,10.067,
2,88,0.060,0.202,0.346,0.479,0.611,0.748,0.901,1.017,1.153,1.284,1.416,1.552,1.692,1.827,1.970,2.117,2.268,2.408,2.555,2.696,2.837,2.994,3.150,3.298,3.449,3.604,3.769,3.917,4.058,4.208,4.362,4.522,4.680,4.843,5.019,5.155,5.306,5.466,5.606,5.770,5.924,6.081,
2,89,0.221,0.502,0.645,0.781,0.933,1.085,1.228,1.376,1.522,1.658,1.812,1.951,2.084,2.222,
2,90,0.090,0.201,0.337,0.459,0.595,0.731,0.858,0.993,1.150,1.282,1.422,1.568,1.700,1.832,1.979,2.151,2.289,2.443,2.579,2.734,2.901,3.050,3.195,3.340,3.477,3.613,3.750,3.885,4.018,4.184,4.332,4.492,4.642,4.802,4.966,5.115,5.269,5.410,5.558,5.716,5.877,6.022,6.179,
2,91,0.236,0.389,0.496,0.625,0.776,0.916,1.059,1.203,1.360,1.482,1.639,1.783,1.921,2.069,2.203,2.337,2.477,2.622,2.773,2.905,3.023,3.170,3.325,3.473,3.614,3.774,3.903,4.053,4.202,4.347,4.476,4.623,4.786,4.955,5.114,5.274,5.421,5.575,5.741,5.901,6.054,6.203,6.353,6.525,6.679,6.824,6.971,7.126,7.298,7.450,7.594,7.745,7.902,8.060,8.206,8.353,8.509,8.643,8.779,8.930,9.074,9.221,9.393,9.520,9.680,9.821,
2,92,0.172,0.322,0.461,0.597,0.744,0.888,1.028,1.193,1.323,1.456,1.600,1.772,1.905,2.064,2.209,2.367,2.522,2.651,2.806,2.969,3.121,3.272,3.432,3.584,3.746,3.911,4.062,4.213,4.359,4.523,4.674,4.829,4.974,5.273,5.431,5.594,5.774,5.905,6.214,6.391,6.539,6.687,6.867,7.024,7.182,7.338,7.484,7.648,7.806,7.952,8.107,8.275,8.392,8.552,8.712,8.867,9.025,9.220,
2,93,0.062,0.203,0.325,0.460,0.592,0.738,0.863,0.998,1.153,1.296,1.431,1.571,1.703,1.845,1.971,2.106,2.249,2.389,2.522,2.672,2.792,2.928,3.057,3.206,3.358,3.692,3.802,3.950,4.104,4.244,4.398,4.529,4.673,4.815,4.968,5.117,5.273,5.414,5.560,5.710,5.860,5.996,6.153,6.340,6.485,6.808,6.956,7.096,7.251,7.405,7.555,7.711,7.849,7.988,8.125,8.278,8.428,8.582,8.724,8.871,9.025,9.152,9.299,9.446,9.602,9.775,
2,94,0.208,0.357,0.491,0.623,0.766,0.900,1.026,1.162,1.301,1.454,1.600,1.752,1.900,2.051,2.212,2.366,2.521,2.670,2.814,2.982,3.151,3.282,3.416,3.552,3.702,3.851,4.018,4.176,4.336,4.480,4.607,4.744,4.902,5.048,5.211,5.372,5.518,5.670,5.820,5.968,6.127,6.279,6.421,6.578,6.731,6.886,7.044,7.204,7.360,7.493,
2,95,0.158,0.294,0.426,0.568,0.727,0.869,1.015,1.158,1.286,1.423,1.539,1.673,1.816,1.957,2.095,2.243,2.394,2.532,2.681,2.834,2.986,3.144,3.275,3.518,3.679,3.840,3.996,4.145,4.295,4.571,4.732,4.895,5.056,5.305,5.449,5.593,5.735,5.896,6.031,6.185,6.342,6.499,6.661,6.816,6.974,7.146,7.274,7.428,7.591,7.751,7.903,8.046,8.194,
2,96,0.270,0.400,0.529,0.670,0.809,0.950,1.100,1.241,1.401,1.524,1.664,1.809,1.972,2.101,2.243,2.397,2.535,2.683,2.807,2.931,3.084,3.240,3.402,3.553,3.710,3.862,4.019,4.155,
2,97,0.193,0.323,0.460,0.596,0.729,0.867,1.013,1.147,1.293,1.425,1.568,1.710,1.858,2.002,2.147,
2,98,0.240,0.400,0.533,0.668,0.801,0.932,1.058,1.197,1.332,1.465,1.633,1.767,1.900,2.034,2.178,2.322,2.481,2.651,2.787,2.926,3.074,3.224,3.362,3.497,3.641,3.788,3.929,4.072,4.216,4.365,4.518,4.667,4.807,4.951,5.095,5.237,5.392,5.551,5.720,5.870,6.019,6.163,6.312,6.457,6.610,6.769,6.920,7.074,7.220,7.370,7.520,7.670,7.826,7.987,8.140,
2,99,0.118,0.252,0.395,0.535,0.682,0.837,0.972,1.110,1.248,1.395,1.540,1.677,1.810,1.946,2.085,2.222,2.366,2.513,2.646,2.769,2.903,3.042,3.181,3.324,3.476,3.619,3.766,3.909,4.057,4.205,4.354,4.513,4.659,4.817,4.964,5.119,5.274,5.434,5.603,5.768,5.922,6.068,6.224,6.398,6.563,6.712,6.898,7.049,7.219,7.405,7.573,7.727,7.870,8.022,8.173,8.322,8.471,8.649,8.772,8.928,9.087,9.236,9.399,9.527,9.667,
2,100,0.123,0.280,0.450,0.601,0.765,0.913,1.070,1.219,1.358,1.515,1.661,1.799,1.943,2.093,2.229,2.359,2.492,2.625,2.783,2.921,3.075,3.231,3.400,3.533,3.672,3.817,3.976,4.150,4.277,4.410,4.677,4.835,4.981,5.150,5.274,5.411,5.549,5.695,5.850,6.001,6.158,
2,101,0.087,0.215,0.335,0.665,0.816,0.968,1.110,1.275,1.425,1.564,1.717,1.863,2.025,2.151,2.305,2.450,2.600,2.747,2.895,3.055,3.210,3.355,3.490,3.611,3.776,3.927,4.090,4.250,4.400,
2,102,0.144,0.245,0.394,0.517,0.651,0.784,0.919,1.046,1.176,1.301,1.445,1.592,1.733,1.869,2.014,2.164,2.313,2.461,2.600,2.750,2.895,3.045,3.177,3.303,3.441,3.585,3.734,3.895,4.031,4.185,4.344,4.512,4.673,4.847,5.023,5.173,5.352,5.525,5.666,5.824,5.983,6.150,6.312,6.478,6.669,6.813,6.953,7.092,7.233,7.397,7.551,7.701,7.852,7.997,8.147,8.276,8.427,8.573,8.726,8.872,9.021,
2,103,0.125,0.259,0.396,0.546,0.677,0.812,0.940,1.071,1.210,1.357,1.510,1.650,1.803,1.947,2.091,2.243,2.394,2.547,2.708,2.865,3.018,3.188,3.331,3.478,3.644,3.782,3.949,4.102,4.249,4.395,4.518,4.648,4.785,4.925,5.068,5.221,5.364,5.518,5.680,5.831,5.984,6.146,6.280,6.423,6.574,6.720,6.877,7.048,7.216,7.396,7.544,7.717,7.903,8.069,8.233,8.397,8.569,8.741,8.904,9.059,9.224,9.397,
