0,1,0.245,0.396,0.560,0.708,0.955,1.119,1.263,1.426,1.732,1.914,2.086,2.270,2.460,2.647,2.814,2.992,3.162,3.351,3.526,3.704,3.871,4.080,4.242,4.417,4.648,4.937,5.305,5.670,6.079,6.464,6.871,7.304,7.653,8.016,8.230,8.429,8.674,8.910,9.150,9.400,9.663,9.913,10.150,10.638,
0,1,0.245,0.518,0.799,1.054,1.371,1.656,1.953,2.240,2.522,2.810,3.155,3.441,3.687,3.937,4.235,4.519,4.782,5.049,5.294,5.574,5.812,6.089,6.387,6.710,6.964,7.208,7.498,7.771,8.021,8.300,8.568,8.847,9.117,9.388,9.678,9.911,10.176,
0,1,,
0,1,,
2,1,,
2,2,0.264,0.441,0.659,0.895,1.145,1.410,1.649,1.913,2.178,2.402,2.663,2.896,3.089,3.328,3.646,3.896,4.147,4.403,4.659,4.912,5.274,5.659,5.946,6.191,6.451,6.694,7.015,7.271,7.538,7.794,8.025,8.299,8.554,8.795,9.015,9.285,9.576,9.772,10.055,10.305,10.594,10.835,11.097,11.400,11.650,11.900,12.160,12.400,12.657,12.952,13.321,13.576,13.875,14.135,
2,3,0.235,0.422,0.685,0.942,1.183,1.325,1.517,1.720,1.918,2.055,2.250,2.448,2.644,2.795,2.989,3.199,3.349,3.589,3.720,3.919,4.135,
2,4,0.224,0.481,0.697,0.901,1.108,1.285,1.545,1.771,1.962,2.171,
2,5,0.169,0.373,0.591,0.798,0.996,1.203,1.448,1.647,1.864,2.048,2.325,2.620,2.862,3.058,3.264,3.473,3.707,3.908,4.127,4.331,4.566,4.780,5.015,5.229,5.411,5.649,5.849,6.067,6.276,6.466,6.666,6.892,7.150,7.368,7.580,7.801,8.023,8.216,8.423,8.641,8.863,9.059,9.267,9.517,9.777,10.000,10.206,10.416,10.617,10.839,11.043,11.248,11.468,11.662,11.895,12.104,12.293,12.519,12.696,12.919,13.124,13.340,13.539,13.769,13.960,14.200,14.401,14.625,14.887,15.062,15.277,15.492,15.732,15.915,16.158,
2,6,0.187,0.425,0.645,0.842,1.063,1.299,1.479,1.734,1.935,2.149,2.375,2.572,2.790,2.999,3.193,3.407,3.618,3.834,4.055,4.264,4.466,4.701,4.904,5.147,5.347,5.581,5.784,6.000,6.235,6.423,6.624,6.858,7.040,7.265,7.515,7.705,7.921,8.116,
2,7,,
2,8,0.223,0.442,0.627,0.855,1.088,1.298,1.515,1.741,1.942,2.149,2.402,2.584,2.834,3.062,3.266,3.468,3.686,3.912,4.117,4.331,4.516,4.773,4.988,5.216,5.447,5.665,5.868,6.086,
2,9,0.331,0.545,0.741,1.114,1.317,1.555,1.803,2.046,2.262,2.470,2.772,3.025,3.238,3.441,3.661,3.897,4.125,4.335,4.564,4.793,5.014,5.247,5.493,5.745,5.956,6.195,6.428,6.665,6.898,7.065,7.311,7.527,7.731,7.968,8.178,8.405,8.656,8.906,9.149,9.367,9.594,9.842,10.095,10.325,10.536,10.779,11.017,11.248,11.517,11.731,11.942,12.197,12.460,12.676,12.911,13.134,13.354,13.618,13.854,14.079,14.351,14.621,14.859,15.105,15.336,15.587,15.845,16.080,
2,10,0.277,0.492,0.736,0.970,1.188,1.403,1.609,1.835,2.039,2.272,2.522,2.696,2.935,3.190,3.421,3.659,3.899,4.113,4.353,4.586,4.817,5.026,5.273,5.523,5.730,5.991,6.238,6.486,6.724,6.930,7.204,7.415,7.677,7.903,8.144,8.365,8.586,8.814,9.042,9.312,9.545,9.785,10.035,10.275,10.488,10.736,10.951,11.217,11.442,11.682,11.927,12.175,
2,11,0.432,0.636,0.915,1.136,1.350,1.573,1.800,2.020,2.240,2.451,2.662,2.866,3.086,3.294,3.470,3.734,4.047,4.324,4.553,4.744,4.959,5.197,5.446,5.653,5.888,6.073,6.312,6.522,6.772,6.971,7.217,7.438,7.651,7.889,8.101,
2,12,0.235,0.429,0.638,0.852,1.088,1.287,1.520,1.682,1.913,2.136,2.344,2.562,2.807,3.020,3.237,3.479,3.727,3.933,4.161,
2,13,0.393,0.539,0.719,0.945,1.175,1.375,1.591,1.831,2.047,2.266,2.498,2.734,2.946,3.174,3.437,3.613,3.854,4.145,4.308,4.550,4.797,5.026,5.262,5.498,
2,14,0.232,0.451,0.647,0.866,1.121,1.333,1.544,1.773,2.014,2.236,2.471,2.691,2.932,3.158,3.398,3.648,3.898,4.127,4.348,4.547,4.800,5.086,5.269,5.494,5.715,5.954,6.219,6.466,6.712,6.966,
2,15,0.304,0.515,0.707,0.928,1.166,1.360,1.577,1.815,2.058,2.266,2.516,2.717,2.950,3.200,3.444,3.675,3.959,4.186,4.447,4.684,4.960,5.223,5.474,5.739,5.975,6.280,6.518,
2,16,0.328,0.588,0.820,1.018,1.245,1.518,1.720,1.938,2.139,2.402,2.640,2.885,3.135,3.335,3.563,3.835,4.121,4.362,4.619,4.825,5.073,5.348,5.591,5.860,6.103,6.520,6.740,6.957,7.169,7.406,7.641,7.894,8.137,8.374,
2,17,0.315,0.489,0.695,0.913,1.152,1.399,1.584,1.834,2.069,2.316,2.563,2.769,2.998,3.238,3.479,3.677,3.924,4.163,4.410,4.650,4.910,5.163,5.431,5.654,5.891,6.118,6.357,6.609,6.848,7.072,7.318,7.560,7.808,8.038,8.292,8.546,8.806,9.034,9.302,9.541,9.801,10.039,10.317,10.520,10.789,11.037,11.281,11.520,11.770,12.001,12.271,12.499,12.737,12.977,13.213,13.451,13.706,13.963,14.237,
2,18,0.284,0.496,0.708,0.956,1.177,1.402,1.609,1.813,2.031,2.244,2.486,2.699,2.942,3.172,3.427,3.657,3.898,4.117,4.331,4.586,4.805,4.998,5.251,5.490,5.725,5.951,6.205,6.467,6.715,6.946,7.236,7.472,7.721,7.960,8.214,8.460,8.697,8.918,9.164,9.404,9.664,9.889,10.139,
2,19,0.213,0.458,0.679,0.914,1.153,1.365,1.650,1.852,2.085,2.320,
2,20,0.127,0.330,0.554,0.779,1.017,1.204,1.413,1.613,1.842,2.030,2.235,2.450,2.666,2.890,3.094,3.320,3.528,3.748,3.958,4.189,4.393,4.612,4.842,5.056,5.276,5.494,5.709,5.927,6.151,6.370,6.565,6.785,7.030,7.326,7.550,7.774,8.020,8.227,
2,21,0.086,0.274,0.433,0.654,0.826,1.037,1.244,1.463,1.691,1.907,2.081,2.315,2.531,2.779,2.954,3.199,3.412,3.620,3.854,4.053,4.259,4.519,4.740,4.981,5.200,5.423,5.644,5.848,6.064,6.300,6.537,6.744,7.000,7.218,7.456,7.713,7.931,8.186,
2,22,0.363,0.582,0.749,0.963,1.196,1.439,1.649,1.864,2.062,2.273,2.526,2.718,2.942,3.158,3.364,3.595,3.835,4.056,4.277,4.491,4.704,4.950,5.177,5.397,5.612,5.841,6.090,6.314,6.528,6.761,6.988,7.197,7.449,7.662,7.895,8.098,8.334,8.558,8.800,9.053,9.301,9.502,9.762,10.001,10.263,10.472,10.727,10.972,11.210,11.465,11.706,11.968,12.199,
2,23,0.325,0.536,0.763,0.954,1.190,1.396,1.592,1.799,2.003,2.219,2.456,2.662,2.863,3.106,3.325,3.534,3.764,4.014,4.221,4.486,4.726,4.959,5.187,5.410,5.652,5.867,6.086,6.331,6.555,6.782,6.999,7.242,7.451,7.708,7.941,8.189,8.449,8.650,8.900,9.112,9.365,9.610,9.833,10.054,10.280,10.517,10.747,10.984,11.217,11.462,11.671,11.904,12.152,12.390,12.642,12.861,13.102,13.347,13.575,13.800,14.031,
2,24,0.290,0.545,0.749,0.973,1.174,1.391,1.616,1.844,2.068,2.296,2.522,2.720,2.952,3.183,3.430,3.642,3.843,4.069,4.279,4.523,4.773,4.958,5.191,5.422,5.640,5.864,6.107,6.341,6.572,6.777,7.024,7.238,7.467,7.717,7.945,8.185,8.416,8.641,8.839,9.091,9.312,9.564,9.790,10.032,10.276,10.481,10.709,10.941,11.184,11.396,11.601,11.825,12.063,12.306,12.510,12.714,12.984,13.222,13.470,13.671,13.931,14.156,14.394,14.644,14.894,15.144,15.363,15.645,15.846,16.107,
2,25,0.243,0.405,0.646,0.850,1.044,1.240,1.440,1.681,1.906,2.120,2.364,2.611,2.805,3.045,3.271,3.497,3.775,3.909,4.207,4.480,4.681,4.905,5.127,5.360,5.591,5.789,6.049,6.272,6.492,6.727,6.955,7.178,7.421,7.640,7.876,8.140,8.350,8.582,8.774,9.024,9.244,9.442,9.687,9.923,10.155,10.401,10.620,10.838,11.044,11.304,11.525,11.775,11.987,12.213,12.433,12.661,12.917,13.142,13.402,13.622,13.847,14.068,14.276,14.526,14.803,14.991,15.277,15.484,15.717,15.982,16.236,
2,26,0.274,0.423,0.641,0.793,1.024,1.200,1.391,1.625,1.825,2.077,2.273,2.487,2.701,2.921,3.142,3.337,3.526,3.723,3.952,4.146,4.370,
2,27,0.223,0.441,0.599,0.820,1.038,1.230,1.456,1.677,1.869,2.112,2.325,2.541,2.728,2.937,3.147,3.343,3.545,3.737,3.947,4.163,4.375,4.571,4.826,5.194,5.434,5.652,5.839,6.050,6.264,6.475,6.677,6.893,7.127,7.352,7.566,7.765,7.952,8.173,8.393,8.626,8.833,9.048,9.267,9.497,9.700,9.918,10.100,
2,28,0.152,0.396,0.606,0.784,0.993,1.192,1.400,1.595,1.808,2.036,2.238,2.439,2.653,2.860,3.063,3.267,3.476,3.703,3.927,4.126,4.323,4.567,4.771,5.027,5.242,5.493,5.686,5.907,6.125,6.339,6.558,6.762,6.993,7.231,7.440,7.668,7.896,8.124,8.338,8.566,8.789,9.013,9.249,9.473,9.728,9.933,10.147,10.370,10.587,10.797,11.035,11.461,11.712,11.931,12.177,
2,29,0.079,0.252,0.425,0.625,0.788,1.046,1.230,1.422,1.691,1.857,2.049,2.269,2.471,2.709,2.847,3.091,3.297,3.494,3.719,3.937,4.140,4.401,4.605,4.798,5.024,5.235,5.423,5.625,5.815,6.021,6.223,6.431,6.638,6.855,7.061,
2,30,0.026,0.197,0.393,0.539,0.751,0.957,1.192,1.397,1.571,1.772,1.989,2.185,2.394,2.590,2.809,2.991,3.210,3.394,3.644,3.826,4.020,4.242,4.495,4.708,4.932,5.145,5.331,5.540,5.735,5.954,6.163,6.361,6.563,6.763,7.067,7.283,7.482,7.671,7.873,8.122,8.322,8.545,8.764,9.020,9.242,9.679,9.897,10.061,10.284,10.459,10.739,10.898,11.105,11.347,11.562,11.741,11.964,12.212,
2,31,0.386,0.769,0.949,1.123,1.304,1.486,1.679,1.886,2.077,2.280,2.490,2.700,2.870,3.067,3.277,3.475,3.678,3.887,4.080,4.300,4.493,4.720,4.934,5.148,5.364,5.575,5.775,5.962,6.205,6.418,6.610,6.804,7.057,7.272,7.470,7.691,7.926,8.118,8.309,8.523,8.718,8.912,9.140,9.357,9.580,9.788,10.024,10.206,10.469,10.687,10.935,11.100,11.354,11.566,11.789,11.997,12.212,12.428,12.659,12.873,
2,32,0.359,0.519,0.707,0.926,1.117,1.316,1.486,1.680,1.867,2.071,2.287,2.490,2.695,2.890,3.121,3.312,3.530,3.730,3.968,4.137,4.334,4.558,4.788,4.983,5.209,5.408,5.620,5.803,6.022,6.272,6.499,6.703,6.938,7.151,7.356,7.581,7.789,8.023,8.240,8.458,8.667,8.907,9.085,9.298,9.523,9.726,9.951,10.155,10.376,10.595,10.818,11.034,11.274,11.472,11.685,11.908,12.141,
2,33,0.399,0.575,0.738,0.954,1.238,1.424,1.620,1.821,2.017,2.219,2.433,2.634,2.833,3.044,3.294,3.451,3.537,3.737,3.999,4.189,4.402,4.626,4.812,5.035,5.268,5.474,5.674,5.905,6.109,6.318,6.519,6.720,6.912,7.122,7.335,7.519,7.729,7.922,8.136,8.355,8.569,8.799,9.020,9.270,9.454,9.685,9.901,10.119,10.322,10.543,10.778,10.993,11.218,11.455,11.667,11.898,12.079,12.289,12.522,12.738,12.952,13.193,13.399,13.639,13.839,14.040,14.242,14.485,14.712,14.921,15.155,15.357,15.604,15.830,16.045,
2,34,0.185,0.368,0.595,0.811,1.020,1.232,1.436,1.676,1.851,2.096,2.297,2.534,2.761,2.970,3.177,3.375,3.621,3.829,4.051,4.265,4.496,4.746,4.942,5.196,5.420,5.615,5.876,6.108,6.292,6.522,6.735,6.926,7.147,7.372,7.582,7.834,8.024,8.234,8.463,8.692,8.876,9.101,9.333,9.554,9.774,10.001,10.232,
2,35,0.206,0.397,0.592,0.830,1.034,1.264,1.481,1.680,1.850,2.054,2.333,2.581,2.823,3.059,3.265,3.477,3.686,3.972,4.174,4.374,4.578,4.819,5.055,5.269,5.468,5.679,5.900,6.150,
2,36,0.149,0.347,0.528,0.766,1.020,1.209,1.400,1.653,1.867,2.081,2.284,2.517,2.739,2.972,3.181,3.387,3.613,3.856,4.050,
2,37,0.279,0.454,0.648,0.833,1.039,1.267,1.467,1.712,1.908,2.161,2.368,2.586,2.834,3.060,3.278,3.491,3.723,3.966,4.160,4.392,4.622,4.833,5.298,5.526,5.731,5.934,6.165,6.372,6.607,6.804,7.020,7.435,7.643,7.854,8.070,8.285,8.550,8.699,8.981,9.221,9.424,9.662,9.847,10.097,10.308,10.549,10.772,10.998,11.224,11.463,11.671,11.877,12.139,12.317,12.538,12.773,12.990,13.213,13.417,13.640,13.864,14.100,
2,38,0.073,0.272,0.458,0.693,0.912,1.094,1.305,1.523,1.744,1.980,2.182,2.414,2.624,2.840,3.046,3.274,3.476,3.706,3.947,4.199,4.423,4.627,4.863,5.113,5.311,5.544,5.792,6.025,6.250,
2,39,0.099,0.339,0.530,0.748,0.946,1.146,1.345,1.575,1.805,1.988,2.199,2.416,2.643,2.840,3.039,3.229,3.437,3.644,3.851,4.074,4.296,4.511,4.728,4.968,5.182,5.415,5.645,5.863,6.072,6.290,6.473,6.689,6.905,7.112,7.332,7.561,7.794,8.066,8.279,8.477,8.700,9.146,9.368,9.598,9.826,10.017,
2,40,0.269,0.448,0.663,0.918,1.319,1.497,1.693,1.897,2.106,2.331,2.625,2.818,3.026,3.264,3.474,3.651,3.898,4.125,4.345,4.542,4.772,5.015,5.265,5.457,5.649,5.870,6.086,6.305,6.523,6.732,6.936,7.178,7.373,7.597,7.815,8.023,8.223,8.434,8.660,8.867,9.088,9.302,9.517,9.717,9.925,10.126,10.353,10.591,10.814,11.045,11.268,11.518,11.703,11.907,12.116,12.332,12.568,12.775,12.971,13.193,13.402,13.619,13.823,14.039,14.273,14.449,14.662,14.886,15.109,15.346,15.596,15.821,16.055,
2,41,0.189,0.367,0.526,0.708,0.916,1.104,1.303,1.496,1.687,1.916,2.112,2.303,
2,42,0.168,0.330,0.516,0.729,0.899,1.097,1.315,1.522,1.734,1.960,2.146,2.364,2.544,2.767,2.995,3.225,3.443,3.647,3.825,4.051,
2,43,0.267,0.430,0.607,0.806,1.018,1.216,1.426,1.637,1.831,2.050,2.268,2.463,2.669,2.885,3.101,3.301,3.519,3.728,3.954,4.152,4.353,4.575,4.799,5.019,5.228,5.446,5.672,5.886,6.096,6.314,6.524,6.751,6.945,7.169,7.387,7.601,7.825,8.024,8.245,8.483,8.701,8.912,9.138,9.352,9.570,9.794,9.999,10.272,10.474,10.700,10.916,11.156,11.375,11.601,11.841,12.026,12.273,12.487,12.711,12.914,13.179,13.390,13.626,13.828,14.089,14.291,14.539,14.774,14.962,15.202,15.462,15.678,15.928,16.158,
2,44,0.235,0.400,0.619,0.820,1.002,1.214,1.407,1.650,1.815,2.044,2.277,2.493,2.710,2.921,3.125,3.358,3.518,3.745,3.980,4.193,4.412,4.650,4.832,5.038,5.235,5.452,5.672,5.886,6.083,6.309,6.532,6.736,6.946,7.182,7.404,7.655,7.908,8.140,8.336,8.560,8.787,8.969,9.166,9.364,9.557,9.807,10.024,10.278,10.485,10.708,10.926,11.127,11.347,11.541,11.820,12.022,12.237,12.440,12.660,12.872,13.076,13.329,13.559,13.793,14.023,14.246,
2,45,0.216,0.392,0.624,0.828,1.038,1.243,1.479,1.736,1.935,2.161,2.397,2.585,2.826,3.030,3.251,3.465,3.698,3.921,4.151,4.376,4.616,4.827,5.035,5.283,5.512,5.716,5.929,6.158,6.395,6.607,6.832,7.068,7.293,7.536,7.763,7.969,8.195,
2,46,0.120,0.332,0.543,0.734,0.954,1.149,1.343,1.597,1.789,2.031,2.221,2.441,2.677,2.870,3.105,3.284,3.544,3.767,4.017,4.209,4.416,4.608,4.844,5.047,5.268,5.518,5.748,6.018,6.214,
2,47,0.061,0.272,0.465,0.639,0.857,1.023,1.215,1.460,1.679,1.900,2.096,2.322,
2,48,0.055,0.267,0.462,0.660,0.900,1.083,1.294,1.491,1.720,1.928,2.151,2.356,2.589,2.815,3.040,3.268,3.488,3.711,3.911,4.135,4.340,4.577,4.838,5.043,5.284,5.496,5.736,5.932,6.172,6.396,6.641,6.860,7.223,7.467,7.692,7.950,8.207,8.404,8.623,8.887,9.124,9.354,9.551,9.811,10.046,10.246,10.522,10.706,10.932,11.161,11.416,11.661,11.875,12.118,12.351,12.564,12.779,13.006,13.246,13.523,13.746,13.961,14.189,
2,49,0.221,0.401,0.580,0.866,1.087,1.285,1.501,1.739,1.928,2.149,2.351,
2,50,0.292,0.460,0.651,0.887,1.063,1.282,1.472,1.695,1.885,2.137,2.332,
2,51,0.144,0.291,0.482,0.664,0.843,1.026,1.231,1.451,1.655,1.874,2.069,2.294,2.502,2.715,2.911,3.121,3.324,3.537,3.774,3.955,4.193,4.420,4.638,4.877,5.090,5.313,5.538,5.746,5.964,6.208,6.408,6.627,6.875,7.118,7.343,7.569,7.776,8.047,8.237,8.436,8.646,8.890,9.099,9.337,9.609,9.825,10.140,
2,52,0.274,0.416,0.606,0.809,1.032,1.228,1.443,1.703,1.921,2.134,2.344,2.543,2.768,2.971,3.189,3.397,3.601,3.810,4.019,4.269,4.483,4.686,4.935,5.143,5.377,5.593,5.831,6.044,6.270,6.467,6.716,6.918,7.158,7.387,7.637,7.887,8.137,
2,53,0.310,0.486,0.678,0.923,1.123,1.326,1.518,1.728,1.953,2.194,2.411,2.638,2.852,3.089,3.281,3.551,3.769,3.961,4.206,4.391,4.598,4.792,4.985,5.184,5.386,5.591,5.812,6.020,6.270,6.447,6.661,6.887,7.116,7.346,7.813,8.025,8.243,8.454,8.679,8.905,9.121,9.359,9.588,9.794,10.029,10.237,
2,54,0.123,0.286,0.465,0.652,0.857,1.055,1.279,1.519,1.726,1.954,2.155,2.350,2.559,2.770,3.020,3.216,3.417,3.637,3.854,4.074,4.295,
2,55,0.274,0.455,0.656,0.870,1.057,1.275,1.463,1.659,1.861,2.062,2.332,2.490,2.693,2.909,3.126,3.324,3.532,3.738,3.983,4.187,4.417,4.643,4.855,5.036,5.287,5.517,5.725,5.952,6.158,
2,56,0.330,0.490,0.692,0.920,1.141,1.370,1.580,1.828,2.020,2.192,2.405,2.620,2.824,3.033,3.239,3.458,3.679,3.917,4.116,4.328,4.555,4.771,5.021,5.223,5.431,5.638,5.848,6.110,6.328,6.532,6.752,6.972,7.193,7.411,7.657,7.868,8.092,
2,57,0.264,0.429,0.625,0.897,1.078,1.264,1.476,1.704,1.915,2.148,2.425,2.539,2.719,2.925,3.148,3.331,3.556,3.800,4.016,4.230,4.458,4.669,4.876,5.092,5.320,5.557,5.766,5.998,6.236,6.464,6.667,6.893,7.150,7.338,7.554,7.787,8.001,8.268,8.491,8.703,8.916,9.135,9.361,9.589,9.817,10.036,10.269,10.488,10.711,10.922,11.139,11.345,11.558,11.796,12.019,12.236,12.442,12.667,12.903,13.113,13.338,13.569,13.783,14.030,14.283,
2,58,0.225,0.402,0.609,0.800,0.977,1.181,1.394,1.531,1.771,1.970,2.193,2.412,2.621,2.850,3.059,3.299,3.661,3.867,4.066,4.272,4.523,4.738,4.987,5.218,5.461,5.699,5.919,6.126,6.315,6.570,6.790,7.001,7.206,7.489,7.670,7.906,8.156,8.353,8.603,8.867,9.080,9.284,9.525,9.718,9.939,10.157,10.360,10.578,10.785,11.026,11.230,11.422,11.665,11.893,12.095,12.323,
2,59,0.111,0.288,0.474,0.699,0.903,1.090,1.279,1.469,1.662,1.855,2.051,2.253,2.478,2.654,2.855,3.078,3.282,3.520,3.934,4.173,
2,60,0.229,0.407,0.592,0.774,0.951,1.147,1.332,1.595,1.767,1.965,2.166,2.374,2.574,2.787,2.979,3.182,3.377,3.581,3.992,4.227,4.445,4.666,4.873,5.052,5.266,5.497,5.700,5.949,6.150,6.400,6.587,6.813,7.017,7.407,7.650,7.841,8.032,8.205,
2,61,0.246,0.442,0.627,0.846,1.056,1.247,1.435,1.646,1.896,2.063,2.272,2.463,2.681,2.897,3.097,3.315,3.513,3.696,3.914,4.112,4.318,4.531,4.750,4.959,5.151,5.371,5.602,5.816,6.070,6.282,6.489,6.687,6.922,7.123,7.341,7.530,7.751,7.962,8.169,8.419,8.626,8.871,9.054,9.238,9.470,9.691,9.905,10.113,10.316,10.532,10.738,10.949,11.165,11.401,11.651,11.836,12.047,12.283,12.468,12.700,12.946,13.127,13.361,13.596,13.861,14.082,14.291,14.501,14.699,14.917,15.122,15.362,15.595,15.818,16.026,
2,62,0.029,0.252,0.436,0.677,0.893,1.117,1.335,1.573,1.794,1.995,2.243,2.408,2.607,2.840,3.017,3.260,3.460,3.668,3.873,4.101,4.289,4.497,4.700,4.919,5.171,5.342,5.567,5.770,5.978,6.197,
2,63,0.227,0.414,0.590,0.780,0.980,1.186,1.410,1.649,1.872,2.062,2.403,2.570,2.773,2.988,3.221,3.443,3.650,3.866,4.103,4.292,4.499,4.717,4.957,5.166,5.370,5.577,5.797,6.018,6.250,
2,64,0.235,0.423,0.625,0.816,1.043,1.222,1.450,1.637,1.837,2.050,2.240,2.441,2.635,2.850,3.060,3.294,3.486,3.684,3.896,4.101,4.331,4.542,4.770,4.992,5.173,5.404,5.616,5.852,6.067,6.271,6.480,6.705,6.940,7.162,7.388,7.638,7.838,8.070,8.323,8.531,8.779,8.984,9.215,9.425,9.642,9.851,10.071,10.302,
2,65,0.100,0.300,0.471,0.706,0.904,1.121,1.344,1.587,1.783,2.021,2.190,2.415,2.598,2.827,3.034,3.271,3.536,3.723,3.920,4.272,4.457,4.673,4.906,5.074,5.279,5.523,5.725,5.921,6.122,6.341,6.591,6.815,7.023,7.273,7.480,7.711,7.907,8.155,8.352,8.563,8.784,9.024,9.274,9.472,9.736,9.967,10.203,
2,66,0.281,0.430,0.600,0.799,1.022,1.272,1.433,1.656,1.874,2.061,2.272,2.472,2.664,2.844,3.064,3.273,3.489,3.693,3.899,4.125,4.344,4.609,4.798,5.024,5.238,5.430,5.619,5.862,6.081,6.306,6.498,6.734,6.952,7.168,7.398,7.610,7.834,8.108,8.351,8.540,8.752,9.033,9.213,9.417,9.646,9.861,10.112,10.313,10.560,10.796,11.027,11.244,11.451,11.733,11.940,12.144,
2,67,0.186,0.467,0.649,0.903,1.109,1.330,1.544,1.770,2.029,2.201,2.420,2.610,2.900,3.069,3.336,3.564,3.774,3.967,4.198,4.425,4.649,4.858,5.084,5.297,5.542,5.778,6.019,6.220,6.444,6.676,6.892,7.112,7.311,7.586,7.769,7.977,8.202,8.418,8.610,8.829,9.077,9.285,9.487,9.744,9.957,10.166,10.373,10.582,10.810,11.053,11.271,11.495,11.703,11.939,12.165,
2,68,0.272,0.428,0.639,0.853,1.098,1.312,1.522,1.745,1.973,2.179,2.373,2.587,2.790,3.035,3.249,3.471,3.713,3.937,4.147,4.539,4.774,
2,69,0.266,0.436,0.649,0.824,0.998,1.216,1.400,1.592,1.800,1.983,2.180,2.383,2.583,2.800,3.017,3.214,3.447,3.623,3.872,4.069,4.312,
2,70,0.241,0.411,0.576,0.750,0.945,1.127,1.316,1.560,1.724,1.909,2.107,2.287,2.472,2.690,2.871,3.085,3.317,3.525,3.714,3.908,4.165,4.374,4.571,4.804,5.046,5.272,5.494,5.698,5.935,6.139,6.343,6.547,6.773,6.995,7.230,7.449,7.681,7.927,8.140,8.390,8.620,8.860,9.088,9.330,9.551,9.821,10.024,10.251,10.499,10.703,10.933,11.161,11.370,11.616,11.800,11.990,12.292,12.526,12.738,12.978,13.218,13.476,13.689,13.942,14.180,14.430,14.695,14.908,15.205,15.465,15.693,16.013,16.190,
2,71,0.446,0.625,0.798,0.978,1.177,1.371,1.578,1.776,2.019,2.212,
2,72,0.209,0.388,0.566,0.944,1.126,1.316,1.537,1.772,1.999,2.186,2.409,2.640,2.844,3.047,3.285,3.488,3.750,3.954,4.209,4.439,4.653,4.860,5.083,5.303,5.541,5.774,5.996,6.237,6.469,6.697,6.940,7.164,7.377,7.601,7.851,8.065,
2,73,0.247,0.394,0.603,0.812,0.984,1.186,1.394,1.556,1.784,1.980,2.209,
2,74,0.266,0.439,0.617,0.800,1.003,1.211,1.390,1.592,1.805,2.017,2.221,2.413,2.620,2.852,3.054,3.271,3.484,3.696,3.905,4.126,4.331,4.545,4.797,5.045,5.280,5.488,5.721,5.924,6.150,6.349,6.553,6.820,7.075,7.306,7.532,7.729,7.989,8.216,8.452,8.678,8.887,9.137,9.346,9.584,9.855,10.045,10.271,10.521,10.771,10.965,11.201,11.398,11.638,11.852,12.107,12.388,12.598,12.827,13.059,13.289,13.522,13.739,13.926,14.163,14.374,14.604,14.851,15.065,15.277,15.523,15.743,15.956,16.201,
2,75,0.234,0.404,0.575,0.771,0.971,1.158,1.352,1.578,1.786,2.034,2.243,2.489,2.673,2.911,3.120,3.339,3.538,3.740,3.977,4.213,4.433,4.652,4.890,5.121,5.369,5.609,5.842,6.083,6.301,6.524,6.774,6.950,7.175,7.422,7.683,7.901,8.145,
2,76,0.214,0.403,0.614,0.811,1.032,1.252,1.472,1.651,1.897,2.081,2.315,2.534,2.764,2.951,3.171,3.372,3.595,3.820,4.038,4.219,4.413,4.616,4.826,5.071,5.311,5.612,5.819,6.056,6.287,6.479,6.730,6.951,7.105,7.338,7.589,7.793,8.023,8.238,8.449,8.689,8.932,9.127,9.333,9.568,9.777,9.986,10.192,10.437,10.651,10.873,11.098,11.363,11.565,11.775,12.057,12.281,12.522,12.747,13.001,13.229,13.439,13.670,13.898,14.105,14.328,
2,77,0.275,0.416,0.595,0.775,0.983,1.216,1.412,1.643,1.830,2.053,2.240,2.464,2.650,2.859,3.053,3.266,3.527,3.700,3.930,4.144,4.342,4.567,4.792,5.025,5.261,5.478,5.703,5.917,6.145,6.374,6.597,6.827,7.053,7.273,7.512,7.731,7.966,8.212,8.481,8.680,8.918,9.168,9.413,9.625,9.871,10.082,10.331,10.560,10.781,11.014,11.250,11.466,11.702,11.934,12.202,12.420,12.670,12.898,13.111,13.363,13.648,13.841,14.089,
2,78,0.248,0.406,0.612,0.828,1.001,1.208,1.391,1.594,1.775,1.957,2.159,2.392,2.594,2.788,3.002,3.209,3.426,3.655,3.864,4.100,4.323,4.573,4.777,5.017,5.210,5.455,5.692,5.905,6.144,6.368,6.590,6.857,7.125,7.394,7.644,7.924,8.152,
2,79,0.140,0.341,0.526,0.751,0.961,1.177,1.390,1.553,1.793,2.065,2.248,2.478,2.697,2.928,3.163,3.404,3.645,3.891,4.098,4.354,4.596,4.839,5.082,5.334,5.555,5.802,6.038,6.295,6.539,6.788,7.026,7.259,7.468,7.709,7.935,8.197,8.432,8.697,8.967,9.260,9.552,9.828,10.111,
2,80,0.240,0.417,0.623,0.811,1.016,1.227,1.445,1.650,1.838,2.039,
