0,1,0.395,0.614,0.795,0.952,1.117,1.268,1.432,1.585,1.737,1.896,2.056,2.198,2.352,2.513,2.656,2.805,2.954,3.111,3.272,3.433,3.579,3.729,3.897,4.035,4.188,4.349,4.514,4.672,4.814,4.964,5.113,5.274,5.427,5.589,5.744,5.907,6.059,6.216,6.371,6.529,6.682,6.850,6.997,7.162,7.311,7.474,7.621,7.778,7.928,8.084,8.247,8.399,8.547,8.690,8.845,8.992,9.149,9.296,9.443,9.599,9.766,9.914,10.056,10.185,10.343,10.517,10.670,10.828,10.984,11.148,
0,1,0.198,0.352,0.501,0.644,0.791,0.941,1.083,1.221,1.361,1.519,1.648,1.786,1.937,2.071,2.188,2.318,2.447,2.594,2.737,2.868,3.020,3.149,3.290,3.428,3.687,3.839,3.975,4.115,4.246,4.387,4.527,4.670,4.803,4.935,5.114,5.546,5.691,5.835,5.981,6.126,6.275,6.421,6.571,6.706,6.855,7.022,7.145,7.286,7.412,7.559,7.702,7.843,8.086,8.219,8.361,8.522,8.623,8.779,8.929,9.067,9.210,9.365,9.523,9.659,9.810,9.963,10.126,
0,1,,
0,1,0.203,0.525,0.685,0.842,1.001,1.157,1.415,1.684,1.995,2.237,2.441,2.643,2.865,3.061,3.237,3.416,3.581,3.742,3.887,4.044,4.202,4.350,4.520,4.660,4.803,5.211,5.367,5.524,5.683,5.842,6.021,6.161,6.320,6.478,6.638,6.786,6.944,7.127,7.308,7.495,7.690,7.932,8.069,8.249,8.469,8.676,8.870,
1,1,0.146,0.279,0.440,0.583,0.718,0.858,0.996,1.146,1.297,1.528,1.664,1.795,1.939,2.084,2.233,2.370,2.520,2.798,2.946,3.084,3.248,3.397,3.533,3.726,3.932,4.056,4.200,4.350,4.494,4.648,4.783,4.925,5.066,5.212,5.350,5.489,5.649,5.772,5.908,6.049,6.183,6.328,6.459,6.596,6.734,6.873,7.016,7.156,7.403,7.548,7.679,7.810,7.956,8.080,8.195,8.333,8.573,8.731,8.859,8.989,9.150,9.277,9.415,9.535,9.665,9.809,9.952,10.097,10.205,10.340,10.477,10.606,10.737,10.896,11.038,11.282,11.429,11.564,11.663,11.800,11.939,12.100,12.194,12.344,12.494,12.635,12.769,12.912,13.046,13.193,13.312,13.449,13.600,13.747,13.876,14.019,14.148,14.304,14.440,14.583,14.739,14.986,15.136,15.289,15.435,15.589,15.738,15.887,16.030,16.195,
1,2,0.052,0.197,0.345,0.496,0.628,0.778,0.923,1.061,1.213,1.356,1.525,1.656,1.792,1.955,2.142,2.225,2.392,2.525,2.652,2.800,2.944,3.089,3.213,3.357,3.499,3.657,3.776,3.924,4.056,4.198,
1,3,0.142,0.278,0.444,0.577,0.776,0.872,1.009,1.165,1.311,1.473,1.581,1.737,1.893,2.015,2.154,2.304,2.456,2.621,2.729,2.864,3.017,3.153,3.292,3.460,3.644,3.817,3.977,4.126,4.359,4.501,4.644,4.790,4.948,5.095,5.231,5.395,5.545,5.688,5.860,6.015,6.155,6.315,6.496,6.645,6.781,6.937,7.106,7.262,7.396,7.543,7.691,7.858,8.016,8.180,8.330,8.478,8.658,8.817,8.968,9.146,9.307,9.455,9.620,9.787,9.951,10.107,10.288,10.456,10.626,10.782,10.934,11.088,11.247,11.397,11.557,11.709,11.871,12.015,12.180,12.341,12.486,12.648,12.798,12.942,13.074,13.218,13.413,13.532,13.707,13.869,14.039,14.219,14.366,14.533,14.698,14.899,14.990,15.149,15.288,15.468,15.649,15.776,15.980,16.121,16.223,
1,4,0.124,0.276,0.406,0.568,0.739,0.893,1.027,1.153,1.282,1.434,1.560,1.723,1.894,2.042,2.205,2.327,2.480,2.648,2.814,2.980,3.148,3.324,3.498,3.681,3.866,4.042,4.228,4.449,4.617,4.795,4.959,5.126,5.293,5.437,5.616,5.796,5.964,6.146,6.305,6.545,6.646,6.816,6.992,7.163,7.339,7.551,7.662,7.811,7.970,8.147,8.318,8.498,8.671,8.855,9.028,9.189,9.344,9.529,9.748,9.897,10.085,10.294,10.454,10.648,10.842,11.018,11.190,11.398,11.525,11.724,11.952,12.149,12.649,
1,5,0.194,0.347,0.523,0.691,0.900,1.046,1.207,1.400,1.539,1.697,1.809,1.985,2.103,2.267,2.401,2.544,2.686,2.839,2.983,3.151,3.274,3.428,3.567,3.849,4.028,4.235,4.369,4.518,4.694,4.867,5.050,5.198,5.363,5.533,5.694,5.857,6.022,6.182,6.353,6.519,6.653,6.794,6.967,7.148,7.328,7.485,7.665,7.841,8.020,8.196,8.368,8.545,8.720,8.918,9.094,9.293,9.475,9.666,9.835,10.021,10.208,10.367,10.570,10.746,10.938,11.138,11.345,11.522,11.677,11.873,12.051,12.232,12.412,12.598,12.782,12.963,13.139,13.329,13.523,13.675,13.846,14.029,14.248,14.393,14.574,
1,6,0.077,0.264,0.443,0.614,0.776,0.952,1.107,1.271,1.435,1.712,1.865,2.015,2.171,2.332,2.470,2.649,2.788,2.958,3.113,3.269,3.429,3.609,3.769,3.906,4.065,4.233,4.400,4.580,4.746,4.930,5.080,5.267,5.410,5.568,5.747,5.913,6.076,6.246,6.423,6.605,6.790,6.955,7.151,7.311,7.460,7.651,7.815,7.986,8.152,
1,7,0.059,0.220,0.377,0.540,0.710,0.897,1.063,1.232,1.404,1.610,1.751,1.927,2.097,2.420,2.591,2.752,2.920,3.221,3.398,3.555,3.719,3.898,4.039,4.200,
1,8,0.190,0.358,0.527,0.683,0.867,1.015,1.188,1.306,1.595,1.740,1.902,2.060,2.222,2.372,2.545,2.687,2.857,3.045,3.191,3.350,3.520,3.687,4.000,4.189,4.366,4.568,4.726,4.866,5.204,5.289,5.425,5.586,5.740,5.928,6.118,6.268,6.463,6.593,6.771,6.931,7.092,7.268,7.416,7.592,7.810,8.068,8.235,
1,9,0.081,0.269,0.431,0.567,0.730,0.899,1.063,1.243,1.399,1.563,1.766,1.900,2.026,2.185,2.367,2.650,2.813,2.979,3.148,3.316,3.469,3.663,3.831,4.001,4.190,4.337,4.532,4.727,4.858,5.024,5.201,5.401,5.555,5.705,5.867,6.045,6.184,6.335,6.486,6.635,6.786,
1,10,0.149,0.320,0.475,0.650,0.814,0.974,1.153,1.321,1.490,1.667,1.826,2.017,2.188,2.352,2.517,2.693,2.901,3.042,3.222,3.387,3.576,3.768,3.921,4.091,4.268,4.446,4.662,4.768,4.923,5.097,5.275,5.450,5.619,5.786,5.953,6.113,6.294,6.464,6.650,6.804,6.987,7.175,7.323,7.501,7.814,7.954,8.136,8.307,8.477,8.640,8.908,9.087,9.270,9.413,9.553,9.689,9.849,10.021,10.141,10.303,10.494,10.664,10.843,11.021,11.202,11.347,11.528,11.724,11.830,11.960,12.138,
1,11,0.112,0.306,0.454,0.616,0.786,0.984,1.154,1.324,1.517,1.695,1.853,2.017,2.189,2.384,2.490,2.658,2.815,3.018,3.183,3.357,3.538,3.711,3.863,4.053,4.232,4.412,4.573,4.752,4.953,5.080,5.269,5.444,5.662,5.773,5.945,6.098,6.273,6.429,6.603,6.770,6.924,7.098,7.270,7.567,7.770,7.928,8.091,
1,12,0.144,0.327,0.538,0.698,0.946,1.145,1.372,1.536,1.738,1.915,2.103,2.262,2.502,
1,13,0.182,0.357,0.531,0.700,0.890,1.017,1.192,1.400,1.524,1.687,1.863,2.032,2.220,2.352,2.521,2.671,2.832,2.990,3.154,3.305,3.454,3.594,3.768,4.030,4.184,
1,14,0.185,0.352,0.671,0.827,1.151,1.322,1.483,1.651,1.792,1.944,2.101,2.268,2.426,2.613,2.768,2.907,3.052,3.190,3.348,3.525,3.698,3.868,4.026,4.201,4.372,4.541,4.706,4.855,5.023,5.182,5.348,5.520,5.667,5.830,5.980,6.146,6.314,6.487,6.653,6.833,6.962,7.117,7.271,7.401,7.582,7.709,7.877,8.054,8.210,8.363,8.521,
1,15,0.114,0.273,0.447,0.721,0.900,1.048,1.197,1.362,1.529,1.667,1.828,1.981,2.120,2.271,2.428,2.586,2.734,2.901,3.056,3.218,3.356,3.521,3.678,3.849,3.987,4.147,4.312,4.480,4.635,4.795,4.941,5.114,5.307,5.433,5.583,5.734,5.897,6.060,6.226,6.389,6.541,6.696,6.860,6.998,7.183,7.401,7.544,7.711,7.876,8.040,8.214,8.387,8.555,8.743,8.947,9.122,9.294,9.433,
1,16,0.057,0.244,0.423,0.604,0.705,0.864,1.038,1.179,1.355,1.521,1.641,1.803,1.973,2.121,2.286,2.452,2.600,2.772,2.909,3.088,3.242,3.417,3.578,3.724,3.889,4.057,4.212,4.352,4.532,4.698,4.844,5.023,5.198,5.322,5.483,5.657,5.832,6.001,6.174,6.325,6.498,6.662,6.842,7.046,7.179,7.360,7.541,7.680,7.838,8.024,8.175,8.331,8.491,8.671,8.814,8.980,9.171,9.317,9.476,9.615,9.775,9.928,10.102,10.271,10.362,10.552,10.740,10.904,11.072,11.241,11.417,11.588,11.759,11.924,12.075,12.244,12.405,12.570,12.717,12.913,13.093,13.272,13.435,13.601,13.790,13.945,14.113,14.404,
1,17,0.047,0.212,0.400,0.585,0.720,0.890,1.051,1.227,1.376,1.554,1.724,1.913,2.056,2.235,
1,18,0.059,0.389,0.545,0.705,0.866,1.033,1.184,1.333,1.484,1.652,1.815,1.988,2.152,2.287,2.442,2.602,2.774,2.922,3.073,3.242,3.408,3.553,3.720,3.891,4.039,4.210,4.360,4.544,4.700,4.851,5.025,5.175,5.363,5.491,5.651,5.817,5.977,6.159,6.318,6.525,6.681,6.825,7.001,7.169,7.343,7.484,7.672,7.837,7.991,8.143,8.274,8.445,8.613,8.767,8.937,9.086,9.260,9.408,9.543,9.707,
1,19,0.059,0.219,0.386,0.541,0.697,0.870,1.026,1.172,1.324,1.483,1.653,1.819,1.992,2.149,2.319,2.482,2.654,2.813,2.953,3.120,3.270,3.438,3.577,3.735,3.911,4.082,4.271,4.419,4.583,4.869,5.043,5.209,5.375,5.551,5.696,5.888,6.049,6.247,6.423,6.572,6.745,6.937,7.082,7.243,7.584,7.659,7.818,8.023,8.312,8.458,8.640,8.802,8.961,
1,20,0.083,0.272,0.449,0.612,0.784,0.982,1.146,1.297,1.455,1.646,1.897,2.075,2.243,2.397,2.543,2.718,2.897,3.033,3.186,3.483,3.667,3.838,4.014,4.177,4.348,4.514,4.677,4.833,4.988,5.168,5.349,5.532,5.697,5.867,6.037,6.211,6.405,6.545,6.703,6.866,7.050,7.235,7.399,7.563,7.701,7.899,8.070,8.241,8.403,8.556,8.723,8.860,
1,21,0.157,0.330,0.523,0.672,1.000,1.163,1.335,1.523,1.663,1.955,2.095,2.230,2.405,2.561,2.678,2.897,3.185,3.325,3.473,3.654,3.836,4.025,4.169,4.317,4.471,4.656,4.840,5.025,5.208,5.392,5.684,5.868,6.048,6.244,
1,22,0.117,0.266,0.418,0.549,0.689,0.848,0.968,1.097,1.263,1.412,1.584,1.714,1.841,1.988,2.147,2.313,2.484,2.647,2.764,2.898,3.046,3.207,3.398,3.557,3.697,3.854,4.032,4.196,4.479,4.607,4.765,4.902,5.066,5.243,5.416,5.574,5.737,5.899,6.043,6.214,6.399,6.566,6.749,6.912,7.075,7.243,7.428,7.697,7.853,8.026,8.214,8.390,8.551,8.739,8.997,9.150,9.302,9.466,9.636,9.827,9.987,10.152,10.329,10.518,10.671,10.839,10.950,11.107,11.268,
1,23,0.085,0.330,0.617,0.846,1.056,1.267,1.462,1.654,1.869,2.079,2.299,2.524,2.715,2.953,3.142,3.376,3.589,3.775,3.939,4.299,
1,24,0.236,0.444,0.638,0.846,1.077,1.300,1.501,1.700,1.891,2.089,2.301,2.463,2.678,2.871,3.062,3.250,3.446,3.656,3.840,4.025,4.176,
1,25,0.118,0.339,0.525,0.716,0.925,1.097,1.271,1.509,1.684,1.877,2.068,2.244,2.442,2.643,2.823,3.071,3.224,3.594,3.814,3.978,4.181,4.394,4.581,4.782,4.993,5.205,5.416,5.603,5.805,6.002,6.189,
1,26,0.124,0.313,0.522,0.704,0.901,1.088,1.296,1.428,1.618,1.807,1.991,2.174,2.364,2.523,2.738,3.043,3.393,3.579,3.773,3.941,4.114,4.242,4.439,4.640,4.821,5.024,5.190,5.337,5.491,5.678,5.894,6.066,6.249,6.455,6.656,6.863,7.071,7.275,7.472,7.666,7.854,8.055,8.259,8.448,8.642,8.857,9.045,9.242,9.428,
1,27,0.150,0.369,0.540,0.747,0.923,1.052,1.397,1.597,1.764,1.927,2.095,2.264,2.441,2.648,2.828,3.015,3.202,3.408,3.658,3.850,4.045,4.265,4.463,4.666,4.916,5.231,5.440,5.649,5.899,6.126,6.350,6.565,6.773,6.961,7.150,7.340,7.527,7.734,7.937,8.150,8.351,8.554,8.746,8.948,9.161,9.356,9.569,9.771,9.983,10.171,10.375,10.567,10.768,
1,28,0.055,0.249,0.457,0.673,0.907,1.115,1.338,1.557,1.772,1.975,2.193,2.396,2.611,2.934,3.167,3.390,3.602,3.815,4.025,4.269,4.485,4.672,4.910,5.100,5.336,5.549,5.776,5.976,6.197,6.415,6.610,6.820,7.020,7.247,7.444,7.657,7.854,8.087,8.310,8.524,8.748,8.933,9.148,9.341,9.553,
1,29,0.097,0.338,0.541,0.770,0.974,1.193,1.455,1.671,1.918,2.166,
1,30,0.279,0.678,0.901,1.084,1.297,1.524,1.750,2.040,2.268,2.483,2.682,2.912,3.152,3.400,3.662,3.909,4.142,4.386,4.619,4.831,4.999,5.224,5.457,5.672,5.858,6.100,6.305,6.535,6.734,6.953,7.166,7.399,7.609,7.830,8.053,
1,31,0.061,0.299,0.517,0.707,0.901,1.084,1.290,1.618,1.829,2.028,2.252,2.419,2.652,2.837,3.050,3.248,3.457,3.674,3.893,4.120,4.318,4.526,4.728,4.947,5.136,5.356,5.576,5.782,6.001,6.203,6.419,6.637,6.849,7.065,7.271,7.500,7.720,7.938,8.165,8.377,8.585,8.793,9.021,9.224,9.432,9.616,
1,32,0.173,0.389,0.591,0.801,1.023,1.234,1.458,1.662,1.890,2.103,2.322,2.500,2.708,2.937,3.355,3.592,3.778,4.024,4.147,4.351,4.585,4.810,5.025,5.251,5.497,5.724,5.936,6.173,6.412,6.646,6.866,7.100,7.349,7.589,7.838,8.074,8.323,8.555,8.804,9.039,9.281,9.527,9.739,9.983,10.212,
1,33,0.048,0.264,0.490,0.714,0.942,1.157,1.398,1.602,1.836,2.064,2.288,2.529,2.765,2.967,3.212,3.421,3.655,3.899,4.116,4.332,4.560,4.773,5.016,5.230,5.464,5.696,5.903,6.116,6.326,6.551,6.777,7.020,7.241,7.464,7.693,7.923,8.154,8.384,8.599,8.837,9.067,9.302,9.550,9.790,10.018,10.233,10.483,
1,34,0.191,0.413,0.651,0.861,1.111,1.334,1.562,1.778,2.018,2.227,2.435,2.667,2.875,3.102,3.308,3.534,3.749,3.952,4.177,4.386,4.608,4.818,5.023,5.239,5.447,5.622,5.887,6.079,6.305,6.520,6.733,6.928,7.154,7.339,7.555,7.788,8.021,8.214,8.427,8.647,8.888,9.103,
1,35,0.445,0.662,0.868,1.088,1.305,1.520,1.752,1.972,2.205,2.430,2.640,2.847,3.068,3.271,3.488,3.703,3.920,4.141,4.357,4.580,4.808,5.031,5.272,5.500,5.722,5.947,6.180,
1,36,0.176,0.404,0.642,0.847,1.070,1.288,1.526,1.726,1.952,2.184,
1,37,0.173,0.423,0.654,0.892,1.113,1.329,1.577,1.805,2.024,2.392,2.609,2.803,3.034,3.248,3.462,3.662,3.875,4.098,4.316,4.547,4.742,4.980,5.205,5.435,5.656,5.870,6.084,6.307,6.525,6.740,6.966,7.189,7.412,7.645,7.864,8.082,8.300,8.521,8.748,8.982,9.195,9.430,9.646,
1,38,0.076,0.311,0.516,0.803,1.016,1.219,1.428,1.649,1.870,2.082,2.289,2.517,2.731,2.954,3.182,3.404,3.598,3.787,4.017,4.210,4.416,4.651,4.858,5.126,5.336,5.540,5.768,5.970,6.169,6.385,6.591,6.807,7.019,7.226,7.461,7.724,7.910,8.136,
1,39,,
1,40,0.058,0.234,0.400,0.586,0.767,0.920,1.064,1.279,1.482,1.688,1.872,2.055,2.227,2.406,2.616,2.807,2.985,3.164,3.351,3.525,3.713,3.931,4.127,4.335,4.519,4.738,4.948,5.148,5.348,5.568,5.790,6.020,6.211,6.413,6.616,6.831,7.020,7.195,7.403,7.604,7.790,7.984,8.157,8.352,8.582,8.771,8.946,9.151,9.347,9.565,9.771,9.973,10.173,
1,41,0.123,0.300,0.487,0.687,0.844,1.053,1.228,1.416,1.593,1.786,1.996,2.226,2.417,2.610,2.809,2.983,3.182,3.368,3.532,3.735,3.918,4.110,4.292,4.532,4.715,4.904,5.084,5.280,5.451,5.711,5.906,6.111,6.285,6.476,6.672,6.867,7.080,7.298,7.526,7.746,7.945,8.163,
1,42,0.080,0.281,0.457,0.645,0.843,1.039,1.214,1.418,1.615,1.782,1.970,2.143,2.334,2.523,2.688,2.866,3.052,3.273,3.439,3.640,3.822,4.023,4.218,4.397,4.580,4.774,4.965,5.127,5.296,5.486,5.700,5.874,6.095,
1,43,0.200,0.398,0.578,0.764,0.969,1.177,1.346,1.518,1.679,1.845,2.052,2.262,2.454,2.620,2.792,2.963,3.160,3.327,3.516,3.668,3.846,4.016,4.230,4.396,4.592,4.778,4.955,5.147,5.329,5.517,5.696,5.897,6.082,6.276,6.455,6.647,6.826,7.021,7.212,7.398,7.581,7.764,7.952,8.123,8.294,
1,44,0.117,0.307,0.520,0.685,0.875,1.081,1.283,1.481,1.675,1.887,2.082,2.283,2.448,2.693,2.874,3.068,3.244,3.426,3.612,3.803,4.001,4.157,4.349,4.548,4.742,4.945,5.111,5.318,5.535,5.746,5.935,6.105,6.324,6.522,6.709,6.895,7.100,7.297,7.495,7.718,7.914,8.110,
1,45,0.032,0.195,0.377,0.572,0.752,1.072,1.230,1.409,1.589,1.770,1.949,2.147,2.323,2.528,2.745,2.974,3.173,3.368,3.561,3.741,3.931,4.105,4.329,4.521,4.704,4.898,5.049,5.248,5.445,5.608,5.830,5.983,6.244,6.433,6.599,6.783,6.959,7.169,7.356,7.548,7.766,7.909,8.111,8.280,8.457,8.623,8.808,
1,46,0.041,0.204,0.398,0.566,0.749,0.916,1.110,1.281,1.450,1.641,1.823,2.025,2.196,2.392,2.541,2.729,2.961,3.101,3.310,3.484,3.690,3.942,4.116,4.313,4.492,
1,47,0.195,0.399,0.593,0.775,0.945,1.288,1.448,
1,48,0.103,0.283,0.467,0.696,0.902,1.082,1.266,1.455,1.649,1.849,2.023,2.224,
1,49,0.109,0.335,0.532,0.743,0.944,1.149,1.364,1.569,1.764,1.986,2.207,2.405,2.643,2.842,3.044,3.237,3.451,3.663,3.871,4.060,4.281,4.482,4.703,4.894,5.096,5.308,5.511,5.718,5.919,6.121,6.314,6.545,6.748,6.966,7.187,7.399,7.645,7.842,8.057,8.262,8.462,8.666,8.896,9.100,9.314,9.525,
1,50,0.071,0.321,0.536,0.744,0.967,1.182,1.435,1.640,1.906,2.119,2.330,2.547,2.771,3.021,3.231,3.464,3.670,3.888,4.073,4.291,4.475,4.670,4.908,5.139,5.353,5.561,5.797,6.022,6.233,
1,51,0.190,0.389,0.626,0.847,1.042,1.273,1.448,1.659,1.871,2.109,2.345,2.547,2.774,2.991,3.188,3.390,3.607,3.833,4.039,4.248,4.474,4.688,4.916,5.141,5.351,5.557,5.781,6.025,6.225,
1,52,0.110,0.302,0.515,0.712,0.921,1.109,1.312,1.516,1.708,2.060,2.252,2.451,2.649,2.840,3.043,3.231,3.415,3.650,3.830,4.051,4.277,
1,53,0.090,0.273,0.500,0.726,0.929,1.153,1.362,1.568,1.791,1.999,2.202,2.420,2.641,2.838,3.057,3.275,3.475,3.690,3.901,4.106,4.323,4.529,4.745,4.968,5.179,5.392,5.604,5.810,6.029,6.232,6.447,6.660,6.865,7.091,7.299,7.510,7.722,7.938,8.161,8.397,8.644,8.859,9.074,9.296,9.513,9.738,9.935,10.144,
1,54,0.286,0.496,0.694,0.900,1.085,1.306,1.490,1.714,1.930,2.150,2.356,
1,55,0.216,0.398,0.599,0.807,1.025,1.228,1.451,1.645,1.847,2.055,2.262,2.467,2.683,2.915,3.105,3.316,3.516,3.713,3.913,4.146,
1,56,0.172,0.362,0.578,0.811,1.027,1.234,1.440,1.651,1.871,2.080,2.302,
1,57,0.048,0.265,0.476,0.692,0.898,1.089,1.300,1.515,1.724,1.948,2.149,2.339,2.543,2.776,2.966,3.193,3.409,3.611,3.823,4.036,4.247,4.451,4.650,4.855,5.044,5.230,5.441,5.657,5.891,6.151,6.394,6.617,6.829,7.060,7.293,7.518,7.706,7.917,8.135,8.347,8.565,8.813,9.031,9.269,9.435,9.645,9.831,
1,58,0.127,0.369,0.605,0.821,1.028,1.238,1.448,1.747,1.951,2.180,2.400,2.639,2.848,3.089,3.351,3.533,3.805,4.033,4.238,4.456,4.689,4.906,5.115,5.318,5.570,5.774,6.024,6.212,
1,59,0.100,0.332,0.552,0.747,0.956,1.182,1.395,1.623,1.895,2.094,2.303,2.521,2.728,2.972,3.205,3.437,3.646,3.875,4.088,4.303,4.520,4.736,4.977,5.214,5.409,5.647,6.025,6.264,6.459,6.696,6.912,7.160,7.398,7.648,7.875,8.148,8.365,8.579,8.810,9.053,9.287,9.533,9.795,10.031,
1,60,0.034,0.247,0.468,0.688,0.918,1.149,1.369,1.601,1.825,2.053,2.305,2.536,2.769,2.981,3.210,3.456,3.671,3.908,4.146,4.350,4.573,4.816,5.024,5.236,5.422,5.665,5.896,6.108,6.362,6.582,6.807,7.038,7.246,7.467,7.677,7.919,8.191,8.395,8.638,8.845,9.051,9.284,9.502,9.725,9.927,10.139,10.363,10.569,
1,61,0.095,0.324,0.556,0.784,1.020,1.240,1.469,1.697,1.928,2.159,2.387,2.611,2.827,3.055,3.303,3.536,3.771,3.980,4.221,4.442,4.656,4.872,5.108,5.296,5.522,5.741,5.971,6.209,
1,62,0.096,0.297,0.529,0.741,0.961,1.189,1.401,1.613,1.829,2.072,
1,63,0.116,0.312,0.523,0.706,0.902,1.101,1.322,1.530,1.773,1.971,2.179,2.390,2.573,2.777,2.974,3.180,3.391,3.583,3.799,4.025,4.219,4.418,4.641,4.841,5.072,5.275,5.477,5.696,5.892,6.038,6.226,6.540,6.653,6.820,6.986,7.172,7.393,7.581,7.769,7.969,8.180,8.360,8.581,8.786,8.987,9.190,9.363,9.540,
1,64,0.251,0.520,0.770,0.945,1.149,1.590,1.771,1.955,2.165,
1,65,0.301,0.595,0.731,0.986,1.222,1.475,1.740,1.961,2.188,2.414,2.626,3.056,3.299,3.465,3.660,3.890,4.095,4.308,4.524,4.746,4.990,5.325,5.482,5.692,5.901,6.106,6.329,
1,66,0.029,0.235,0.446,0.646,0.854,1.032,1.230,1.446,1.646,1.859,2.030,2.222,2.406,2.605,2.804,2.995,3.207,3.404,3.647,3.859,
1,67,0.087,0.312,0.521,0.712,0.950,1.197,1.377,1.553,1.749,1.911,2.110,2.295,2.521,2.717,2.918,3.142,3.353,3.542,3.782,4.022,
1,68,0.216,0.417,0.610,0.797,0.977,1.195,1.373,1.557,1.746,1.913,2.126,2.304,2.482,2.681,2.834,3.028,3.176,3.360,3.522,3.778,3.973,4.145,4.333,4.494,4.665,4.797,4.956,5.139,5.321,5.519,5.687,5.869,6.026,6.199,6.371,6.552,6.721,6.896,7.044,7.202,7.358,7.530,7.697,7.887,8.050,
1,69,0.036,0.235,0.406,0.620,0.770,0.940,1.104,1.270,1.445,1.620,1.797,1.964,2.141,2.342,2.550,
1,70,0.053,0.232,0.467,0.665,0.853,1.047,1.221,1.414,1.591,1.782,1.937,2.124,
1,71,0.107,0.296,0.476,0.643,0.828,1.010,1.321,1.498,1.678,1.844,2.027,2.208,2.355,2.586,2.763,2.936,3.106,3.263,3.644,3.833,4.016,4.199,4.395,4.582,4.762,4.957,5.149,5.347,5.532,5.668,5.869,6.079,6.277,6.482,6.658,6.823,7.032,7.220,7.431,7.653,7.851,8.070,8.250,8.438,8.609,8.792,8.920,9.075,9.276,9.460,9.651,9.850,10.042,10.231,10.442,10.648,10.811,11.015,11.212,11.405,11.597,11.792,11.969,12.187,12.405,12.608,
1,72,0.058,0.274,0.471,0.656,0.866,1.047,1.244,1.440,1.645,1.817,2.028,2.201,2.404,2.608,2.805,3.009,3.212,3.393,3.580,3.767,3.966,4.163,4.345,4.555,4.749,4.944,5.123,5.319,5.510,5.700,5.894,6.084,6.289,6.481,6.681,6.894,7.069,7.271,7.447,7.651,7.895,8.080,8.285,8.477,8.677,8.871,9.082,9.269,9.471,9.675,9.896,10.083,10.316,10.513,10.720,10.908,11.146,11.331,11.540,11.763,11.968,12.179,
1,73,0.193,0.422,0.610,0.801,0.978,1.179,1.400,1.584,1.767,1.971,2.173,2.368,2.569,2.812,2.991,3.185,3.387,3.587,3.781,3.994,4.199,4.376,4.582,4.768,4.961,5.147,5.355,5.531,5.733,5.925,6.121,6.328,
1,74,0.099,0.274,0.445,0.641,0.826,1.031,1.188,1.395,1.590,1.775,1.983,2.176,2.369,2.555,2.759,2.926,3.126,3.325,3.509,3.736,3.910,4.125,4.338,
1,75,0.166,0.345,0.556,0.771,0.971,1.165,1.362,1.588,1.772,1.954,2.139,2.347,2.542,2.743,2.938,3.139,3.334,3.535,3.706,3.902,4.094,4.273,4.477,4.660,4.862,5.058,5.273,5.466,5.666,5.852,6.027,6.217,6.397,6.617,6.781,7.001,7.173,7.363,7.559,7.775,7.936,8.142,8.334,8.525,8.708,8.916,9.101,9.298,9.494,9.667,9.865,10.044,10.226,
1,76,0.319,0.550,0.740,0.944,1.165,1.362,1.582,1.792,1.991,2.205,2.401,2.617,2.822,3.040,3.247,3.450,3.666,3.884,4.075,4.283,4.466,4.676,4.902,5.077,5.296,5.490,5.702,5.900,6.095,6.444,6.654,6.855,7.079,7.282,7.520,7.722,7.938,8.153,8.358,8.573,8.787,8.996,9.210,9.413,9.627,9.839,10.027,10.210,
1,77,0.206,0.394,0.611,0.828,1.031,1.243,1.449,1.660,1.863,2.060,2.269,2.415,2.649,2.857,3.054,3.240,3.423,3.626,3.811,4.013,4.207,4.396,4.611,4.786,5.013,5.208,5.431,5.657,5.901,6.092,6.325,6.541,6.784,6.977,7.187,7.401,7.622,7.848,8.066,
1,78,0.216,0.466,0.648,0.873,1.089,1.265,1.495,1.700,1.949,2.166,2.373,2.566,2.772,2.950,3.149,3.349,3.546,3.766,4.016,4.217,4.468,4.713,4.923,5.133,5.328,5.528,5.727,6.059,6.270,6.465,6.688,6.921,7.151,7.361,7.599,7.824,8.070,8.295,8.522,8.781,9.019,9.181,9.385,9.569,9.769,9.961,10.155,
1,79,0.031,0.265,0.515,0.726,0.936,1.173,1.402,1.649,1.837,2.043,2.240,2.480,2.728,2.936,3.159,3.399,3.602,3.803,4.016,4.217,
1,80,0.226,0.422,0.648,0.842,1.046,1.265,1.472,1.690,1.898,2.114,2.304,2.525,2.765,2.974,3.181,3.399,3.607,3.829,4.022,4.240,4.459,4.669,4.859,5.073,5.289,5.517,5.713,5.932,6.145,6.334,6.556,6.767,6.969,7.183,7.389,7.616,7.809,8.033,8.268,8.480,8.690,8.914,9.124,9.344,9.546,9.748,9.944,10.152,10.386,10.609,10.803,11.000,
1,81,0.202,0.411,0.634,0.856,1.077,1.284,1.497,1.708,1.914,2.139,2.319,2.533,2.768,2.959,3.145,3.354,3.553,3.781,3.984,4.201,4.400,4.623,4.836,5.083,5.270,5.488,5.714,5.932,6.137,6.338,6.562,6.788,6.985,7.185,7.394,7.604,7.835,8.063,
1,82,0.053,0.272,0.455,0.687,0.899,1.108,1.325,1.532,1.745,1.972,2.157,2.389,2.606,2.825,3.037,3.236,3.432,3.640,3.830,4.073,4.291,4.501,4.702,4.910,5.147,5.326,5.552,5.774,5.967,6.181,
1,83,0.171,0.365,0.564,0.744,0.926,1.104,1.297,1.470,1.666,1.894,2.074,2.295,2.471,2.701,2.861,3.067,3.251,3.442,3.628,3.803,4.012,4.218,4.423,4.629,4.776,5.002,5.175,5.396,5.578,5.780,5.972,6.201,
1,84,0.181,0.394,0.589,0.742,0.971,1.122,1.335,1.515,1.707,1.917,2.080,2.295,2.496,2.702,2.903,3.090,3.266,3.462,3.679,3.849,4.045,4.229,4.436,4.646,4.825,5.013,5.237,5.400,5.580,5.777,5.973,6.189,6.397,6.575,6.764,6.968,7.179,7.398,7.563,7.801,7.984,8.170,8.415,8.666,8.865,9.050,9.238,9.425,9.620,9.808,10.016,10.198,10.406,10.607,10.830,11.073,11.281,
1,85,0.151,0.362,0.601,0.787,0.925,1.076,1.223,1.336,1.461,1.652,1.839,2.018,2.190,2.385,2.545,2.704,2.859,3.046,3.306,3.404,3.585,3.746,3.964,4.056,4.239,4.415,4.586,4.773,4.961,5.143,5.321,5.520,5.736,5.940,6.153,6.425,6.621,6.788,6.975,7.163,7.387,7.570,7.771,7.991,8.167,8.360,8.551,8.736,8.936,9.121,9.318,9.522,9.714,9.917,10.108,10.299,10.502,10.698,10.892,11.094,11.282,11.490,
1,86,0.088,0.313,0.513,0.707,0.913,1.113,1.287,1.513,1.677,1.877,2.087,2.263,2.454,2.667,3.031,3.236,3.457,3.622,3.870,4.084,4.250,4.422,4.619,4.816,4.993,5.205,5.398,5.599,5.820,6.015,6.213,6.416,6.611,6.810,7.016,7.206,7.403,7.599,7.776,7.973,8.172,8.362,8.529,8.741,8.929,9.125,9.296,9.517,9.704,9.915,10.064,10.251,10.430,10.624,10.821,11.018,11.233,11.416,11.611,
1,87,0.069,0.247,0.453,0.640,0.811,0.996,1.180,1.365,1.590,1.736,1.917,2.110,
1,88,0.027,0.205,0.394,0.567,0.761,0.933,1.125,1.312,1.511,1.676,1.860,2.052,2.228,2.427,2.648,2.842,3.012,3.229,3.405,3.612,3.810,3.998,4.199,4.396,4.578,4.782,4.994,5.172,5.396,5.572,5.775,5.965,6.146,6.335,6.513,6.728,6.945,7.159,7.376,7.584,7.783,8.000,8.199,8.401,8.613,8.820,9.031,9.232,9.433,9.627,9.837,10.042,10.235,10.435,10.622,10.841,11.044,11.235,
1,89,0.085,0.298,0.471,0.658,0.860,1.073,1.239,1.437,1.616,1.814,1.962,2.152,2.492,2.678,2.867,3.022,3.149,3.316,3.516,3.706,3.968,4.173,4.366,4.597,4.828,5.053,5.267,5.517,5.734,5.972,6.219,6.482,6.713,6.935,7.157,7.414,7.661,7.975,8.193,8.385,8.611,8.798,8.962,9.147,9.339,9.684,9.850,10.019,
1,90,0.039,0.181,0.681,0.930,1.246,1.420,1.583,1.746,1.910,2.070,2.233,2.383,2.539,2.685,2.838,2.989,3.175,3.360,3.517,3.683,3.836,4.042,4.213,4.392,4.567,4.768,4.955,5.164,5.372,5.560,5.725,5.908,6.088,6.269,6.446,6.642,6.890,6.975,7.149,7.335,7.544,7.736,7.873,8.049,8.212,8.375,8.579,8.931,9.094,9.322,9.468,9.687,9.869,10.027,10.202,10.316,10.524,10.698,10.852,10.980,
1,91,0.116,0.281,0.460,0.591,0.712,0.873,1.031,1.337,1.495,1.671,1.837,2.025,2.167,2.434,2.592,2.759,2.922,3.067,3.231,3.396,3.549,3.680,3.864,4.029,4.192,
3,1,0.168,0.316,0.448,0.589,0.734,0.870,1.018,1.164,1.303,1.438,1.579,1.711,1.866,2.018,2.145,2.275,2.406,2.541,2.706,2.852,2.994,3.135,3.272,3.493,3.654,3.805,4.096,4.299,4.434,4.583,4.748,4.925,5.049,5.199,5.520,5.836,6.020,6.197,6.403,6.665,6.832,6.997,7.161,7.330,7.525,7.701,7.888,8.048,8.210,8.388,8.521,8.690,8.873,9.034,9.194,9.363,9.547,9.703,9.868,10.203,10.389,10.550,10.706,10.859,11.051,11.243,
3,2,0.106,0.296,0.482,0.649,0.846,1.002,1.195,1.396,1.574,1.763,1.952,2.093,2.240,2.406,2.559,2.723,2.873,3.020,3.159,3.310,3.424,3.679,3.830,3.971,4.127,4.320,4.471,4.691,4.853,5.029,5.180,5.444,5.648,5.792,6.001,6.222,6.399,6.542,6.718,6.899,7.045,7.191,7.336,7.477,7.649,7.781,7.916,8.064,8.216,8.349,
3,3,0.043,0.205,0.371,0.651,0.817,0.913,1.064,1.322,1.572,
3,4,0.125,0.276,0.454,0.687,0.872,1.042,1.213,1.377,1.532,1.676,1.816,1.939,2.084,2.242,2.424,2.597,2.761,2.923,3.095,3.262,3.437,3.624,3.798,3.992,4.149,4.325,4.495,4.687,4.857,5.041,5.217,5.421,5.589,5.796,5.959,6.146,6.311,6.513,6.693,6.907,7.055,7.216,7.427,7.580,7.811,7.998,8.182,8.373,8.578,8.768,8.988,9.195,9.398,9.593,9.780,9.982,10.183,
3,5,0.213,0.419,0.647,0.897,1.147,1.327,1.538,1.764,1.993,2.199,2.401,2.648,2.923,3.165,3.377,3.618,3.826,4.043,4.282,
3,6,0.068,0.307,0.485,0.680,0.907,1.116,1.332,1.577,1.785,1.995,2.213,2.412,2.645,2.853,3.033,3.241,3.471,3.655,3.842,4.034,4.219,4.418,4.613,4.810,5.019,5.194,5.395,5.603,5.801,6.020,6.187,6.387,6.589,6.953,7.158,7.340,7.521,7.703,7.897,8.109,8.271,8.453,8.788,8.968,9.165,9.345,9.522,9.702,9.870,10.066,10.279,
3,7,0.195,0.337,0.627,0.769,0.903,1.043,1.164,1.295,1.454,1.701,1.929,2.112,2.267,2.442,2.598,2.767,2.939,3.118,3.284,3.517,3.680,3.851,4.033,4.233,4.574,4.768,4.901,5.060,5.217,5.392,5.550,5.778,5.986,6.167,6.369,6.548,6.718,6.910,7.084,7.286,7.588,7.769,8.034,8.179,8.353,8.520,8.671,8.819,8.957,9.098,9.270,9.435,9.606,9.790,9.971,10.158,10.329,
3,8,0.160,0.357,0.536,0.717,0.903,1.089,1.274,1.458,1.615,1.792,1.980,2.148,2.334,2.532,2.732,2.941,3.126,3.344,3.490,3.676,3.871,4.058,4.301,4.476,4.643,4.842,5.219,5.399,5.596,5.780,5.984,6.251,6.425,6.613,6.762,6.928,7.126,7.241,7.406,7.562,7.763,7.936,8.091,8.261,8.434,8.612,8.895,9.167,9.355,9.551,9.726,9.895,10.087,10.262,10.437,10.645,10.818,10.972,11.183,11.357,11.538,
3,9,0.071,0.273,0.426,0.609,0.827,1.070,1.273,1.443,1.650,1.835,2.027,2.217,2.407,2.588,2.789,2.976,3.171,3.316,3.556,3.717,3.918,4.121,4.339,4.538,
3,10,0.058,0.267,0.454,0.651,0.841,1.028,1.220,1.406,1.594,1.778,1.975,2.196,
3,11,0.097,0.272,0.392,0.544,0.722,0.889,1.101,1.272,1.389,1.535,1.688,1.987,2.203,2.458,2.640,2.812,2.971,3.169,3.324,3.432,3.579,3.735,3.905,4.140,4.315,4.464,4.781,4.899,5.036,5.165,5.403,5.554,5.804,5.915,6.024,6.173,6.325,6.494,6.615,6.830,7.094,7.275,7.436,7.607,7.795,8.009,8.245,8.420,8.594,8.710,8.896,9.157,9.375,9.556,9.786,9.964,10.150,10.397,10.593,10.893,
3,12,0.049,0.322,0.483,0.666,0.829,0.994,1.188,1.400,1.608,1.767,1.996,2.162,2.338,2.517,2.673,
3,13,0.150,0.343,0.534,0.700,0.896,1.079,1.277,1.445,1.641,1.822,2.045,2.213,2.396,2.569,2.822,3.018,3.191,3.419,3.545,3.704,3.895,4.002,4.323,4.497,4.926,5.063,5.333,5.603,5.804,5.959,6.117,6.270,6.425,6.496,6.649,6.809,6.979,7.146,7.302,7.538,7.697,8.002,8.198,8.352,8.488,8.627,8.798,8.937,9.112,9.291,9.446,9.595,9.863,10.056,10.205,
3,14,0.067,0.242,0.412,0.570,0.764,0.959,1.160,1.343,1.542,1.744,1.913,2.107,2.268,2.440,2.602,2.765,2.935,3.104,3.272,3.406,3.624,3.798,3.968,4.156,4.332,4.516,4.708,4.854,5.048,5.240,5.436,5.620,5.823,6.017,6.197,6.517,6.692,6.876,7.061,7.475,7.681,7.866,8.067,8.275,8.477,8.659,8.851,9.033,9.223,9.400,9.595,9.772,9.952,10.135,10.323,10.519,10.684,10.860,
3,15,0.124,0.319,0.525,0.681,0.892,1.080,1.259,1.449,1.643,1.835,2.014,2.204,2.410,2.581,2.762,2.952,3.123,3.336,3.492,3.663,3.844,4.010,4.103,4.273,4.453,4.669,4.856,5.043,5.237,5.412,5.622,5.813,6.018,6.243,6.446,6.649,6.826,7.033,7.262,7.476,7.692,7.896,8.094,8.284,8.499,8.715,8.906,9.146,9.326,9.560,9.752,9.960,10.182,
3,16,0.036,0.240,0.406,0.582,0.772,0.928,1.096,1.289,1.478,1.657,1.852,2.083,2.264,2.461,2.665,2.848,3.050,3.264,3.446,3.651,
3,17,0.109,0.288,0.454,0.764,0.917,1.090,1.238,1.376,1.514,1.648,1.779,1.910,2.052,2.180,2.307,
3,18,0.211,0.294,0.426,0.583,0.724,0.863,1.001,1.141,1.287,1.741,1.935,2.101,2.284,2.499,2.659,2.824,2.993,3.098,3.275,3.525,3.652,3.892,4.050,4.312,4.420,4.558,4.711,4.966,5.115,5.396,5.559,5.739,5.908,6.083,
3,19,0.033,0.195,0.365,0.498,0.622,0.945,1.087,1.272,1.426,1.569,1.722,1.865,2.017,2.154,2.295,2.426,2.533,2.689,2.826,2.972,3.145,3.282,3.417,3.575,3.761,3.895,4.035,4.189,4.317,4.464,4.645,4.815,4.931,5.088,5.262,5.420,5.584,5.787,5.969,6.146,6.301,6.480,6.688,6.872,7.049,7.235,7.531,7.700,7.897,8.069,
3,20,0.331,0.527,0.697,0.853,1.010,1.183,1.366,1.548,1.722,1.941,2.109,2.320,2.527,2.730,
3,21,0.060,0.248,0.425,0.647,0.781,0.959,1.154,1.374,1.544,1.747,1.955,2.152,2.318,2.515,2.718,2.918,3.149,3.310,3.500,3.712,3.899,4.094,4.300,4.480,4.669,4.912,5.048,5.234,5.417,5.610,5.794,6.017,6.168,6.358,6.551,6.715,6.900,7.092,7.280,7.467,7.651,7.841,8.040,8.232,8.441,8.666,8.901,9.087,9.268,9.449,9.651,9.845,10.056,10.269,10.457,10.635,10.838,
3,22,0.031,0.187,0.372,0.680,0.841,1.014,1.176,1.325,1.573,1.670,1.957,2.069,2.220,2.370,2.515,2.765,2.965,3.149,3.310,3.473,3.649,3.793,3.944,4.149,4.309,4.478,4.649,4.823,5.016,5.215,5.427,5.650,5.823,6.026,6.189,6.400,6.611,6.817,7.017,7.197,7.562,7.710,7.918,8.094,8.292,8.490,8.681,8.885,9.268,9.451,9.642,9.833,10.022,10.224,10.417,10.602,10.799,
3,23,0.192,0.387,0.555,0.722,0.903,1.091,1.280,1.448,1.637,1.818,2.021,2.204,2.388,2.582,2.786,2.961,3.153,3.526,3.712,3.907,4.114,4.372,4.522,4.713,4.892,5.083,5.272,5.480,5.686,5.896,6.063,6.273,6.453,6.655,6.827,7.023,7.215,7.393,7.653,7.847,8.030,8.243,8.445,8.641,8.840,9.034,9.229,9.430,9.641,10.025,10.245,10.428,10.642,10.841,11.032,11.230,11.434,11.625,
3,24,0.080,0.267,0.450,0.648,0.831,1.024,1.205,1.401,1.621,1.795,1.983,2.166,2.337,2.528,2.715,2.885,3.065,3.244,3.422,3.610,3.798,4.019,4.209,4.427,4.781,4.979,5.169,5.603,5.779,5.976,6.151,6.351,6.559,6.682,6.855,7.058,7.270,7.460,7.641,7.840,8.050,8.271,8.431,8.624,8.842,9.021,9.225,9.428,9.638,9.833,10.022,10.210,10.406,10.583,10.775,10.956,11.139,11.351,11.540,11.720,
3,25,0.086,0.297,0.518,0.711,0.934,1.135,1.335,1.546,1.769,1.982,2.221,2.479,2.680,2.914,3.136,3.351,3.569,3.780,4.001,4.185,4.432,4.637,4.867,5.062,5.277,5.489,5.673,5.874,6.082,6.281,6.497,6.704,6.946,7.138,7.360,7.584,7.794,7.994,8.204,8.422,8.639,8.843,9.059,9.276,9.494,9.706,9.946,10.186,10.399,10.640,10.852,11.071,11.280,
3,26,0.092,0.284,0.494,0.704,0.927,1.118,1.318,1.532,1.725,1.927,2.124,2.349,2.561,2.761,2.974,3.181,3.398,3.617,3.825,4.052,4.240,4.458,4.648,4.850,5.068,5.271,5.471,5.680,5.864,6.066,6.272,6.482,6.690,6.902,7.093,7.312,7.529,7.722,7.945,8.156,
3,27,0.039,0.441,0.657,0.844,1.052,1.250,1.448,1.667,1.890,2.090,2.301,2.496,2.697,2.894,3.081,3.274,3.464,3.648,3.845,4.044,4.226,4.437,4.615,4.807,5.008,5.236,5.414,5.610,5.827,6.011,6.202,6.392,6.591,6.788,6.987,7.196,7.393,7.608,7.833,8.056,8.277,8.472,8.710,8.907,9.144,9.325,9.540,9.747,9.941,10.159,10.346,10.561,10.761,10.955,11.159,11.371,11.571,11.776,12.011,
3,28,0.193,0.396,0.594,0.814,1.024,1.244,1.451,1.637,1.871,2.073,2.285,2.518,2.769,2.980,3.185,3.385,3.602,3.828,4.052,4.269,4.466,4.662,4.886,5.056,5.279,5.431,5.675,5.898,6.071,6.290,6.465,6.665,6.873,7.068,7.271,7.488,7.704,7.922,8.116,8.323,8.521,8.775,8.995,9.231,9.419,9.638,9.848,10.055,10.245,
