0,1,0.156,0.587,1.011,1.395,1.842,2.243,2.599,2.957,3.396,
0,1,0.188,0.427,0.647,0.876,1.082,1.305,1.519,1.733,1.942,2.155,2.365,2.564,2.770,2.956,3.148,3.341,3.527,3.722,3.921,4.101,4.287,4.474,4.661,4.843,5.050,5.246,5.443,5.638,5.830,6.024,6.271,6.459,6.648,6.833,7.022,7.189,7.388,7.581,7.782,7.983,8.176,8.392,8.586,8.772,8.967,9.146,9.336,9.526,9.715,9.900,10.082,10.277,10.458,10.652,10.810,
0,1,0.268,0.494,0.661,0.853,1.047,1.249,1.439,1.619,1.832,2.018,2.210,2.400,2.595,2.788,2.996,3.202,3.407,3.603,3.796,3.978,4.167,4.360,4.534,4.721,4.903,5.088,5.280,5.464,5.646,5.824,5.999,6.169,
0,1,0.268,0.441,0.623,0.793,0.971,1.150,1.315,1.486,1.663,1.835,2.019,2.173,2.340,2.519,2.696,2.875,3.054,3.221,3.396,3.571,3.724,3.905,4.061,4.227,4.396,4.562,4.742,4.839,4.997,5.188,5.373,5.538,5.688,5.830,
1,1,0.273,0.475,0.661,0.837,1.013,1.196,1.368,1.548,1.721,1.897,2.061,2.233,2.397,2.553,2.721,2.898,3.056,3.241,3.422,3.610,3.774,3.932,4.110,4.277,4.438,4.607,4.775,4.938,5.094,5.272,5.426,5.582,5.749,5.909,6.079,6.233,
1,2,0.149,0.313,0.475,0.650,0.803,0.958,1.122,1.281,1.434,1.611,1.767,1.961,2.104,2.270,2.447,2.603,2.770,2.943,3.100,3.267,3.428,3.599,3.787,3.957,4.134,4.300,4.468,4.626,4.800,4.963,5.152,5.281,5.471,5.635,5.805,5.980,6.155,6.313,
1,3,0.183,0.345,0.522,0.682,0.843,1.022,1.173,1.331,1.522,1.688,1.846,2.022,2.176,2.351,2.523,2.711,2.866,3.043,3.208,3.366,3.538,3.721,3.890,4.051,4.214,4.394,4.563,4.725,4.894,5.074,5.211,5.373,5.551,5.714,5.891,6.039,6.275,6.421,6.578,6.737,6.895,7.049,7.246,7.416,
1,4,0.275,0.456,0.642,0.807,0.973,1.142,1.305,1.466,1.642,1.793,1.971,2.143,2.316,
1,5,0.071,0.241,0.408,0.571,0.747,0.906,1.079,1.242,1.423,1.577,1.741,1.904,2.052,2.220,2.394,
1,6,0.486,0.650,0.821,0.995,1.165,1.336,1.517,1.671,1.839,2.018,2.169,2.339,2.518,2.657,2.817,2.970,3.127,3.303,3.468,3.635,3.805,3.984,4.152,4.316,4.474,4.635,4.794,4.970,5.136,5.299,5.460,5.636,5.776,5.937,6.103,
1,7,0.439,0.587,0.746,0.903,1.061,1.220,1.400,1.544,1.697,1.859,2.017,2.175,2.336,2.517,2.675,2.838,3.018,3.169,3.334,3.486,3.651,3.817,3.980,4.155,4.305,4.465,4.616,4.786,4.943,5.112,5.268,5.423,5.570,
1,8,0.102,0.265,0.410,0.566,0.736,0.898,1.069,1.227,1.398,1.537,1.710,1.853,2.019,2.168,2.361,2.516,2.676,2.842,3.000,3.189,3.352,3.526,3.688,3.857,4.024,4.194,
1,9,0.179,0.326,0.498,0.660,0.811,0.981,1.143,1.316,1.484,1.643,1.805,1.956,2.124,2.295,2.470,2.651,2.805,2.960,3.137,3.293,3.474,3.647,3.818,3.996,4.154,4.354,4.485,4.689,
1,10,0.079,0.243,0.415,0.581,0.752,0.923,1.081,1.265,1.428,1.576,1.765,1.938,2.149,2.288,2.459,2.649,2.793,2.958,3.124,3.288,3.466,3.650,3.808,3.971,4.150,4.308,4.474,4.650,4.809,4.959,5.141,5.289,5.462,5.651,5.743,
1,11,0.044,0.214,0.390,0.566,0.736,0.913,1.063,1.231,1.394,1.571,1.752,1.923,2.091,2.263,2.438,2.612,2.797,2.963,3.142,3.305,3.475,3.642,3.791,3.954,4.126,4.276,4.524,4.714,4.870,5.034,5.204,
1,12,0.063,0.246,0.427,0.605,0.772,0.939,1.103,1.279,1.443,1.612,1.797,1.975,2.139,2.324,2.492,2.670,2.837,3.001,3.185,3.351,3.533,3.694,3.856,4.033,4.194,
1,13,0.174,0.339,0.513,0.683,0.848,1.013,1.181,1.357,1.523,1.689,1.859,2.020,2.197,2.356,
1,14,0.225,0.397,0.558,0.731,0.900,1.058,1.223,1.391,1.549,1.726,1.891,2.051,2.216,2.391,2.547,2.720,2.892,3.059,3.219,3.392,3.552,3.717,3.902,4.067,4.235,4.392,4.563,4.729,4.873,5.048,5.203,5.375,5.539,5.689,5.833,5.997,6.143,6.287,
1,15,0.059,0.239,0.427,0.570,0.749,0.918,1.087,1.274,1.415,1.587,1.740,1.909,2.081,2.274,2.428,2.601,2.774,2.929,3.093,3.244,3.404,3.594,3.760,3.929,4.077,4.275,4.441,4.604,4.775,4.927,5.082,5.259,5.428,5.595,5.748,
1,16,0.101,0.261,0.409,0.559,0.724,0.902,1.089,1.262,1.422,1.598,1.765,1.937,2.109,2.289,2.442,2.646,2.762,2.933,3.090,3.263,3.421,3.602,3.778,3.943,4.105,4.242,4.421,4.587,
1,17,0.102,0.274,0.428,0.584,0.774,0.918,1.083,1.252,1.414,1.585,1.740,1.918,2.086,2.250,2.429,2.592,2.763,2.924,3.084,3.252,3.395,3.592,3.736,3.917,4.052,4.196,4.308,4.449,
1,18,0.031,0.198,0.350,0.536,0.686,0.861,1.011,1.194,1.353,1.525,1.683,1.986,2.152,2.305,2.466,2.623,2.771,2.952,3.118,3.288,3.454,3.607,3.763,3.896,4.017,
1,19,0.144,0.296,0.463,0.624,0.797,0.951,1.144,1.292,1.466,1.624,1.778,1.929,2.077,2.248,2.409,2.562,2.725,2.895,3.052,3.224,3.361,3.545,3.698,3.874,3.994,4.156,4.316,4.494,4.646,
1,20,0.036,0.201,0.375,0.520,0.682,0.820,0.996,1.150,1.308,1.468,1.615,1.784,1.945,2.107,2.267,2.417,2.615,2.774,2.953,3.105,3.268,3.418,3.594,3.719,
1,21,0.148,0.307,0.472,0.622,0.788,0.932,1.098,1.243,1.399,1.545,1.693,1.856,2.035,2.203,2.399,2.553,2.723,2.900,3.046,3.203,3.400,3.556,3.726,3.883,4.029,4.204,
1,22,0.332,0.486,0.649,0.823,0.993,1.149,1.322,1.491,1.671,1.830,2.002,2.171,2.337,2.516,2.686,2.846,3.020,3.178,3.344,3.513,3.669,3.811,3.983,4.147,4.306,4.459,4.617,4.797,4.919,5.098,5.264,5.415,5.596,5.749,5.910,6.044,6.166,
1,23,0.040,0.171,0.341,0.514,0.684,0.855,1.014,1.174,1.335,1.490,1.651,1.801,1.991,2.170,2.377,2.554,2.736,2.963,3.178,3.398,3.594,3.783,3.950,4.149,4.319,4.487,4.664,
1,24,0.229,0.400,0.587,0.789,0.983,1.200,1.399,1.591,1.790,2.018,2.208,2.405,2.572,2.768,2.927,3.099,3.268,3.470,3.639,3.813,3.987,4.177,4.348,4.535,4.691,4.840,5.026,5.248,
1,25,0.104,0.252,0.426,0.600,0.778,0.939,1.117,1.286,1.461,1.622,1.788,1.937,2.106,2.269,2.442,2.606,2.779,2.959,3.118,3.270,3.443,3.608,3.777,3.961,4.137,4.312,4.479,4.637,4.792,4.963,5.096,5.226,5.366,5.489,
1,26,0.214,0.397,0.546,0.731,0.898,1.066,1.229,1.398,1.552,1.724,1.901,2.059,2.222,2.398,
1,27,,
1,28,0.208,0.396,0.539,0.715,0.871,1.038,1.191,1.356,1.514,1.677,1.835,2.014,2.151,2.334,2.488,2.660,2.801,2.961,3.148,3.284,3.462,3.623,3.787,3.938,4.115,4.284,4.448,4.606,4.772,5.047,
1,29,0.234,0.399,0.566,0.727,0.899,1.043,1.208,1.399,1.566,1.725,1.900,2.046,2.196,
1,30,0.321,0.477,0.650,0.799,0.959,1.111,1.267,1.410,1.562,1.715,1.889,2.064,2.223,2.401,2.550,2.722,2.872,3.035,3.183,3.342,3.518,3.677,3.850,3.999,4.165,
1,31,0.234,0.376,0.530,0.685,0.838,0.995,1.154,1.310,1.482,1.671,1.826,1.989,2.137,2.320,2.444,2.625,2.788,2.954,3.122,3.296,3.448,3.612,3.788,3.942,4.095,4.272,4.401,4.566,4.714,4.848,
1,32,0.235,0.394,0.548,0.719,0.890,1.036,1.179,1.343,1.490,1.667,1.821,1.981,2.141,2.311,2.473,2.626,2.868,3.059,3.200,3.359,3.508,3.656,3.812,3.950,4.101,
1,33,0.025,0.169,0.338,0.487,0.668,0.825,0.970,1.142,1.275,1.407,1.595,1.747,1.912,2.070,2.238,2.408,2.568,2.730,2.897,3.010,3.194,3.393,3.542,3.716,3.874,
1,34,0.033,0.192,0.361,0.523,0.691,0.866,1.017,1.175,1.341,1.472,1.714,1.857,2.017,2.202,2.360,2.518,2.675,2.846,3.002,3.166,3.327,3.488,3.667,3.827,3.981,4.147,4.303,4.452,4.622,4.788,4.953,5.122,5.269,5.400,
1,35,0.042,0.204,0.360,0.519,0.665,0.820,0.977,1.120,1.294,1.464,1.617,1.799,1.947,2.118,2.277,2.432,2.598,2.770,2.894,3.079,3.241,3.409,3.566,3.730,3.902,4.053,4.208,
1,36,0.188,0.346,0.511,0.660,0.828,0.971,1.127,1.293,1.463,1.620,1.774,1.937,2.082,2.252,2.410,2.553,2.729,2.876,3.051,3.225,3.396,3.565,3.705,3.896,4.030,4.220,
1,37,0.274,0.427,0.588,0.752,0.907,1.063,1.210,1.375,1.534,1.699,1.855,2.015,2.170,2.318,2.495,2.671,2.827,2.991,3.142,3.300,3.448,3.609,3.766,3.934,4.103,4.259,4.392,
1,38,0.034,0.195,0.366,0.517,0.673,0.814,0.997,1.171,1.347,1.500,1.664,1.813,1.978,2.151,2.285,2.456,2.620,2.778,2.938,3.097,3.268,3.429,3.585,3.738,3.917,4.085,4.228,4.392,4.565,4.739,
1,39,0.068,0.224,0.395,0.541,0.704,0.855,1.022,1.167,1.325,1.494,1.668,1.863,2.036,2.185,2.358,2.519,2.695,2.856,3.019,3.183,3.353,3.517,3.681,3.812,4.020,4.177,4.330,4.567,4.691,
1,40,0.240,0.389,0.537,0.695,0.844,0.990,1.143,1.309,1.489,1.797,1.967,2.116,2.297,
1,41,0.337,0.477,0.642,0.796,0.949,1.100,1.259,1.405,1.548,1.696,1.854,2.019,2.170,2.335,2.466,2.560,2.670,2.811,2.962,3.118,3.272,3.418,3.586,3.690,3.812,3.950,4.061,
1,42,0.208,0.353,0.516,0.670,0.835,0.978,1.149,1.276,1.449,1.608,1.740,1.890,2.033,2.179,2.291,2.430,2.571,2.733,2.900,3.034,3.177,3.316,3.455,3.581,
1,43,0.153,0.313,0.474,0.650,0.792,0.951,1.093,1.267,1.433,1.601,1.768,1.919,2.084,2.250,
1,44,0.329,0.484,0.651,0.805,0.964,1.124,1.275,1.433,1.579,1.741,1.877,2.022,2.192,2.364,2.519,2.686,2.835,
1,45,0.229,0.368,0.533,0.691,0.846,0.993,1.151,1.290,1.448,1.602,1.742,1.892,2.046,2.166,2.323,2.477,2.638,2.794,2.967,3.118,3.289,3.439,3.583,3.730,3.850,
1,46,0.058,0.212,0.368,0.526,0.698,0.852,1.020,1.180,1.334,1.502,1.651,1.812,1.962,2.104,2.270,2.413,2.593,2.750,2.918,3.087,3.243,3.403,3.587,
1,47,0.349,0.466,0.649,0.781,0.936,1.082,1.231,1.399,1.541,1.704,1.870,2.016,2.179,2.356,2.516,2.687,2.845,3.017,3.167,3.316,3.465,3.650,3.804,3.966,4.134,4.295,4.457,4.589,4.727,
1,48,0.274,0.437,0.598,0.774,0.908,1.086,1.227,1.391,1.544,1.705,1.858,2.025,2.176,
1,49,0.230,0.399,0.528,0.679,0.813,0.948,1.087,1.288,1.463,1.610,1.766,1.922,2.073,2.231,2.400,2.546,2.689,2.861,3.037,3.185,3.341,3.651,3.804,3.948,4.071,4.205,
1,50,0.223,0.373,0.515,0.670,0.805,0.942,1.059,1.197,1.538,1.696,1.837,1.997,2.146,2.311,2.474,2.623,2.776,2.913,3.054,3.406,3.552,3.697,
1,51,0.120,0.277,0.430,0.576,0.748,0.902,1.059,1.205,1.364,1.519,1.681,1.837,1.983,2.174,2.310,2.499,2.649,2.790,2.997,3.149,
1,52,0.126,0.274,0.430,0.581,0.731,0.900,1.052,1.202,1.370,1.517,1.660,1.811,1.972,2.144,2.309,2.477,2.651,2.792,2.951,3.104,3.288,3.429,3.582,
1,53,0.060,0.226,0.396,0.554,0.717,0.876,1.031,1.194,1.341,1.498,1.665,1.821,1.977,2.153,2.307,2.467,2.624,2.770,2.901,
1,54,0.268,0.407,0.563,0.721,0.870,1.025,1.172,1.320,1.471,1.642,1.779,1.931,2.088,2.236,2.386,2.610,2.752,2.901,3.019,3.120,3.280,3.410,3.547,3.676,3.802,
1,55,0.227,0.388,0.547,0.692,0.845,0.993,1.151,1.419,1.547,1.701,1.857,2.022,2.178,2.320,2.431,2.587,2.662,2.839,2.981,3.135,3.291,3.395,3.622,3.769,3.924,4.031,
1,56,0.271,0.404,0.558,0.708,0.851,0.974,1.103,1.251,1.401,1.542,1.687,1.829,2.022,2.155,2.324,2.486,2.639,2.790,2.876,3.099,3.273,3.427,3.587,3.744,3.993,4.126,
1,57,0.396,0.539,0.695,0.851,1.013,1.161,1.307,1.460,1.614,1.782,1.951,2.114,2.273,2.414,2.565,2.647,2.779,2.949,3.112,3.271,3.424,3.578,3.804,3.925,4.066,4.197,4.326,
1,58,0.169,0.320,0.473,0.626,0.781,0.944,1.085,1.271,1.428,1.571,1.703,1.833,1.959,2.105,2.296,2.445,2.623,2.779,2.930,3.187,3.335,3.601,3.792,3.936,4.086,
1,59,0.270,0.386,0.562,0.704,0.869,0.992,1.121,1.246,1.368,1.565,1.740,1.873,2.053,2.199,2.354,2.498,2.649,2.825,2.986,3.115,3.271,3.405,3.534,3.663,3.771,
1,60,0.054,0.218,0.363,0.519,0.656,0.800,0.906,1.051,1.199,1.373,1.534,1.682,1.777,2.034,2.195,2.343,2.492,2.651,2.838,2.989,3.134,3.290,3.436,3.622,3.768,
1,61,0.153,0.303,0.464,0.609,0.751,0.920,1.088,1.234,1.400,1.541,1.692,1.833,1.980,2.192,2.338,2.485,2.644,2.792,2.955,3.134,3.268,3.438,3.583,
1,62,0.091,0.232,0.419,0.575,0.741,0.900,1.042,1.175,1.315,1.452,1.578,1.727,1.893,2.061,2.212,2.359,2.494,2.646,2.821,2.981,3.126,3.279,3.417,3.616,3.794,3.939,4.091,
1,63,0.305,0.439,0.623,0.707,0.862,0.982,1.145,1.265,1.423,1.588,1.749,1.902,2.058,2.205,2.396,2.527,2.663,2.982,3.156,3.302,3.458,3.606,3.713,
1,64,0.127,0.290,0.440,0.609,0.765,0.933,1.149,1.399,1.565,1.731,1.899,2.050,2.194,2.349,2.516,2.650,3.048,3.223,3.363,3.526,3.665,3.821,3.947,4.150,4.311,4.457,4.616,4.777,4.933,5.106,5.274,5.443,5.601,5.729,5.852,6.042,6.210,6.390,6.551,6.723,6.885,7.080,7.293,7.441,7.602,7.769,7.911,8.093,
1,65,0.229,0.372,0.536,0.687,0.847,0.978,1.143,1.250,1.397,1.482,1.643,1.794,1.970,2.114,2.263,2.408,2.549,2.704,2.851,3.011,3.186,3.344,3.480,3.644,3.830,3.958,4.145,4.285,4.454,4.572,4.735,4.895,5.058,5.209,5.395,5.525,5.695,5.839,5.985,6.152,6.346,
1,66,0.313,0.462,0.615,0.772,0.934,1.092,1.223,1.365,1.545,1.713,1.856,2.020,2.182,2.342,2.491,2.650,2.800,2.949,3.108,3.277,3.435,3.598,3.767,3.910,4.056,4.209,4.369,4.552,4.683,4.833,4.987,5.154,5.329,5.486,5.642,5.801,5.968,6.145,6.288,
1,67,0.274,0.433,0.544,0.683,0.846,0.999,1.125,1.323,1.470,1.651,1.778,1.921,2.137,2.278,2.428,2.639,2.768,2.844,3.018,3.173,3.350,3.518,3.718,3.808,3.966,4.108,4.278,
1,68,0.207,0.350,0.490,0.641,0.784,0.932,1.073,1.215,1.361,1.524,1.668,1.827,1.978,2.141,2.282,2.441,2.565,2.720,2.908,3.094,3.236,3.392,3.525,3.642,3.796,3.950,4.106,4.274,4.415,4.579,4.749,4.899,5.041,5.189,5.341,5.496,5.672,5.843,6.010,6.176,6.331,6.495,6.653,6.817,6.975,7.120,7.275,7.413,7.553,7.683,
1,69,0.084,0.261,0.411,0.571,0.732,0.894,1.054,1.239,1.370,1.532,1.689,1.842,1.998,2.145,2.312,2.464,2.628,2.747,2.925,3.070,3.238,3.370,3.538,3.728,3.848,4.030,4.185,
1,70,0.326,0.487,0.643,0.792,0.952,1.100,1.244,1.394,1.525,1.659,1.784,2.196,2.352,2.511,2.671,2.836,2.980,3.145,3.286,3.427,3.579,3.716,3.873,4.040,4.194,4.343,4.538,4.670,4.835,4.986,5.146,5.304,5.467,5.646,5.791,5.950,6.108,6.265,6.418,6.571,6.725,6.870,7.013,7.147,7.263,
1,71,0.230,0.399,0.533,0.688,0.835,0.990,1.149,1.272,1.461,1.615,1.773,1.919,2.085,2.236,2.400,2.561,2.706,2.863,2.992,3.141,3.284,3.484,3.610,3.777,3.930,4.076,4.248,4.421,4.567,4.737,4.891,5.051,5.200,5.401,5.544,5.718,5.874,6.045,6.196,6.341,6.485,
1,72,0.127,0.326,0.501,0.651,0.803,0.921,1.067,1.226,1.401,1.537,1.698,1.839,2.000,2.139,2.293,2.446,2.595,2.739,2.890,3.028,3.189,3.335,3.485,3.642,3.813,3.971,4.136,4.294,4.436,4.583,4.769,4.907,5.069,5.229,5.369,5.520,5.697,5.857,6.023,6.170,
1,73,0.267,0.412,0.543,0.668,0.799,0.949,1.076,1.214,1.351,1.464,1.613,1.767,1.921,2.083,2.226,2.401,2.564,2.728,2.884,3.024,3.166,3.300,3.463,3.614,3.835,3.956,4.098,4.228,4.361,4.522,4.689,4.935,5.073,5.227,5.345,5.472,
1,74,0.161,0.306,0.448,0.606,0.761,0.930,1.065,1.310,1.449,1.557,1.692,1.827,1.983,2.145,2.286,2.430,2.580,2.736,2.895,3.012,3.162,3.288,3.402,3.545,3.671,3.812,3.942,4.074,4.195,4.338,4.458,4.589,4.705,4.826,4.952,5.054,5.193,5.304,5.434,5.535,5.664,5.795,
1,75,0.073,0.199,0.301,0.442,0.563,0.703,0.850,0.948,1.086,1.241,1.404,1.567,1.723,1.894,2.058,2.213,2.401,2.542,2.718,2.877,3.028,3.167,3.332,3.481,3.659,3.800,3.966,4.135,4.288,4.472,4.626,4.794,4.962,5.117,5.291,5.451,5.624,5.779,5.932,6.065,6.205,
1,76,0.098,0.238,0.400,0.564,0.747,0.896,1.047,1.170,1.338,1.475,1.647,1.796,1.968,2.164,2.340,2.529,2.704,2.897,3.076,3.274,3.468,3.648,3.831,4.015,4.173,4.341,4.515,4.660,4.839,5.015,5.173,5.358,5.528,5.713,5.899,6.067,6.237,6.421,6.607,6.783,6.961,7.107,
1,77,0.172,0.342,0.540,0.699,0.875,1.046,1.209,1.400,1.573,1.737,1.918,2.100,2.274,2.450,2.607,2.774,2.957,3.126,3.316,3.472,3.641,3.804,3.982,4.166,4.344,4.542,4.698,4.877,5.058,5.240,5.428,5.615,5.793,5.988,6.170,6.347,6.536,
1,78,0.040,0.182,0.308,0.422,0.568,0.695,0.840,0.947,1.088,1.247,1.348,1.491,1.608,1.774,1.903,2.049,2.197,2.428,2.572,2.706,2.829,2.975,3.111,3.249,3.359,3.495,3.715,3.866,4.025,4.162,4.307,4.446,4.587,4.723,4.864,4.987,5.119,5.264,5.393,5.536,5.643,5.752,
1,79,0.150,0.266,0.437,0.588,0.770,0.907,1.061,1.212,1.366,1.520,1.672,1.833,1.994,2.151,2.324,2.460,2.627,2.767,2.938,3.120,3.274,3.438,3.604,3.785,3.958,4.152,4.307,4.471,4.635,4.793,4.978,5.150,5.328,5.519,5.682,5.876,6.048,6.236,6.395,
1,80,0.078,0.272,0.440,0.611,0.792,0.967,1.143,1.305,1.468,1.640,1.793,1.939,2.116,
1,81,0.238,0.404,0.562,0.732,0.900,1.049,1.204,1.367,1.533,1.680,1.826,1.985,2.158,2.322,2.468,2.651,2.792,2.965,3.135,3.300,3.472,3.635,3.802,3.983,4.145,4.328,4.503,4.681,4.865,5.044,5.232,5.414,5.579,
1,82,0.042,0.178,0.355,0.522,0.690,0.853,1.022,1.193,1.346,1.522,1.676,1.858,2.041,2.213,2.393,2.572,2.743,2.923,3.070,3.229,3.360,3.533,3.716,3.867,4.060,4.244,4.422,4.577,4.774,4.946,5.125,5.281,5.469,5.611,5.767,5.947,6.078,6.248,6.470,
1,83,0.143,0.309,0.479,0.658,0.824,1.020,1.177,1.351,1.530,1.712,1.898,2.089,2.274,
1,84,0.232,0.399,0.571,0.763,0.931,1.097,1.278,1.441,1.598,1.789,1.958,2.147,2.299,2.480,2.647,2.824,2.998,3.189,3.354,3.531,3.699,3.876,4.071,4.247,4.430,4.609,4.777,4.937,5.103,5.271,5.443,5.648,5.821,5.966,6.149,6.328,6.502,
1,85,0.030,0.159,0.353,0.535,0.726,0.900,1.058,1.235,1.397,1.579,1.746,1.920,2.093,2.247,2.429,2.582,2.765,2.945,3.127,3.303,3.490,3.663,3.824,4.015,4.190,4.399,4.579,4.775,4.963,5.149,5.323,5.497,5.676,5.866,6.060,6.266,6.466,6.648,6.860,
1,86,0.120,0.307,0.471,0.664,0.865,1.040,1.223,1.409,1.584,1.780,1.968,2.176,2.390,2.571,2.749,2.949,3.140,3.328,3.524,3.694,3.865,4.056,4.222,4.406,4.603,4.781,4.982,5.176,5.363,5.564,5.775,5.943,6.142,6.336,6.498,6.645,
1,87,0.094,0.280,0.473,0.647,0.821,0.973,1.151,1.328,1.514,1.680,1.863,2.047,2.209,2.369,2.539,2.731,2.913,3.071,3.245,3.435,3.620,3.817,4.015,4.192,
1,88,0.227,0.395,0.572,0.772,0.938,1.139,1.309,1.502,1.677,1.853,2.038,2.208,2.402,2.573,2.724,2.905,3.102,3.281,3.448,3.640,3.803,3.972,4.180,4.359,4.574,4.774,4.953,5.148,5.348,5.537,5.742,5.941,6.141,6.341,6.540,6.738,6.931,7.121,7.329,7.480,
1,89,0.054,0.220,0.424,0.610,0.826,0.952,1.145,1.310,1.490,1.669,1.847,2.015,2.207,2.398,2.564,2.762,2.947,3.145,3.333,3.512,3.701,3.896,4.073,4.269,4.470,4.646,4.832,5.013,5.186,
1,90,0.047,0.236,0.428,0.625,0.794,0.984,1.168,1.359,1.574,1.749,1.955,2.151,2.351,2.538,2.717,2.909,3.089,3.278,3.463,3.646,3.854,4.046,4.246,4.435,4.625,4.815,5.017,5.210,5.393,5.588,5.779,5.966,6.150,6.329,6.495,6.650,
1,91,0.150,0.304,0.440,0.586,0.787,0.928,1.076,1.314,1.413,1.557,1.703,1.844,2.045,2.200,2.355,2.521,2.674,2.805,2.963,3.148,3.264,3.434,3.572,3.718,3.812,4.038,4.169,4.290,
1,92,0.253,0.406,0.547,0.683,0.793,0.921,1.053,1.189,1.475,1.626,1.793,1.946,2.099,2.412,2.550,2.664,2.796,3.021,3.163,3.314,3.452,3.661,3.796,3.950,4.083,4.309,4.470,4.683,4.792,4.941,5.037,5.171,5.282,5.407,5.523,5.639,5.773,
1,93,0.072,0.241,0.406,0.553,0.707,0.875,1.041,1.202,1.357,1.532,1.680,1.819,1.947,2.151,2.319,2.485,2.651,2.785,2.928,3.198,3.347,3.518,3.671,3.793,4.038,4.191,4.359,4.522,4.684,4.844,5.000,5.135,5.269,5.366,5.498,5.636,5.751,5.845,5.969,
1,94,0.060,0.225,0.400,0.539,0.787,0.923,1.079,1.235,1.384,1.518,1.649,1.963,2.124,2.283,2.438,2.597,2.742,2.850,2.990,3.100,3.269,3.442,3.597,3.748,3.895,4.026,4.143,4.306,4.519,4.670,4.813,4.940,5.086,5.185,5.321,5.466,5.655,5.782,
1,95,0.118,0.281,0.453,0.600,0.748,0.891,1.034,1.159,1.403,1.566,1.696,1.830,1.963,2.088,2.222,2.331,2.466,2.584,2.772,2.911,3.076,3.222,3.389,3.555,3.722,3.873,4.023,4.159,4.324,4.467,4.595,4.716,4.844,4.972,5.089,5.223,5.340,5.618,5.777,5.900,6.034,6.155,6.274,
1,96,0.197,0.352,0.501,0.692,0.865,1.017,1.123,1.251,1.400,1.553,1.720,2.078,2.280,2.586,2.767,2.909,3.083,3.247,3.411,3.565,3.750,3.901,4.055,4.194,4.376,4.558,4.716,4.876,5.031,5.233,5.404,5.565,5.719,5.874,6.019,6.175,6.308,6.453,6.564,6.674,6.804,6.942,7.044,
1,97,0.280,0.452,0.626,0.791,0.949,1.238,1.405,1.580,1.741,1.914,2.086,2.236,2.426,2.583,2.746,2.920,3.091,3.275,3.423,3.595,3.812,3.967,4.142,4.295,4.458,4.686,4.851,5.016,5.198,5.367,5.526,5.692,5.806,6.051,6.207,
1,98,0.241,0.399,0.559,0.722,0.874,1.034,1.175,1.400,1.556,1.770,1.920,2.077,2.214,
1,99,0.289,0.435,0.585,0.772,0.897,1.072,1.201,1.336,1.477,1.586,1.734,1.965,2.139,2.376,2.609,2.784,2.941,3.087,3.234,3.399,3.552,3.727,3.893,4.030,4.247,
1,100,0.274,0.415,0.561,0.741,0.893,1.046,1.184,1.353,
1,101,0.271,0.417,0.566,0.739,0.902,1.061,1.222,1.368,1.522,1.668,1.874,2.040,2.183,2.322,2.455,2.574,2.723,2.936,3.101,3.220,3.364,3.480,3.677,3.961,4.125,4.288,4.454,4.615,4.790,4.949,5.102,5.274,5.408,5.539,5.663,5.774,5.906,
1,102,0.213,0.368,0.518,0.668,0.832,0.981,1.124,1.252,1.545,1.710,1.869,2.033,2.160,2.497,2.648,2.790,2.940,3.036,3.172,3.328,3.482,3.636,3.794,3.917,4.091,4.191,4.520,4.670,4.846,4.997,5.159,5.324,5.482,5.651,5.810,5.965,6.166,6.277,6.443,6.577,6.650,
1,103,0.136,0.269,0.437,0.640,0.745,1.020,1.163,1.309,1.444,1.587,1.715,1.866,2.020,2.193,2.366,2.533,2.705,2.876,3.033,3.204,3.388,3.528,3.704,3.864,4.021,4.192,4.337,4.534,4.695,4.868,5.001,5.158,5.317,5.452,5.642,5.792,6.089,6.272,6.441,6.572,6.711,6.889,7.045,7.225,7.393,7.560,7.733,7.896,8.072,8.224,8.342,
1,104,0.317,0.468,0.660,0.822,0.998,1.181,1.350,1.517,1.694,1.866,2.029,2.192,2.364,
1,105,0.239,0.398,0.558,0.731,0.899,1.060,1.220,1.399,1.538,1.710,1.899,2.036,2.181,2.320,2.480,2.626,2.800,2.944,3.114,3.267,3.432,3.573,3.718,3.842,3.959,4.107,4.236,4.547,4.697,4.859,5.030,5.181,5.347,5.498,
1,106,0.125,0.299,0.465,0.651,0.801,0.953,1.119,1.268,1.429,1.594,1.768,1.912,2.065,2.269,2.415,2.587,2.769,2.900,3.048,3.194,3.363,3.519,3.674,3.849,4.019,4.179,4.334,4.486,4.640,4.779,4.905,
1,107,0.111,0.294,0.457,0.606,0.768,0.908,1.066,1.209,1.398,1.559,1.719,1.898,2.059,2.220,2.399,2.545,2.710,2.872,3.019,3.171,3.341,3.516,3.669,3.842,4.000,4.149,
1,108,0.067,0.236,0.407,0.560,0.725,0.900,1.055,1.211,1.400,1.524,1.702,1.860,2.021,2.173,2.309,2.500,2.734,2.902,3.030,3.169,3.288,3.609,3.768,3.912,4.085,4.242,4.417,4.572,4.739,4.898,5.051,5.232,5.403,5.519,5.676,5.811,6.078,6.215,
1,109,0.269,0.419,0.593,0.776,0.951,1.120,1.294,1.469,1.636,1.789,1.945,2.088,2.244,2.401,2.569,2.739,2.908,3.069,3.241,3.406,3.543,3.706,3.888,4.038,4.180,4.325,4.480,4.641,4.798,4.934,5.092,5.235,5.388,5.522,
1,110,0.221,0.400,0.548,0.697,0.848,0.969,1.150,1.325,1.493,1.666,1.828,1.992,2.151,2.323,2.490,2.651,2.812,2.968,3.119,3.274,3.418,3.550,3.705,3.851,4.018,4.169,4.336,4.483,4.615,
1,111,0.150,0.301,0.460,0.627,0.777,0.948,1.113,1.277,1.429,1.594,1.768,1.921,2.087,2.238,2.409,
1,112,0.308,0.459,0.642,0.784,0.954,1.115,1.276,1.425,1.593,1.752,1.920,2.064,2.210,2.326,2.436,2.577,2.717,2.876,3.035,3.190,3.334,3.480,3.602,3.760,3.872,4.039,4.183,4.321,
1,113,0.137,0.308,0.472,0.650,0.815,0.978,1.116,1.271,1.415,1.553,1.694,1.830,1.966,2.107,2.272,2.419,2.581,2.746,2.892,3.056,3.191,3.317,3.483,3.604,
1,114,0.035,0.227,0.366,0.528,0.701,0.899,1.035,1.212,1.399,1.560,1.803,1.956,2.109,2.270,
1,115,0.263,0.426,0.579,0.742,0.909,1.059,1.225,1.397,1.520,1.647,1.799,1.941,2.109,2.264,2.397,2.571,2.738,2.898,3.042,3.212,3.398,3.542,3.692,3.874,4.039,4.190,4.346,4.484,4.648,4.745,4.839,
1,116,0.062,0.241,0.390,0.556,0.712,0.891,1.024,1.173,1.345,1.517,1.680,1.837,2.000,2.145,2.312,2.474,2.642,2.789,2.962,3.142,3.237,3.565,3.728,3.875,4.084,4.246,4.437,4.568,4.726,4.841,
1,117,0.203,0.371,0.516,0.696,0.852,1.016,1.157,1.422,1.590,1.767,1.939,2.083,2.267,2.437,2.575,2.739,2.859,3.017,3.104,3.232,3.423,3.549,3.715,3.856,3.983,4.097,
1,118,0.136,0.269,0.401,0.556,0.701,0.869,1.019,1.145,1.287,1.422,1.557,1.689,1.821,1.961,2.117,2.274,2.418,2.624,2.730,2.890,3.045,3.198,3.364,3.521,3.682,3.837,3.990,4.148,4.318,
1,119,0.321,0.473,0.636,0.773,0.922,1.072,1.229,1.376,1.524,1.680,1.829,1.984,2.137,2.283,2.448,2.601,2.771,2.916,3.082,3.250,3.414,3.585,3.743,3.909,4.053,4.197,4.308,4.449,
1,120,0.108,0.302,0.480,0.658,0.829,1.021,1.180,1.352,1.500,1.681,1.850,2.021,2.181,2.352,2.536,2.733,2.917,3.081,3.244,3.405,3.554,3.695,3.848,3.998,4.156,4.299,4.447,4.587,4.715,4.834,4.980,5.076,5.227,5.357,
1,121,0.172,0.341,0.514,0.677,0.847,1.015,1.175,1.348,1.521,1.678,1.851,2.015,2.178,2.331,2.525,2.669,2.839,3.000,3.186,3.339,3.516,3.674,3.846,4.016,4.194,4.385,4.562,4.767,4.925,
1,122,0.207,0.374,0.548,0.723,0.895,1.075,1.275,1.425,1.592,1.776,1.929,2.065,2.214,2.344,2.526,2.677,2.818,3.009,3.150,3.304,3.452,3.621,3.784,3.972,4.127,
1,123,0.285,0.431,0.607,0.766,0.924,1.092,1.251,1.414,1.598,1.783,1.969,2.160,2.328,2.498,2.660,2.830,3.017,3.158,3.343,3.530,3.690,3.858,
1,124,0.275,0.419,0.565,0.728,0.892,1.061,1.231,1.405,1.578,1.762,1.935,2.120,2.309,
1,125,0.220,0.369,0.517,0.695,0.866,1.018,1.166,1.332,1.489,1.649,1.790,1.927,2.067,2.211,
1,126,0.277,0.431,0.596,0.746,0.916,1.063,1.218,1.388,1.541,1.707,1.874,2.028,2.205,2.372,2.536,2.717,2.877,3.051,3.224,3.389,3.535,3.672,
1,127,0.074,0.247,0.428,0.615,0.765,0.938,1.108,1.290,1.479,1.661,1.842,2.028,2.223,2.399,2.558,2.734,2.900,3.039,3.236,3.400,3.531,
3,1,0.188,0.392,0.569,0.742,0.908,1.080,1.242,1.392,1.557,1.706,1.871,2.035,2.181,2.339,2.488,2.640,2.791,2.934,3.080,
3,2,0.172,0.330,0.482,0.654,0.818,0.972,1.108,1.271,1.407,1.551,1.665,1.804,1.936,2.058,2.197,2.310,2.439,
3,3,0.238,0.410,0.582,0.744,0.923,1.088,1.243,1.402,1.572,1.727,1.899,2.052,2.207,2.357,2.499,2.627,
3,4,0.266,0.427,0.575,0.736,0.900,1.042,1.187,1.320,1.492,1.590,1.873,2.017,2.146,2.267,2.365,2.497,2.625,2.742,2.872,2.993,3.115,3.235,3.359,3.488,3.598,3.724,3.842,
3,5,0.197,0.375,0.543,0.698,0.853,1.025,1.171,1.329,1.485,1.623,1.775,1.929,2.084,2.246,2.404,2.560,2.713,2.857,2.992,3.117,3.247,
3,6,0.208,0.394,0.542,0.718,0.874,1.028,1.179,1.325,1.470,1.622,1.773,1.922,2.072,2.219,
3,7,0.146,0.317,0.488,0.642,0.791,0.959,1.116,1.274,1.437,1.583,1.736,1.893,2.044,
3,8,0.264,0.429,0.597,0.776,0.946,1.120,1.289,1.442,1.603,1.768,1.932,2.099,2.268,2.428,2.584,2.734,2.898,2.992,
3,9,0.038,0.198,0.364,0.533,0.709,0.875,1.031,1.190,1.340,1.488,1.642,1.789,1.944,2.083,2.229,2.341,2.489,2.599,2.732,2.876,3.045,3.174,3.327,3.467,3.604,
3,10,0.231,0.399,0.555,0.734,0.906,1.063,1.206,1.376,1.538,1.709,1.867,2.027,2.177,2.333,2.483,2.650,2.792,2.940,3.079,3.517,3.627,3.767,3.884,4.021,
3,11,0.178,0.338,0.495,0.653,0.814,0.975,1.147,1.310,1.463,1.625,1.776,1.922,2.061,2.187,2.301,2.432,2.561,2.799,2.937,
3,12,0.161,0.319,0.486,0.658,0.828,0.970,1.116,1.300,1.463,1.624,1.771,1.922,
3,13,0.054,0.236,0.396,0.562,0.730,0.887,1.048,1.205,1.372,1.538,1.678,1.847,1.998,2.157,2.304,2.454,2.638,2.808,2.944,
3,14,0.249,0.407,0.570,0.737,0.894,1.047,1.215,1.394,1.544,1.700,1.844,2.011,2.154,2.307,2.439,2.562,
3,15,0.167,0.335,0.500,0.662,0.815,0.992,1.153,1.323,1.483,1.623,1.779,1.945,2.105,2.267,2.544,2.707,2.838,3.103,3.358,3.453,3.581,
3,16,0.139,0.319,0.481,0.663,0.816,0.990,1.154,1.322,1.487,1.639,1.790,1.978,2.142,2.320,2.446,2.555,2.679,
3,17,0.152,0.308,0.475,0.640,0.795,0.968,1.140,1.283,1.437,1.602,1.774,1.937,2.088,2.243,2.419,2.593,2.745,2.908,3.066,3.217,
3,18,0.197,0.366,0.534,0.700,0.861,1.028,1.181,1.351,1.508,1.683,1.841,2.008,2.176,2.337,2.525,2.674,2.840,2.996,3.164,3.320,3.472,3.626,3.761,3.919,4.063,4.177,
3,19,0.151,0.303,0.472,0.648,0.809,0.965,1.118,1.290,1.443,1.589,1.765,1.908,2.062,2.223,
3,20,0.240,0.419,0.582,0.739,0.905,1.063,1.234,1.349,1.526,1.703,1.811,1.959,2.127,2.289,2.450,2.609,2.792,2.945,3.126,3.273,3.436,3.596,3.761,3.921,4.089,4.241,4.394,4.547,4.701,4.854,5.011,5.123,5.247,
3,21,0.064,0.220,0.396,0.537,0.705,0.843,1.013,1.147,1.335,1.482,1.647,1.784,1.917,2.050,2.184,2.355,2.521,2.677,2.817,2.954,3.118,3.238,3.398,3.544,3.695,3.843,3.997,4.115,4.268,4.423,4.569,4.680,
3,22,0.038,0.190,0.348,0.494,0.623,0.768,0.906,1.050,1.208,1.354,1.501,1.650,1.802,1.944,2.085,2.232,2.375,2.519,2.645,
3,23,0.046,0.225,0.390,0.551,0.706,0.860,1.034,1.197,1.350,1.489,1.641,1.786,1.952,2.104,2.250,2.416,2.564,2.719,2.871,3.025,3.163,3.297,
3,24,0.037,0.200,0.358,0.535,0.693,0.850,1.011,1.159,1.334,1.494,1.657,1.818,1.966,2.145,2.297,2.451,2.602,2.746,2.901,3.045,3.204,3.354,3.499,3.657,3.788,
3,25,0.101,0.273,0.390,0.540,0.650,0.773,0.912,1.070,1.223,1.390,1.550,1.706,1.862,2.024,2.160,2.373,2.524,2.647,2.786,2.920,
3,26,0.043,0.209,0.366,0.520,0.682,0.836,0.995,1.140,1.300,1.447,1.601,1.745,1.908,2.075,2.238,
3,27,0.321,0.472,0.649,0.787,0.935,1.090,1.247,1.405,1.550,1.700,1.859,2.016,2.153,2.298,2.451,2.604,2.749,2.900,3.056,3.212,3.360,3.517,3.667,3.825,3.971,4.101,
3,28,0.079,0.231,0.398,0.532,0.697,0.862,1.019,1.166,1.295,1.448,1.601,1.765,1.923,2.090,2.236,2.373,2.526,2.666,2.795,
3,29,0.281,0.458,0.604,0.771,0.916,1.085,1.243,1.395,1.532,1.687,1.826,1.981,2.118,2.321,2.439,2.582,2.687,
3,30,0.082,0.267,0.464,0.661,0.837,1.017,1.187,1.343,1.517,1.654,1.824,1.985,2.151,2.274,
3,31,0.027,0.175,0.336,0.501,0.671,0.822,0.977,1.144,1.309,1.443,1.605,1.723,1.894,2.014,2.148,2.374,
3,32,0.116,0.298,0.461,0.614,0.769,0.919,1.085,1.245,1.405,1.551,1.706,1.866,2.019,2.162,2.328,2.468,2.590,
3,33,0.162,0.307,0.473,0.645,0.794,0.932,1.072,1.315,1.450,1.588,1.747,1.896,2.061,2.210,2.360,2.488,2.705,2.847,
3,34,0.268,0.418,0.596,0.744,0.908,1.064,1.265,1.402,1.552,1.694,1.899,2.019,2.180,2.285,2.424,2.555,2.664,
3,35,0.151,0.357,0.502,0.676,0.832,0.991,1.125,1.360,1.500,1.593,1.726,1.866,1.975,2.114,2.227,2.356,2.475,2.590,
3,36,0.160,0.322,0.462,0.622,0.791,0.942,1.107,1.262,1.406,1.565,1.707,1.915,2.067,2.222,2.317,2.442,2.558,
3,37,0.101,0.282,0.422,0.601,0.752,0.908,1.055,1.183,1.310,1.435,1.700,1.848,1.985,2.123,2.285,2.440,2.575,2.703,2.909,3.041,3.167,3.286,3.388,
3,38,0.037,0.374,0.517,0.690,0.850,1.017,1.163,1.314,1.401,1.493,1.654,1.790,1.940,2.092,2.233,2.387,2.518,2.613,2.750,2.862,2.991,3.112,3.245,
3,39,0.040,0.192,0.342,0.490,0.734,0.868,0.973,1.108,1.338,1.488,1.617,1.729,1.834,1.967,2.104,2.241,2.391,2.531,2.671,2.815,2.957,3.077,
3,40,0.098,0.263,0.441,0.616,0.780,0.947,1.089,1.250,1.419,1.575,1.739,1.897,2.045,2.201,2.351,2.481,2.619,2.764,2.868,2.989,
3,41,0.321,0.483,0.654,0.817,0.975,1.142,1.282,1.436,1.574,1.716,1.864,2.025,2.180,2.318,2.459,2.674,2.810,2.959,3.088,3.195,3.323,
3,42,0.195,0.373,0.529,0.671,0.780,0.920,1.072,1.214,1.387,1.547,1.702,1.841,1.986,2.137,2.307,2.432,2.565,2.710,2.850,2.986,
3,43,0.183,0.329,0.496,0.668,0.834,0.977,1.123,1.271,1.424,1.574,1.742,1.897,2.048,2.193,
3,44,0.239,0.398,0.557,0.717,0.867,1.025,1.159,1.320,1.509,1.649,1.815,1.963,2.107,2.274,2.410,2.588,2.711,2.957,3.063,
3,45,0.146,0.269,0.560,0.718,0.896,1.051,1.212,1.367,1.526,1.671,1.817,1.955,2.109,2.251,2.400,2.555,2.714,2.850,2.966,3.084,
3,46,0.107,0.245,0.402,0.548,0.709,0.844,1.075,1.241,1.396,1.542,1.727,1.896,2.024,2.171,2.322,
3,47,0.411,0.574,0.728,0.890,1.038,1.162,1.298,1.422,1.538,1.673,1.777,1.934,2.277,
3,48,0.205,0.377,0.537,0.705,0.863,1.000,1.146,1.263,1.396,1.481,1.646,1.746,1.861,1.999,2.120,2.263,
3,49,0.149,0.290,0.439,0.610,0.862,1.016,1.149,1.266,1.407,1.520,1.653,1.791,2.061,
3,50,0.083,0.244,0.427,0.595,0.749,1.049,1.227,1.367,1.529,1.681,1.809,1.966,2.074,2.204,2.317,
3,51,0.071,0.226,0.367,0.537,0.690,0.861,1.022,1.174,1.336,1.483,1.649,1.792,1.951,2.097,2.232,
3,52,0.299,0.457,0.650,0.799,0.955,1.110,1.243,1.406,1.552,1.717,1.859,2.018,2.134,2.287,2.450,2.583,2.710,
3,53,0.050,0.239,0.390,0.541,0.726,0.877,1.172,1.335,1.487,1.641,1.840,1.979,2.141,2.278,
3,54,,
3,55,0.155,0.322,0.498,0.649,0.799,0.934,1.082,1.208,1.337,1.453,1.575,
3,56,0.079,0.231,0.390,0.527,0.823,0.971,1.118,1.274,1.391,1.487,1.623,
3,57,0.045,0.201,0.367,0.550,0.693,0.855,0.984,1.124,1.232,1.366,1.588,1.818,
