0,1,0.202,0.399,
0,1,0.097,0.268,0.414,0.577,0.736,0.897,1.058,1.208,1.360,1.518,1.684,1.863,2.051,2.269,2.519,2.796,3.042,3.342,3.636,3.912,4.231,4.520,4.807,5.096,5.339,5.621,5.896,6.161,6.438,6.681,6.978,7.222,7.497,7.775,8.046,8.325,8.568,8.833,9.125,9.370,9.623,9.896,10.146,10.414,
0,1,0.196,0.428,0.644,0.877,1.101,1.310,1.542,1.768,1.992,2.227,2.421,2.623,2.816,3.092,3.300,3.519,3.733,3.952,4.150,
0,1,0.105,0.311,0.518,0.723,0.930,1.139,1.346,1.561,1.773,1.982,2.194,2.405,2.624,2.811,3.030,3.233,3.428,3.648,3.846,4.037,4.235,4.447,4.646,4.854,5.057,5.283,5.494,
1,1,0.050,0.249,0.442,0.647,0.829,
1,2,0.144,0.351,0.541,0.744,0.938,1.135,1.331,1.521,1.718,1.936,2.135,2.325,2.524,2.723,2.921,3.136,3.333,3.525,3.713,3.920,4.113,4.320,4.523,4.722,4.929,5.126,5.312,5.503,5.690,5.901,6.087,6.283,6.483,6.661,6.854,7.036,7.213,7.401,7.608,7.815,8.028,8.222,8.419,8.638,8.830,9.043,9.272,9.455,9.621,
1,3,0.072,0.251,0.464,0.679,0.900,1.095,1.313,1.520,1.729,1.947,2.157,2.360,
1,4,0.203,0.400,0.597,0.789,0.993,1.187,1.400,1.592,1.791,1.998,2.214,2.425,2.641,2.850,3.059,3.301,
1,5,0.214,0.418,0.612,0.814,1.025,1.236,1.460,1.653,1.856,2.067,
1,6,0.031,0.211,0.402,0.613,0.809,1.019,1.229,1.435,1.649,1.859,2.070,2.280,2.488,2.701,2.917,3.150,3.340,3.550,3.767,3.964,4.172,4.374,4.575,4.784,4.993,5.178,5.401,5.585,5.780,5.987,6.176,6.401,6.576,6.780,6.980,7.176,7.385,7.580,7.788,7.970,8.173,8.354,
1,7,0.030,0.222,0.416,0.617,0.819,1.020,1.221,1.417,1.615,1.822,2.014,2.221,2.429,2.648,2.832,3.051,3.265,3.455,3.672,3.863,4.057,4.265,4.467,4.665,4.846,5.050,5.278,5.495,5.702,5.912,
1,8,0.203,0.404,0.601,0.799,1.022,1.231,1.443,1.648,1.850,2.059,2.272,2.475,2.678,2.901,3.106,3.309,3.523,3.735,3.944,4.150,4.359,4.560,4.773,4.973,5.184,5.390,5.589,5.823,6.039,6.278,6.489,6.718,6.945,7.173,7.398,7.642,7.836,8.076,8.285,8.525,8.721,8.935,9.149,9.371,9.606,9.799,10.009,10.213,10.439,10.660,10.865,11.080,11.281,11.494,11.688,
1,9,0.138,0.330,0.548,0.772,0.974,1.195,1.420,1.655,1.867,2.091,2.287,2.526,2.742,2.938,3.184,3.396,3.611,3.841,4.050,4.273,4.488,4.704,4.907,5.124,5.335,5.543,5.774,5.976,6.185,6.398,6.605,6.806,7.025,7.275,7.450,7.681,7.892,8.094,8.302,8.525,8.700,8.892,
1,10,0.034,0.229,0.440,0.651,0.853,1.066,1.285,1.489,1.695,1.914,2.118,2.319,2.536,2.737,2.968,3.161,3.374,3.584,3.806,4.019,4.221,4.434,4.642,4.854,5.071,5.276,5.480,5.702,5.927,6.137,6.341,6.564,6.777,6.990,7.210,7.433,7.649,7.876,8.085,8.300,8.531,8.716,8.940,9.153,9.365,9.585,9.804,10.022,10.234,10.446,10.661,10.868,
1,11,0.039,0.243,0.465,0.667,0.885,1.107,1.308,1.519,1.728,1.948,2.179,2.386,2.603,2.821,3.047,3.244,3.459,3.678,3.901,4.121,4.361,4.574,4.774,4.984,5.208,5.434,5.654,5.865,6.092,6.303,6.522,6.724,6.934,7.148,7.362,7.581,7.795,8.035,8.240,8.441,8.649,8.851,9.081,9.293,9.523,9.748,9.985,10.194,10.449,10.661,
1,12,0.057,0.261,0.456,0.681,0.876,
1,13,0.266,0.461,0.684,0.917,1.127,1.341,1.561,1.794,2.017,2.229,2.455,2.673,2.901,3.120,3.339,3.565,3.812,4.025,4.268,4.491,4.715,4.937,5.164,5.395,5.636,5.855,6.071,6.296,6.519,6.726,6.956,7.173,7.420,7.621,7.851,8.094,8.280,8.490,8.713,8.924,9.137,9.366,9.573,9.803,10.021,10.239,10.474,
1,14,0.212,0.411,0.619,0.831,1.031,1.248,1.476,1.689,1.901,2.106,2.361,2.577,2.794,3.024,3.224,3.456,3.673,3.898,4.122,4.346,4.564,4.790,5.028,5.245,5.482,5.698,5.906,6.126,6.332,6.551,6.791,7.016,7.266,7.478,7.700,7.915,8.150,8.375,8.593,8.824,9.081,9.299,9.527,9.768,9.991,10.210,10.434,10.642,10.890,11.099,
1,15,0.177,0.407,0.625,0.846,1.056,1.279,1.501,1.715,1.950,2.176,2.404,2.642,2.861,3.104,3.341,3.572,3.815,4.043,4.286,4.529,4.769,5.019,5.245,5.493,5.719,5.952,6.177,6.405,6.641,6.873,7.101,7.307,7.537,7.770,8.020,8.229,8.472,8.713,8.924,9.181,9.402,9.621,9.874,10.089,10.369,10.605,10.853,11.108,11.323,11.555,11.789,12.039,12.272,12.522,12.737,
1,16,0.220,0.453,0.686,0.902,1.135,1.364,1.590,1.825,2.075,2.286,2.531,2.769,2.996,3.246,3.473,3.715,3.964,4.207,4.467,4.717,4.979,5.247,5.469,5.696,5.918,6.167,6.388,6.607,6.820,7.041,7.250,7.472,7.713,7.918,8.160,8.395,8.615,8.848,9.079,9.324,9.579,9.809,10.042,10.300,10.526,
1,17,0.279,0.486,0.712,0.904,1.105,
1,18,0.040,0.273,0.480,0.689,0.929,1.149,1.391,1.609,1.844,2.091,2.304,2.524,2.747,2.943,3.193,3.398,3.688,3.892,4.142,4.359,4.582,4.831,5.055,5.288,5.526,5.726,5.976,6.187,6.432,6.650,6.900,7.125,7.358,7.601,7.824,8.060,8.294,8.542,8.787,9.016,9.246,9.473,9.711,9.926,10.157,10.395,
1,19,0.265,0.452,0.681,0.906,1.153,1.366,1.589,1.809,2.046,
1,20,0.101,0.325,0.550,0.771,0.986,
1,21,0.121,0.331,0.551,0.774,1.017,1.241,1.479,1.702,
1,22,0.059,0.269,0.494,0.701,0.903,1.114,1.322,1.558,1.773,2.000,2.216,2.459,2.680,2.908,3.150,3.363,3.603,3.816,4.064,4.283,4.518,4.727,4.956,5.181,5.412,5.642,5.873,6.114,6.347,6.575,6.828,7.043,7.269,7.519,7.724,7.952,8.190,8.424,8.660,8.907,9.153,9.387,9.637,9.887,10.137,10.404,10.615,
1,23,0.044,0.285,0.531,0.744,0.981,1.197,1.451,1.716,1.949,2.194,2.423,2.675,2.917,3.171,3.402,3.645,3.889,4.126,4.376,4.616,4.849,5.083,5.306,5.530,5.751,
1,24,0.072,0.285,0.538,0.773,0.965,1.200,1.424,1.667,1.890,2.157,2.374,2.614,2.852,3.102,3.332,3.554,3.794,4.024,4.274,4.496,4.746,4.979,5.250,5.465,5.715,5.970,6.205,6.470,6.701,6.948,7.197,7.446,7.682,7.959,8.209,8.464,8.677,8.935,9.202,9.447,9.707,9.955,10.213,10.463,
1,25,0.242,0.488,0.703,0.937,1.169,1.415,1.648,1.875,2.118,2.358,2.591,2.831,3.064,3.295,3.547,3.778,4.033,4.273,4.531,4.770,4.990,5.251,5.497,5.728,5.949,6.193,6.437,6.680,6.923,7.163,7.418,7.634,7.931,8.154,8.418,8.642,8.861,9.104,9.361,9.585,9.820,10.068,10.311,10.556,10.801,11.034,11.269,11.499,11.729,11.983,12.231,12.454,12.694,12.913,13.161,
1,26,0.209,0.452,0.681,0.913,1.141,1.404,1.642,1.892,2.108,2.371,2.614,2.856,3.104,3.330,
1,27,0.124,0.339,0.567,0.793,1.024,1.247,1.489,1.727,1.972,2.200,2.435,2.673,2.903,3.147,3.364,
1,28,0.077,0.298,0.521,0.748,0.989,1.268,1.515,1.765,2.018,2.265,2.528,2.736,3.045,3.288,3.538,3.785,4.016,4.281,4.533,4.776,5.023,5.276,5.520,5.782,6.027,6.302,6.551,6.796,7.069,7.306,7.524,7.768,8.018,8.227,8.467,8.689,8.924,9.141,9.392,9.621,9.869,10.110,10.362,10.587,10.830,11.061,11.296,11.546,11.773,12.054,12.273,12.520,12.746,12.982,13.198,13.413,13.660,
1,29,0.299,0.526,0.738,0.955,1.195,
1,30,0.125,0.365,0.615,0.840,1.098,1.337,1.579,1.797,2.028,2.266,2.529,2.766,3.031,3.269,3.520,3.745,3.983,4.219,4.446,4.685,4.940,5.182,5.420,5.661,5.903,6.139,6.368,6.601,6.836,7.067,7.278,7.518,7.730,7.977,8.228,8.459,8.687,8.889,9.145,9.345,9.583,9.820,10.049,10.299,10.523,10.769,11.020,11.270,11.484,11.721,11.958,12.207,12.443,12.673,12.911,13.151,13.376,13.609,13.827,14.074,14.308,14.541,14.771,14.996,15.248,15.481,15.733,
1,31,0.037,0.270,0.465,0.700,
1,32,0.137,0.344,0.579,0.807,1.041,
1,33,0.230,0.431,0.647,0.871,1.081,1.301,1.534,1.764,1.980,2.200,2.419,2.648,2.898,3.106,3.349,3.595,3.836,4.064,4.305,4.557,4.793,5.023,5.269,5.516,5.746,5.991,6.238,6.470,6.717,6.958,7.197,7.435,7.697,7.921,8.168,8.416,8.669,8.899,9.178,
1,34,0.094,0.338,0.578,0.818,1.054,
1,35,0.070,0.294,0.490,0.784,0.993,1.219,1.464,1.683,1.911,2.151,2.368,2.602,2.836,3.100,3.325,3.545,3.785,3.997,4.242,4.483,4.733,4.970,5.250,5.469,5.698,5.959,
1,36,0.141,0.343,0.561,0.786,1.028,1.236,1.442,1.666,1.904,2.118,2.360,2.586,2.809,3.062,3.300,3.523,3.778,4.009,4.259,4.481,4.727,4.968,5.216,5.447,5.665,5.910,6.175,6.394,6.650,6.894,7.108,7.346,7.589,7.822,8.077,8.324,8.549,8.795,9.031,9.261,9.495,9.726,9.948,10.183,10.412,10.652,10.896,11.105,11.350,11.576,11.820,12.078,
1,37,0.174,0.458,0.655,0.939,1.152,1.385,1.585,1.840,2.046,2.269,2.477,2.699,2.944,3.185,3.400,
1,38,0.200,0.435,0.652,
1,39,0.230,0.426,0.649,0.909,1.107,1.330,1.535,1.773,1.985,2.223,2.493,2.716,2.947,3.160,3.403,3.636,3.853,4.093,4.338,4.580,4.785,5.030,5.268,5.485,5.704,5.929,
1,40,0.109,0.333,0.554,0.792,1.022,1.224,1.443,1.665,1.890,2.106,2.325,2.558,2.800,3.030,3.242,3.457,3.682,3.908,4.141,4.391,4.600,4.823,5.051,5.281,5.508,5.744,5.960,
1,41,0.147,0.359,0.583,0.803,1.036,
1,42,0.126,0.342,0.570,0.783,1.014,
1,43,0.154,0.369,
1,44,0.109,0.347,0.600,0.838,1.076,1.335,1.556,1.781,2.031,2.258,2.470,2.725,2.963,3.201,
1,45,0.180,0.421,0.641,0.875,1.091,
1,46,0.079,0.284,0.531,0.748,0.993,1.233,1.488,1.731,1.960,2.202,2.436,2.665,2.913,3.166,3.348,3.416,
1,47,0.041,0.268,0.502,0.734,0.971,1.215,1.458,1.698,1.945,2.200,2.416,2.650,2.900,3.136,3.367,3.595,3.838,4.080,4.333,4.568,4.816,5.054,5.297,5.533,5.774,
1,48,0.147,0.371,0.599,0.846,1.106,1.363,1.626,1.898,2.148,2.398,2.648,2.871,3.148,3.364,
1,49,0.250,0.494,0.730,0.975,1.226,1.492,1.732,1.961,2.218,2.468,2.719,2.972,3.222,3.481,3.727,3.965,4.205,4.447,4.703,4.970,5.203,5.458,5.711,5.961,6.213,6.476,6.714,6.999,7.269,7.549,7.801,8.056,8.319,8.573,8.841,9.066,9.334,9.587,9.868,10.137,10.387,10.609,
1,50,0.146,0.396,
1,51,0.156,0.406,0.653,0.900,1.122,1.372,1.620,1.870,
1,52,0.120,0.376,0.630,0.868,1.147,1.397,1.647,1.868,
1,53,0.046,0.295,0.534,
1,54,0.191,0.449,0.699,0.947,1.209,1.440,1.692,1.950,2.205,2.452,2.705,2.959,3.225,3.497,3.761,3.980,4.261,4.514,4.761,5.012,5.273,5.548,5.793,6.053,6.317,6.558,6.827,7.076,7.345,7.597,7.854,8.101,8.376,8.647,8.897,9.147,9.397,9.651,9.897,10.160,10.420,10.683,10.954,11.214,11.481,11.731,11.981,12.226,12.501,12.739,13.015,13.249,13.562,
1,55,0.041,0.270,0.520,0.754,1.000,1.239,1.521,1.733,1.990,
1,56,0.244,0.490,0.728,0.982,1.222,1.482,1.729,1.992,2.252,2.514,2.764,3.021,3.287,3.565,3.817,4.066,4.326,4.597,4.836,5.093,5.349,5.627,5.899,6.149,6.429,6.682,6.959,7.201,7.459,7.717,7.971,8.267,8.542,8.806,9.054,9.343,9.626,9.901,10.171,10.446,
1,57,0.100,0.329,0.540,0.797,1.021,1.244,1.545,1.805,2.033,2.300,2.583,2.837,3.105,3.372,
1,58,0.171,0.434,0.699,0.953,1.211,1.454,1.712,1.979,2.241,2.517,2.767,3.017,3.287,3.540,3.810,4.069,4.335,4.601,4.867,5.135,5.397,5.684,5.949,6.223,6.485,6.748,7.019,7.279,7.534,7.819,8.078,8.349,8.611,8.887,9.151,9.426,9.680,9.950,10.195,10.473,
1,59,0.030,
1,60,0.130,0.397,0.613,0.867,1.097,1.377,1.619,1.898,
1,61,0.063,0.308,0.534,0.767,0.998,1.241,1.491,1.734,1.965,2.212,2.472,2.720,2.958,3.225,3.471,3.733,3.985,4.245,4.495,4.735,4.983,5.252,5.519,5.779,6.019,
1,62,0.201,0.453,0.684,
1,63,0.210,0.453,0.722,
1,64,0.185,0.437,0.679,0.934,1.187,1.435,1.692,1.927,2.199,2.442,2.708,2.957,3.227,3.470,3.744,4.011,4.252,4.516,4.766,5.036,5.290,5.565,5.842,
1,65,0.187,0.387,0.645,0.898,1.152,1.367,1.595,1.847,2.142,2.365,2.639,2.877,3.139,3.418,
1,66,0.044,0.301,0.546,
1,67,0.144,0.402,0.645,0.897,1.165,1.415,1.678,1.935,2.186,2.452,2.715,2.975,3.240,3.490,3.779,4.033,4.292,4.567,4.818,5.094,5.390,5.640,5.894,6.141,6.391,6.656,6.910,7.185,7.438,7.728,7.990,8.242,8.478,8.730,8.977,9.220,9.461,9.718,9.954,10.219,
1,68,0.037,0.271,0.521,0.788,1.021,
1,69,0.101,0.344,0.597,0.854,1.097,1.362,1.617,1.900,2.150,2.400,2.657,2.896,3.161,3.445,3.712,3.980,4.234,4.494,4.768,5.018,5.280,5.531,5.798,6.043,6.286,6.546,6.813,7.081,7.324,7.593,7.848,8.095,8.367,8.624,8.873,9.146,9.426,9.701,9.945,10.199,10.443,
1,70,0.194,0.420,0.688,0.921,1.144,1.375,1.613,1.871,2.210,2.441,2.708,2.961,3.199,3.488,3.748,4.012,4.262,4.512,4.772,5.047,5.302,5.589,5.847,6.111,6.396,6.647,6.914,7.189,7.424,7.701,7.932,8.194,8.458,8.704,8.947,9.199,9.453,9.765,10.018,10.277,
1,71,0.040,0.286,0.520,0.743,0.984,1.234,1.481,1.722,1.977,2.203,2.469,2.688,2.963,3.215,3.458,3.699,3.939,4.213,4.446,4.669,4.910,5.145,5.389,5.627,5.871,6.118,
1,72,0.163,0.411,0.644,0.899,1.141,1.388,1.610,1.835,2.090,2.345,2.605,2.833,3.078,3.349,3.604,3.859,4.103,4.358,4.582,4.800,5.072,5.327,5.580,5.825,6.097,6.328,6.587,6.833,7.087,7.326,7.601,7.850,8.108,8.348,8.606,8.892,9.142,9.395,9.646,9.909,10.167,10.417,10.689,10.947,11.205,11.457,11.741,11.966,12.223,
1,73,0.118,0.350,0.566,0.808,1.036,1.287,1.532,1.776,2.029,2.270,2.499,2.770,3.030,3.282,3.535,3.774,4.030,4.281,4.548,4.798,5.058,5.315,5.592,5.837,6.112,6.388,6.645,6.898,7.139,7.389,7.639,7.896,8.139,8.389,8.662,8.921,9.181,9.451,9.721,9.973,10.236,10.497,10.749,10.998,11.227,11.491,11.746,12.024,12.234,
1,74,0.067,0.303,0.548,0.778,
1,75,0.068,0.323,0.563,
1,76,0.197,0.435,0.683,0.945,1.193,1.463,1.710,1.980,
1,77,0.237,0.487,0.716,0.973,1.228,1.495,1.766,2.036,2.294,2.554,2.803,3.064,3.333,3.620,3.856,4.151,4.408,4.673,4.950,5.191,5.477,5.720,5.992,6.268,6.519,6.788,7.053,7.306,7.570,7.834,8.103,8.358,8.641,8.889,9.154,9.389,9.663,9.922,10.194,10.448,
1,78,0.150,0.388,0.650,0.900,1.125,1.368,1.618,1.884,2.158,2.438,2.701,2.982,3.238,3.518,3.783,4.046,4.305,4.563,4.810,5.073,5.350,5.605,5.855,6.136,6.377,6.649,6.923,7.217,7.499,7.741,8.020,8.329,8.550,8.887,9.271,9.538,9.820,10.228,10.536,
1,79,0.142,0.385,0.621,0.871,1.109,1.361,1.612,1.874,2.117,2.377,2.636,2.874,3.144,3.372,3.621,3.843,4.106,4.341,4.559,4.824,5.062,5.307,5.546,5.798,6.050,6.295,6.542,6.793,7.039,7.295,7.528,7.745,8.022,8.238,8.486,8.733,8.992,9.212,9.430,9.654,9.916,10.164,10.393,
1,80,0.199,0.450,0.698,0.940,1.193,1.438,1.683,1.936,2.178,2.397,2.659,2.922,3.174,3.424,
1,81,0.243,0.498,0.739,1.022,1.234,1.489,1.772,2.022,2.249,2.487,2.742,2.991,3.230,3.480,
1,82,0.095,0.318,0.561,0.796,1.026,1.267,1.499,1.724,1.925,
1,83,0.197,0.403,0.615,0.846,1.084,1.295,1.537,1.778,2.033,2.288,2.591,2.805,3.053,3.284,3.519,
1,84,0.193,0.436,0.678,0.919,1.169,1.419,1.659,1.912,2.150,2.400,2.650,2.900,3.143,3.400,3.650,3.884,4.120,4.377,4.610,4.856,5.101,5.354,5.599,5.854,6.104,6.361,6.625,6.888,7.135,7.395,7.642,7.898,8.157,8.408,8.687,8.939,9.192,9.434,9.717,9.952,10.217,10.476,10.739,
1,85,0.046,0.287,0.518,0.765,1.015,1.265,1.469,1.708,1.938,
1,86,0.145,0.392,0.642,0.895,1.154,1.392,1.662,1.922,
1,87,0.138,0.371,0.600,0.867,1.108,1.352,1.597,1.862,2.124,2.374,2.639,2.889,3.139,3.404,3.667,3.916,4.168,4.417,4.680,4.912,5.174,5.424,5.669,5.927,
1,88,0.042,0.277,0.502,0.740,0.994,1.242,1.485,1.730,1.972,2.196,2.449,2.688,2.913,3.187,3.414,3.675,3.914,4.165,4.418,4.683,4.942,5.185,5.443,5.732,5.938,6.202,6.448,6.703,6.963,7.216,7.427,7.699,7.942,8.197,8.442,8.699,8.930,9.180,9.431,9.666,9.914,10.137,10.397,
1,89,0.414,0.612,0.864,1.094,1.492,1.720,
1,90,0.107,0.329,0.560,0.769,1.016,1.238,1.492,1.725,1.952,2.181,2.447,2.689,2.944,3.200,3.437,
1,91,0.102,0.339,0.574,0.811,1.040,
1,92,0.210,0.452,0.685,0.923,1.163,1.396,1.668,1.902,2.160,2.414,2.662,2.916,3.162,3.420,3.673,3.900,4.153,4.397,4.655,4.891,5.110,5.391,5.641,5.891,6.145,6.401,6.659,6.898,7.163,7.398,7.666,7.929,8.174,8.420,8.684,8.927,9.179,9.430,9.692,9.954,10.202,
1,93,0.185,0.417,0.659,0.896,1.139,
1,94,0.096,0.348,0.589,0.836,1.077,1.322,1.570,1.813,2.053,2.316,2.570,2.805,3.034,3.303,3.561,3.796,4.045,4.290,4.552,4.802,5.024,5.288,5.530,5.775,6.018,
1,95,0.105,0.350,0.614,0.846,1.096,
1,96,0.190,0.436,0.672,0.924,1.169,1.410,1.680,
1,97,0.054,0.280,0.530,0.771,1.021,1.271,1.487,1.752,2.021,2.271,2.525,2.771,2.984,3.237,3.472,3.772,4.022,4.272,4.529,4.799,5.062,5.318,5.564,5.805,6.047,6.300,6.560,6.812,7.082,7.344,7.602,7.847,8.124,8.365,8.617,8.874,9.122,9.338,9.588,9.820,10.076,10.310,10.532,10.738,10.990,11.243,11.463,
1,98,0.196,0.432,0.649,0.893,1.143,1.400,1.643,1.893,2.143,2.393,2.660,2.920,3.195,3.450,3.695,3.967,4.223,4.485,4.735,5.011,5.247,5.490,5.735,5.989,6.262,6.512,6.748,7.012,7.262,7.524,7.792,8.070,8.340,8.607,8.866,9.120,9.397,9.647,9.875,10.147,10.418,10.647,10.897,11.119,
1,99,0.247,0.498,0.742,0.988,1.262,1.512,1.765,2.028,2.282,2.528,2.796,3.043,3.292,3.544,3.803,4.060,4.347,4.613,4.871,5.147,5.404,5.681,5.934,6.182,6.439,6.698,6.964,7.215,7.464,7.721,7.980,8.236,8.494,
1,100,0.268,0.518,0.750,0.990,1.404,1.624,1.869,2.107,2.367,2.600,2.853,3.093,3.333,3.579,3.843,4.120,4.387,4.646,4.894,5.170,5.424,5.702,5.964,6.229,6.489,6.750,7.022,7.272,7.534,7.775,8.032,8.272,8.522,8.779,9.033,9.289,9.552,9.827,10.062,
1,101,0.260,0.491,0.736,1.010,1.263,1.541,1.828,
1,102,0.030,0.305,0.548,0.806,1.085,1.350,1.593,1.865,2.125,2.364,2.648,2.865,3.149,3.399,3.661,3.919,4.171,4.419,4.656,4.914,5.182,5.429,5.688,5.946,6.204,6.439,6.737,6.954,7.195,7.455,7.742,7.969,8.246,8.489,8.768,9.018,9.275,9.548,9.810,10.085,10.332,10.585,10.862,11.095,11.347,11.612,11.840,12.093,12.343,
1,103,0.085,0.328,0.595,0.816,1.048,1.284,1.525,1.773,2.013,2.261,2.490,2.761,3.013,3.276,3.514,3.748,3.986,4.245,4.521,4.783,5.033,5.311,5.564,5.802,6.060,6.303,6.561,6.811,7.073,7.319,7.570,7.815,8.053,8.290,8.552,8.815,9.068,9.324,9.571,9.848,10.109,10.357,10.627,
1,104,0.037,0.277,0.520,
1,105,0.221,0.487,0.729,0.974,
1,106,0.025,0.234,0.462,0.701,0.944,
1,107,0.112,0.351,0.586,
1,108,0.144,0.373,0.619,0.845,1.091,1.333,1.594,1.868,2.107,2.356,2.626,2.869,3.122,3.359,3.646,3.896,4.127,4.377,4.646,4.896,5.107,5.346,5.595,5.848,6.103,6.352,6.611,6.859,7.095,7.365,7.617,7.849,8.103,8.328,8.576,8.823,9.059,9.319,9.562,9.824,10.059,10.304,10.539,10.798,11.065,11.322,
1,109,0.251,0.510,0.742,0.985,1.210,1.458,1.695,1.955,2.203,2.480,2.743,2.987,3.250,3.492,3.762,4.022,4.262,4.512,4.765,5.029,5.276,5.516,5.804,6.045,6.300,6.560,6.793,7.048,7.303,7.529,7.792,8.063,8.289,8.563,
1,110,0.077,0.300,0.517,0.746,0.971,1.200,1.416,1.651,1.874,2.094,2.301,2.530,2.739,2.963,3.213,3.427,
1,111,0.243,0.493,0.730,0.970,1.200,1.462,1.722,1.968,2.196,2.426,2.676,2.892,3.109,3.357,3.609,3.845,4.092,4.330,4.578,4.803,5.041,5.275,5.510,5.733,
1,112,0.186,0.413,0.643,0.855,1.096,1.336,1.574,1.813,2.056,2.303,2.550,2.782,3.014,3.261,3.498,3.752,3.983,4.226,4.447,4.697,4.939,5.190,5.427,5.684,5.955,
1,113,0.088,0.312,0.547,0.775,0.999,1.249,1.493,1.718,1.955,2.221,2.456,2.704,2.947,3.187,3.427,3.663,3.912,4.175,4.397,4.647,4.866,5.103,5.334,5.562,5.798,6.054,6.278,6.542,6.771,6.987,7.237,7.480,7.714,7.959,8.175,8.395,8.668,
1,114,0.099,0.320,0.528,0.762,0.988,1.221,1.444,1.682,1.925,2.146,2.396,2.646,2.851,3.047,3.302,3.540,
