0,1,0.149,0.354,0.729,0.906,1.102,1.376,1.646,1.957,2.183,2.489,2.785,3.068,3.397,3.676,3.980,4.300,4.582,4.898,5.197,5.529,5.836,6.148,6.463,6.769,7.091,7.406,7.746,8.089,8.377,8.698,9.023,9.339,9.674,9.971,
0,1,0.108,0.397,0.671,0.946,1.242,1.568,1.872,2.148,2.481,2.786,3.100,3.430,3.725,4.042,4.355,4.673,4.991,5.314,5.641,5.956,6.296,6.625,6.933,7.286,7.592,7.921,8.272,8.580,8.933,9.251,9.576,9.899,
0,1,0.446,0.686,0.985,1.295,1.572,1.905,2.208,2.539,2.890,3.269,3.566,
0,1,0.237,0.502,0.684,
2,1,0.031,0.264,0.498,0.764,1.027,1.292,1.585,1.902,2.214,2.530,2.814,3.149,3.421,3.725,4.016,4.300,4.580,4.859,5.167,5.461,5.709,6.052,6.319,6.651,6.923,7.217,7.479,7.792,8.097,8.402,8.730,8.965,9.145,9.429,9.682,9.963,10.269,10.566,10.835,11.151,
2,2,0.227,0.493,0.752,1.018,1.268,1.536,1.793,2.058,2.332,2.611,2.872,3.143,3.412,3.722,4.020,4.280,4.574,4.851,5.137,5.402,5.678,5.984,6.271,6.528,6.810,7.097,7.357,7.653,7.915,8.228,8.462,8.715,9.022,9.276,9.526,9.802,10.064,10.325,10.567,10.840,11.080,11.369,11.643,11.937,12.206,12.490,12.774,13.041,13.343,13.605,13.891,14.145,14.428,14.710,14.983,
2,3,0.168,0.405,
2,4,0.034,0.306,0.554,0.838,1.103,1.367,1.642,1.911,2.183,2.468,2.730,3.019,3.285,3.556,3.852,4.119,4.419,4.688,4.984,5.270,5.557,5.867,6.137,6.420,6.722,6.991,7.307,7.623,7.966,8.288,8.575,8.851,9.119,9.410,9.677,9.954,
2,5,0.242,0.497,0.769,1.068,1.315,1.570,1.836,2.091,2.376,2.615,2.876,3.168,3.449,3.782,4.054,4.341,4.598,4.867,5.151,5.434,5.687,5.955,6.252,6.528,6.796,7.085,7.306,7.571,7.772,8.001,8.276,8.569,8.822,9.096,9.356,9.640,9.904,10.186,10.473,10.752,11.023,11.288,11.559,11.819,12.087,
2,6,0.069,0.314,0.596,0.844,1.103,1.387,1.637,
2,7,0.051,0.299,0.588,0.875,1.123,1.416,1.717,1.998,2.293,2.560,2.766,3.038,3.349,
2,8,0.106,0.350,0.599,0.888,1.151,1.428,1.687,1.992,2.268,2.534,2.700,2.983,3.285,3.554,
2,9,0.246,0.480,0.717,0.963,
2,10,0.267,0.517,0.767,1.017,1.267,1.562,1.802,2.067,2.328,2.603,2.858,3.135,
2,11,0.106,0.318,0.583,0.801,1.023,1.296,1.524,1.774,2.017,2.267,2.518,
2,12,0.220,0.495,0.766,1.043,1.293,1.566,1.823,2.101,2.384,2.651,2.910,3.193,3.457,3.734,4.025,4.324,4.635,4.894,5.152,5.436,5.707,6.019,6.281,6.590,6.866,7.165,7.422,7.714,7.981,8.289,8.564,8.872,9.174,9.417,9.700,10.021,10.271,10.582,10.866,
2,13,0.229,0.487,0.729,1.021,1.288,1.533,1.786,2.039,2.308,2.542,2.772,3.054,3.251,
2,14,0.180,0.447,0.670,0.928,1.193,1.433,1.688,1.906,2.198,2.419,2.703,2.976,3.233,
2,15,0.109,0.403,0.595,0.887,1.177,1.455,1.704,1.991,2.235,2.538,2.777,3.065,3.293,3.590,3.813,4.085,4.316,4.619,4.918,5.165,5.452,5.711,
2,16,0.207,0.477,0.717,0.979,1.229,1.477,1.725,
2,17,0.052,0.303,0.567,0.800,1.104,1.490,1.769,2.019,2.284,2.580,2.818,3.086,3.351,
2,18,0.118,0.367,0.648,0.902,1.165,1.433,1.685,
2,19,0.267,0.518,0.768,1.021,
2,20,0.030,0.267,0.514,0.773,1.041,1.301,1.568,1.832,2.112,2.398,2.652,2.922,3.180,3.455,3.729,4.025,4.297,4.572,4.827,5.099,5.355,5.586,5.883,
2,21,0.268,0.547,0.844,1.144,1.446,1.718,
2,22,0.230,0.468,0.743,1.017,1.267,1.651,
2,23,0.033,0.279,0.517,0.767,1.027,1.277,1.561,1.976,2.268,2.569,2.841,3.120,3.409,3.725,3.985,4.237,4.502,4.781,5.063,5.364,5.665,5.947,6.209,6.488,6.816,
2,24,0.357,0.679,1.035,1.353,1.771,2.138,2.451,2.811,3.138,3.491,3.801,4.155,4.522,4.834,5.184,5.523,5.846,6.198,6.527,6.866,
2,25,0.162,0.435,0.714,1.041,1.345,1.671,1.979,2.275,2.608,2.921,3.222,3.525,3.847,4.160,4.502,4.820,5.146,5.437,5.760,6.046,6.357,6.627,6.922,7.229,
2,26,0.050,0.297,0.599,0.852,
2,27,0.171,0.407,0.677,0.914,1.183,1.442,1.704,1.978,2.246,2.541,2.815,3.095,3.396,3.659,3.939,4.246,
2,28,0.082,0.306,0.573,0.827,1.098,1.353,1.654,1.913,2.166,2.427,2.734,3.018,3.298,3.550,3.864,4.124,4.432,4.677,5.046,
2,29,0.137,0.394,0.832,
2,30,0.185,0.399,0.639,0.858,1.115,1.370,1.646,1.936,2.203,2.458,2.709,2.936,
2,31,0.066,0.304,0.556,0.790,1.049,1.290,1.537,1.770,2.035,2.288,2.540,2.810,3.053,3.308,3.587,3.825,4.105,4.367,4.639,4.911,5.183,5.440,5.689,6.169,
2,32,0.252,0.529,0.775,1.065,1.301,1.619,1.872,2.163,2.420,2.687,2.938,3.204,3.501,3.795,4.104,4.370,4.641,4.902,
2,33,0.268,0.635,0.909,1.147,1.432,1.702,2.019,2.316,2.585,2.895,3.153,3.459,3.740,4.054,4.363,4.678,4.984,5.298,5.597,5.924,6.222,6.521,6.791,7.114,7.405,7.720,7.978,8.246,8.588,8.923,
2,34,0.104,0.546,0.838,1.078,1.400,1.661,1.927,2.185,2.437,2.744,2.999,3.285,
2,35,0.197,0.465,0.782,1.022,1.276,1.528,1.769,2.026,2.266,2.521,2.767,3.017,3.291,3.541,3.790,4.076,4.314,4.569,
2,36,0.036,0.311,0.556,
2,37,0.244,0.524,0.774,1.024,1.281,1.547,1.796,
2,38,0.231,0.514,
2,39,0.124,0.365,0.647,0.897,1.147,1.397,1.647,1.897,2.147,2.397,2.647,2.898,3.151,3.405,3.672,3.920,4.197,4.459,4.765,5.025,5.278,5.540,5.822,
2,40,0.026,0.298,0.526,0.776,1.043,
2,41,0.266,0.523,
2,42,0.260,0.532,0.915,1.156,1.413,1.680,1.923,2.188,2.479,2.746,3.011,3.285,
2,43,0.233,0.524,
2,44,0.082,0.340,0.619,0.859,
2,45,0.214,0.473,0.728,1.001,1.274,1.524,1.774,2.025,2.299,2.579,2.819,3.101,3.376,3.642,3.914,4.167,
2,46,0.184,0.453,0.708,0.962,1.225,1.486,1.715,1.998,2.239,2.526,2.762,3.026,3.267,3.529,3.794,4.068,4.350,4.661,
2,47,0.036,0.273,0.516,
2,48,0.184,0.399,0.713,
2,49,0.218,0.484,0.703,0.968,1.208,1.454,1.696,1.920,2.165,2.419,2.655,2.943,3.181,3.457,3.725,4.020,4.238,4.504,4.771,
2,50,0.150,0.337,0.554,0.776,1.017,1.267,1.517,1.707,1.926,2.175,2.435,2.705,2.948,3.208,3.428,3.706,3.951,4.235,4.496,4.803,4.999,5.269,5.519,5.794,6.049,6.299,6.709,6.980,
2,51,0.083,0.334,0.588,0.856,
2,52,0.219,0.481,0.718,0.984,1.251,1.518,1.788,2.052,
2,53,0.031,0.268,0.515,0.780,1.015,1.269,1.542,1.796,2.050,2.293,2.555,2.810,
2,54,0.272,0.522,0.744,0.999,1.276,1.547,1.817,2.098,2.393,2.640,2.912,3.174,
2,55,0.175,0.426,0.671,0.952,1.205,1.481,1.744,2.016,2.266,2.534,2.796,3.036,3.339,3.607,3.865,4.125,
2,56,0.038,0.325,0.583,0.826,1.096,1.362,1.663,1.960,2.295,2.567,2.836,3.144,
2,57,0.084,0.356,0.650,0.907,1.170,1.457,1.716,1.994,2.244,2.518,2.799,3.065,3.348,3.635,
2,58,0.221,0.472,0.704,0.979,1.236,1.489,1.768,2.062,2.351,2.615,2.912,3.172,3.449,3.769,4.019,
2,59,0.167,0.444,0.732,1.016,1.288,1.583,1.925,2.241,2.539,2.844,3.160,3.498,3.771,4.047,4.307,4.615,4.914,5.238,5.519,5.835,
2,60,0.218,0.476,0.747,1.000,1.272,1.561,1.814,2.091,2.363,2.620,2.899,3.149,3.419,3.684,3.978,4.270,4.523,4.847,5.124,5.430,
2,61,0.103,0.332,0.574,0.812,1.028,1.274,1.521,1.726,1.942,2.185,2.411,2.669,2.949,3.197,
2,62,0.126,0.360,0.610,0.898,1.127,1.370,1.610,1.860,2.123,2.416,2.694,2.970,3.251,3.538,3.793,4.063,4.313,4.585,4.837,
2,63,0.084,0.326,0.638,0.850,1.103,1.343,1.586,1.807,
2,64,0.033,0.270,0.517,0.750,1.017,1.279,1.517,1.767,1.996,2.216,2.477,2.713,2.977,3.232,3.463,
2,65,0.121,0.403,0.653,0.902,1.206,1.389,1.683,1.927,2.197,2.447,2.676,2.966,3.232,3.497,3.752,4.023,4.313,4.580,4.859,5.157,5.440,5.700,5.979,
2,66,0.052,0.262,0.483,0.718,0.996,
2,67,0.265,0.557,0.795,1.069,
2,68,0.113,0.363,0.604,0.854,1.147,1.397,1.679,1.951,2.232,2.498,2.789,3.056,
2,69,0.071,0.317,0.585,0.849,
2,70,0.141,0.391,0.654,0.901,1.166,1.467,1.749,2.025,2.285,2.577,2.812,3.074,3.334,
2,71,0.096,0.323,0.534,0.774,1.024,
2,72,0.162,0.407,0.707,0.940,
2,73,0.144,0.394,0.644,0.894,1.151,1.431,1.688,2.011,2.253,
2,74,0.085,0.331,0.590,0.875,1.158,1.411,1.733,2.110,2.363,2.617,2.890,
2,75,0.028,0.245,0.512,0.762,1.012,1.262,1.488,1.726,1.969,2.230,2.491,2.718,2.962,3.196,3.433,3.696,3.948,4.205,4.453,
2,76,0.201,0.453,0.692,0.953,
2,77,0.038,0.271,0.543,0.803,1.048,1.278,1.522,1.772,2.022,2.272,2.481,2.732,2.982,3.272,3.527,3.773,4.040,4.298,4.550,
2,78,0.281,0.524,0.774,1.024,1.274,1.528,1.804,2.069,2.316,2.593,2.846,3.103,3.353,3.582,3.848,4.149,4.449,
2,79,0.144,0.394,0.644,0.894,1.166,1.421,1.712,1.958,2.239,2.550,2.784,3.088,3.341,3.605,3.856,4.126,4.427,4.687,4.959,
2,80,0.246,0.522,0.781,1.036,1.298,1.579,1.828,2.102,2.374,2.645,2.927,3.173,3.474,3.797,4.050,4.329,4.559,4.839,5.144,5.424,5.688,
2,81,0.251,0.515,0.792,1.057,1.336,1.583,1.841,2.173,2.465,2.710,2.985,3.249,3.548,3.796,4.102,4.400,4.667,4.973,
2,82,0.069,0.327,0.582,1.019,1.526,1.796,2.054,2.301,2.595,2.870,3.144,3.400,3.659,3.939,4.144,4.398,4.644,4.853,5.100,5.543,5.783,6.035,
2,83,0.284,0.529,0.815,1.068,1.324,1.579,1.854,2.112,2.414,2.693,2.982,3.249,3.529,3.770,4.072,4.368,4.645,4.908,5.182,5.469,5.766,6.022,6.263,6.516,
2,84,0.296,0.556,0.851,
2,85,0.233,0.468,0.697,0.927,1.170,1.393,1.643,1.897,2.117,2.367,2.644,2.894,3.144,3.371,
2,86,0.068,0.289,0.517,0.739,0.957,1.209,1.489,1.768,1.979,2.210,2.496,2.774,3.030,3.288,
2,87,0.222,0.490,0.764,1.014,1.298,1.555,1.815,2.061,2.352,2.609,2.872,3.162,3.425,3.680,4.174,4.426,4.707,4.972,5.220,5.475,5.741,
2,88,0.171,0.446,0.694,0.952,1.220,1.484,1.748,2.024,2.281,2.549,2.869,3.141,3.398,3.671,3.945,4.275,4.525,4.800,5.057,5.312,5.576,5.840,6.094,6.350,6.643,6.896,7.162,7.406,
2,89,0.351,0.623,0.861,1.094,1.315,1.581,1.835,2.080,2.306,2.554,2.798,3.037,3.280,3.493,3.774,4.020,4.270,4.527,4.798,5.085,5.371,5.666,5.971,
2,90,0.272,0.536,0.799,1.043,1.317,1.572,1.861,
2,91,0.180,0.387,0.620,0.847,1.137,1.387,1.644,1.921,2.182,2.454,2.705,3.001,3.282,3.580,3.867,4.184,4.483,4.735,5.040,5.316,5.589,5.893,
2,92,0.117,0.336,0.474,0.772,0.986,1.227,1.465,1.767,2.017,2.288,2.597,2.864,3.167,
2,93,0.244,0.513,0.788,1.065,1.358,1.689,1.994,2.281,2.585,2.898,3.148,3.398,3.668,3.942,4.210,4.557,4.871,5.164,5.482,5.737,6.080,
2,94,0.136,0.405,0.663,0.948,1.245,1.523,1.814,2.103,2.387,2.831,3.079,3.406,3.663,3.926,
2,95,0.178,0.501,0.735,0.983,1.273,1.533,1.771,2.047,2.316,2.606,2.870,
2,96,0.109,0.367,0.612,0.855,1.141,1.421,1.720,
2,97,0.082,0.326,0.581,0.874,
2,98,0.029,0.248,0.512,
2,99,0.181,0.417,0.680,0.947,1.211,1.476,1.803,2.052,2.518,2.798,3.059,3.329,3.625,3.885,4.171,4.480,4.735,
2,100,0.053,0.306,0.571,0.848,
2,101,0.266,0.558,0.805,1.067,1.347,1.625,
2,102,0.174,0.412,0.696,0.939,1.186,1.432,1.690,1.980,2.238,2.555,2.823,3.084,3.355,3.590,3.875,4.118,4.372,4.599,4.836,
2,103,0.038,0.321,0.568,0.791,1.022,1.238,1.522,1.788,2.064,2.306,2.567,2.863,3.074,3.345,
2,104,0.184,0.425,0.667,0.927,1.180,1.464,1.702,1.986,2.243,2.510,2.784,3.011,3.273,3.725,4.031,
2,105,0.146,0.411,0.668,0.923,1.212,1.484,1.763,2.014,2.343,2.592,2.873,3.157,3.455,3.750,4.044,4.343,4.617,4.925,5.246,5.542,
2,106,0.138,0.388,0.645,0.895,1.173,1.452,1.707,1.994,2.273,2.557,2.839,3.086,3.346,3.640,3.961,4.238,4.524,4.774,5.068,5.335,
2,107,0.084,0.322,0.569,0.790,1.238,1.494,1.725,1.967,2.228,2.456,2.718,2.969,3.245,3.493,3.787,4.022,4.279,4.557,4.800,5.048,5.299,5.551,5.820,6.116,6.363,6.660,6.907,7.208,7.524,7.774,8.034,8.306,8.597,
2,108,0.119,0.393,0.668,0.897,1.158,1.430,1.695,1.986,2.210,2.484,2.749,3.037,3.271,3.548,3.848,4.179,4.487,4.773,5.047,5.310,
2,109,0.213,0.519,0.776,1.073,1.374,1.675,1.965,
2,110,0.156,0.413,0.701,0.950,1.221,1.501,1.779,2.029,2.285,2.542,2.834,3.107,3.357,
2,111,0.242,0.517,0.741,1.037,1.310,1.594,1.908,2.198,2.440,2.735,3.018,3.327,3.654,3.948,4.245,4.541,4.801,5.066,5.319,5.593,5.853,6.110,6.372,6.653,6.906,7.175,
2,112,0.120,0.371,
2,113,0.092,0.320,0.565,0.835,1.115,1.388,1.672,1.951,2.225,2.531,2.845,3.139,3.459,3.710,3.988,4.273,4.523,4.780,5.084,5.342,5.640,
2,114,0.204,0.469,
2,115,0.148,0.408,0.707,0.966,1.242,1.519,1.825,2.076,2.368,2.650,2.933,3.228,3.487,3.767,4.058,4.306,4.650,4.913,5.173,5.491,5.796,6.054,6.366,6.676,
2,116,0.185,0.430,0.680,0.938,1.246,1.484,1.778,
2,117,0.353,0.605,0.855,1.114,1.414,1.681,1.970,2.238,2.529,2.810,3.070,3.325,3.622,3.859,4.245,4.535,4.826,5.110,5.399,5.666,5.962,6.269,6.538,
2,118,0.181,0.426,0.707,0.941,1.206,1.502,1.797,
2,119,0.082,0.337,0.608,0.854,1.148,1.398,1.663,1.918,2.188,2.469,2.735,3.015,3.316,3.571,3.903,4.163,4.450,
2,120,0.038,0.292,0.615,0.908,1.179,1.488,1.902,2.169,
2,121,0.147,0.397,0.605,0.868,
2,122,0.028,0.268,0.556,0.799,1.094,1.334,1.605,1.896,
2,123,0.056,0.333,0.601,
2,124,0.060,0.358,
2,125,0.337,0.605,0.863,
2,126,0.306,0.548,0.816,1.064,1.343,1.598,1.892,2.210,2.525,2.829,3.175,3.434,3.691,4.000,4.276,4.577,4.828,5.117,5.583,
2,127,0.228,0.563,0.783,1.012,
2,128,0.283,0.603,0.900,1.150,1.456,1.783,2.029,2.306,2.619,2.910,3.240,3.570,3.823,4.148,4.413,
2,129,0.229,0.487,0.747,1.000,1.272,1.678,1.914,2.180,2.473,2.749,3.037,3.280,3.578,3.837,4.137,4.374,4.637,
2,130,0.040,0.277,0.539,0.784,1.054,1.294,1.537,1.809,2.076,2.365,2.656,2.936,3.195,3.482,3.735,3.946,4.213,4.465,4.769,5.019,5.269,5.531,5.845,6.098,
2,131,0.039,0.301,0.585,0.849,
2,132,0.154,0.374,
2,133,0.276,0.509,0.728,0.978,1.231,1.520,1.746,
2,134,0.146,0.396,
2,135,0.082,0.314,0.573,0.834,1.082,1.349,1.610,1.900,2.138,2.400,2.728,2.966,3.223,3.468,3.767,4.017,4.282,4.561,4.841,5.107,5.399,
2,136,0.136,0.389,0.653,0.903,
2,137,0.267,0.518,0.764,1.034,1.243,1.474,1.765,1.986,2.234,2.497,2.736,2.990,3.249,
2,138,0.033,0.266,0.516,0.767,1.017,1.294,1.556,1.823,2.104,2.372,2.651,2.901,3.198,
2,139,0.282,0.540,0.841,1.066,1.328,1.615,1.870,2.148,2.445,2.712,2.987,3.242,3.521,3.783,4.067,4.352,4.592,4.873,5.126,5.389,5.639,5.908,6.176,6.453,6.679,6.953,7.178,7.446,7.707,7.956,8.232,8.488,8.738,8.988,9.246,9.524,
2,140,0.238,0.503,0.852,1.017,1.187,1.410,1.650,1.877,2.157,2.435,2.683,2.977,3.268,3.535,3.829,4.087,4.385,4.695,
2,141,0.116,0.343,0.558,0.806,1.027,1.251,1.457,1.691,1.923,2.175,2.395,2.618,2.869,3.103,3.348,3.607,3.839,4.080,4.323,4.603,
2,142,0.111,0.326,0.585,0.804,1.022,1.272,1.494,1.948,2.273,2.443,2.663,2.900,3.140,3.390,3.640,3.890,4.155,4.415,4.641,4.913,5.155,5.413,5.663,5.933,6.188,6.440,
2,143,0.038,0.299,0.542,0.785,1.038,
2,144,0.210,0.458,0.707,0.975,1.205,1.450,1.696,1.957,2.187,2.439,2.691,2.928,3.233,3.460,3.711,3.959,4.247,4.515,
2,145,0.245,0.471,0.743,1.000,1.267,1.527,1.804,2.017,2.302,2.540,2.848,3.083,3.339,3.591,3.885,4.142,4.397,4.676,4.965,5.248,5.500,
2,146,0.089,0.345,0.622,0.886,1.136,1.386,1.687,
2,147,0.032,0.285,0.569,0.810,1.055,1.363,1.582,1.842,2.150,2.376,2.662,2.910,3.214,3.474,3.729,4.021,4.274,4.539,4.809,5.084,5.343,5.613,5.902,6.179,6.456,6.768,7.022,7.322,7.599,7.886,8.238,8.551,8.842,9.110,9.386,9.666,9.935,10.192,
2,148,0.052,0.312,0.559,0.816,1.104,1.486,
2,149,0.039,0.295,0.543,0.789,1.063,1.327,1.579,1.830,2.114,2.354,2.641,2.894,
