0,1,0.112,0.345,0.581,0.819,
0,1,0.135,0.347,0.561,0.789,1.018,1.215,1.438,1.662,1.870,2.087,2.310,2.530,2.733,2.943,3.166,3.376,3.616,3.849,4.056,4.276,4.520,4.738,4.952,5.174,5.407,5.647,5.875,6.108,6.351,6.573,6.797,7.021,7.233,7.443,7.648,7.844,8.060,8.288,8.522,8.727,8.952,9.183,9.394,9.625,9.847,10.077,10.301,
0,1,0.046,0.328,0.569,0.809,1.059,1.319,1.562,
0,1,0.232,0.433,0.676,
1,1,0.243,0.484,0.746,0.996,
1,2,0.217,0.453,0.671,0.908,1.152,1.387,1.679,1.888,2.087,2.328,2.534,2.776,3.000,3.245,3.478,3.719,3.954,4.216,4.442,4.680,4.923,5.153,5.398,5.661,5.887,6.099,6.310,6.527,6.771,6.988,7.203,7.431,7.667,7.895,8.100,8.316,8.534,8.772,8.996,9.202,9.418,9.651,9.876,10.108,10.331,10.557,10.797,11.023,11.245,11.470,11.696,11.925,12.144,12.371,12.587,12.824,13.044,13.274,13.524,13.748,13.967,14.207,14.403,14.627,14.844,15.086,15.317,15.529,15.744,15.983,16.194,16.424,16.667,16.893,17.143,17.367,17.615,17.830,18.071,18.296,
1,3,0.266,0.557,
1,4,0.252,0.477,0.699,0.933,1.172,1.388,1.605,1.839,2.078,2.272,2.479,2.702,2.969,3.199,3.452,3.676,3.916,4.154,4.390,4.624,4.861,5.096,5.334,5.557,5.777,6.024,6.226,6.451,6.660,6.869,7.068,7.304,7.524,7.729,7.947,8.173,8.391,8.642,8.858,9.086,9.300,9.529,9.763,9.982,10.206,10.447,10.679,10.920,11.143,11.333,11.560,11.760,11.966,12.185,12.411,12.617,12.846,13.052,13.249,13.472,13.689,13.908,14.346,14.537,14.739,14.978,15.201,15.445,15.829,16.012,16.243,16.488,16.724,16.957,17.202,17.457,17.697,17.952,18.231,18.494,18.739,18.992,19.208,19.443,19.710,19.951,20.181,20.417,20.647,20.871,21.097,21.323,21.539,21.768,21.998,22.187,22.418,22.648,22.865,23.084,23.309,23.532,23.785,24.016,24.208,24.431,24.656,24.899,25.096,25.337,25.586,25.828,26.102,26.294,26.517,26.748,26.986,27.226,27.457,27.697,27.913,28.154,28.391,28.621,28.843,29.084,29.315,29.568,29.788,30.048,30.278,30.519,30.752,30.983,31.214,31.458,31.709,31.952,32.206,
1,5,0.332,0.588,
1,6,0.289,0.512,0.740,0.966,1.199,1.449,1.687,1.935,2.175,2.418,2.670,2.923,3.146,3.372,3.606,3.844,4.091,4.310,4.555,4.776,4.997,5.243,5.474,5.694,5.930,6.151,6.417,6.665,6.915,7.187,7.423,7.653,7.899,8.098,8.331,8.560,8.780,9.002,9.234,9.473,9.713,9.919,10.165,10.417,
1,7,0.213,0.442,0.651,
1,8,0.098,0.296,0.537,
1,9,0.144,0.365,0.612,0.846,1.086,1.323,1.572,1.825,2.075,2.292,2.536,2.805,3.050,3.279,3.535,3.765,3.986,4.216,4.471,4.702,4.952,5.173,5.409,5.608,5.837,
1,10,0.275,0.479,0.690,0.918,1.161,1.392,1.642,1.871,2.109,2.345,2.611,2.854,3.092,3.323,3.553,3.794,4.022,4.264,4.501,4.729,4.983,5.195,5.413,5.650,5.913,6.077,6.297,6.520,6.745,6.973,7.196,7.412,7.648,7.861,8.095,8.319,8.548,8.768,8.983,9.209,9.432,9.660,9.863,10.070,10.300,
1,11,0.266,0.471,0.699,0.908,1.145,1.376,1.646,1.864,2.092,2.331,2.573,2.826,3.061,3.285,3.532,3.767,4.013,4.247,4.478,4.728,4.967,5.211,5.442,5.654,5.898,6.110,6.333,6.568,6.816,7.052,7.297,7.527,7.765,8.015,8.227,8.458,8.686,8.929,9.169,9.403,9.649,9.900,10.121,10.349,10.600,10.821,11.061,11.289,11.501,11.704,11.911,12.116,12.328,12.567,12.807,13.032,13.307,13.518,13.742,13.968,14.218,14.463,14.706,14.956,15.191,15.434,15.679,15.925,16.153,16.386,16.636,16.857,17.145,17.413,17.623,17.870,18.103,18.366,18.579,18.836,19.073,19.293,19.531,19.771,20.021,20.252,20.482,20.720,20.954,21.186,21.423,21.657,21.889,22.139,22.368,22.606,22.828,23.071,23.302,23.547,23.785,24.023,24.273,24.470,24.742,24.965,25.157,25.410,25.640,25.903,26.151,26.405,26.641,26.874,27.141,27.357,27.611,27.876,28.069,28.292,28.549,28.820,29.035,29.282,29.567,29.803,30.026,30.259,30.509,30.728,30.988,31.226,31.474,31.733,31.964,32.198,
1,12,0.279,0.522,0.749,0.986,1.223,1.459,1.710,1.938,2.194,2.416,2.651,2.901,3.144,3.394,3.621,3.861,4.103,4.339,4.572,4.818,5.052,5.281,5.512,5.733,5.955,6.196,6.403,6.673,6.896,7.100,7.335,7.582,7.814,8.072,8.310,8.552,8.764,8.992,9.222,9.481,9.706,9.937,10.170,10.417,
1,13,0.290,0.513,0.719,0.946,
1,14,0.199,0.433,0.625,0.846,1.088,1.274,1.473,1.663,1.886,
1,15,0.274,0.501,0.763,0.963,1.198,1.454,1.696,1.941,2.197,2.427,2.648,2.898,3.148,3.358,3.581,3.811,4.239,4.435,4.658,4.863,5.096,5.332,5.522,5.766,5.980,6.237,6.434,6.676,6.917,7.161,7.400,7.624,7.861,8.097,8.313,8.551,8.787,9.024,9.234,9.479,9.651,9.868,10.084,10.335,
1,16,0.264,0.498,0.694,0.920,1.148,1.358,1.591,1.819,2.018,2.244,2.472,2.703,2.940,3.176,3.414,3.656,3.876,4.118,4.342,4.567,4.778,5.016,5.239,5.461,5.706,5.924,6.124,6.348,6.563,6.801,7.027,7.234,7.445,7.666,7.872,8.106,8.307,8.518,8.747,8.982,9.223,9.435,9.650,9.851,10.082,10.313,10.565,10.806,11.019,11.269,11.502,11.721,11.964,12.215,12.415,12.654,12.860,13.111,13.344,13.570,13.804,14.052,14.277,14.484,14.715,14.924,15.164,15.388,15.667,15.832,16.110,16.301,16.529,16.772,16.979,17.220,17.452,17.676,17.919,18.156,18.389,
1,17,0.266,0.453,0.708,0.906,1.159,1.419,1.653,1.900,2.157,2.412,2.657,2.903,3.182,3.413,3.678,3.918,4.178,4.413,4.722,4.962,5.218,5.467,5.742,5.985,6.218,6.455,6.711,6.989,7.229,7.493,7.745,7.988,8.249,8.519,8.770,8.993,9.210,9.435,9.672,9.919,10.148,10.374,10.597,10.849,11.079,11.315,11.550,11.778,12.021,12.231,12.468,12.929,13.138,13.388,13.597,13.838,14.095,14.329,14.576,14.816,15.047,15.273,15.523,15.735,15.970,16.164,16.364,16.607,16.818,17.043,17.277,17.488,17.715,17.916,18.147,18.391,18.641,18.877,19.107,19.350,19.605,19.833,20.062,20.275,20.487,20.725,20.958,21.209,21.453,21.701,21.966,22.209,22.442,22.689,22.942,23.155,23.393,23.622,23.845,24.088,24.299,24.530,24.760,25.011,25.211,25.463,25.703,25.953,26.176,26.426,26.657,26.895,27.145,27.349,27.591,27.833,28.075,28.345,28.558,28.786,29.027,29.266,29.513,29.739,29.983,30.213,30.450,30.693,30.953,31.196,31.424,31.647,31.876,32.100,
1,18,0.202,0.453,0.647,0.846,1.072,1.293,1.492,1.713,1.936,2.147,2.360,2.581,2.799,3.014,3.233,3.462,3.692,3.921,4.152,4.368,4.600,4.817,5.081,5.317,5.552,5.809,6.043,6.278,6.516,6.766,7.016,7.228,7.463,7.716,7.963,8.210,8.461,8.714,8.954,9.195,9.428,9.661,9.918,10.139,10.363,10.589,10.822,11.052,11.327,11.596,11.805,12.025,12.251,12.466,12.728,12.980,13.236,13.469,13.702,13.914,14.156,14.386,14.626,14.858,15.074,15.317,15.550,15.774,16.021,16.241,16.477,16.718,16.956,17.183,17.412,17.641,17.857,18.104,18.323,
1,19,0.228,0.487,0.723,0.961,1.243,1.476,1.722,1.995,2.214,2.462,2.717,2.965,3.210,3.423,3.669,3.899,4.122,4.339,4.594,4.825,5.048,5.266,5.502,5.750,5.981,6.204,6.415,6.657,6.891,7.134,7.384,7.578,7.821,8.083,8.336,8.555,8.795,9.018,9.268,9.477,9.728,9.946,10.179,10.402,10.635,10.888,11.107,11.333,11.563,11.804,12.029,12.270,12.496,12.770,12.988,13.233,13.474,13.687,13.913,14.166,14.358,14.599,14.805,15.053,15.274,15.492,15.717,15.971,16.222,16.447,16.673,16.915,17.139,17.357,17.556,17.811,18.047,18.287,18.489,
1,20,0.304,0.530,0.769,1.016,1.266,1.516,1.793,2.060,2.308,2.569,2.906,3.150,3.374,3.650,3.900,4.150,4.404,4.663,4.928,5.176,5.406,5.651,5.911,
1,21,0.285,0.542,0.772,1.023,1.240,1.468,1.715,1.970,2.203,2.441,2.684,2.925,3.170,3.403,3.644,3.860,4.058,4.274,4.476,4.712,4.984,5.239,5.544,5.821,
1,22,0.176,0.393,0.639,0.865,1.093,1.319,
1,23,0.047,0.290,0.518,0.735,0.973,1.205,1.441,1.691,1.960,2.206,2.475,2.714,2.968,3.231,3.520,3.748,3.973,4.219,4.459,4.719,4.962,5.209,5.464,5.741,5.966,
1,24,0.243,0.457,
1,25,0.180,0.466,0.702,0.952,1.185,1.426,1.685,1.943,2.213,2.441,2.698,2.941,3.186,
1,26,0.240,0.458,0.674,0.895,1.124,1.358,1.616,1.895,2.146,2.396,2.646,2.896,3.146,3.396,3.646,3.876,4.108,4.366,4.612,4.897,5.147,5.434,5.657,5.907,6.169,6.424,6.694,6.942,7.199,7.466,7.746,8.015,8.269,8.515,8.790,9.015,9.288,9.522,9.769,10.036,10.301,
1,27,0.247,0.483,0.726,0.977,1.216,1.492,1.730,1.978,2.235,2.478,2.745,3.017,3.282,3.544,3.821,4.108,4.374,4.613,4.901,5.159,5.402,5.698,5.953,6.235,6.522,6.795,7.060,7.343,7.573,7.855,8.112,8.365,8.616,8.886,9.146,9.387,9.637,9.887,10.137,10.390,
1,28,0.249,0.438,0.696,0.948,1.233,1.528,1.764,
1,29,0.163,0.413,0.665,0.926,1.190,
1,30,0.267,0.515,
1,31,0.226,0.471,0.716,0.964,1.210,1.460,1.724,
1,32,0.159,0.415,0.665,0.895,1.138,1.386,1.636,1.900,2.141,2.389,2.651,2.920,3.170,3.433,
1,33,0.221,0.455,0.717,0.968,1.249,
1,34,0.163,0.411,0.654,0.891,1.144,1.419,1.661,1.940,2.175,2.459,2.680,2.929,3.195,3.465,3.714,3.954,4.210,4.472,4.731,4.986,5.252,5.523,5.800,6.036,6.273,6.538,6.783,7.048,7.303,7.574,7.829,8.078,8.336,8.610,8.902,9.181,9.443,9.735,9.989,10.229,10.472,
1,35,0.270,0.542,0.816,1.077,1.361,1.623,1.908,2.194,2.467,2.742,3.021,3.293,
1,36,0.061,0.275,0.513,0.734,0.975,1.242,1.478,1.730,1.990,
1,37,0.230,0.481,0.716,0.952,1.189,1.437,1.696,1.953,2.194,2.444,2.691,2.940,3.200,3.416,3.687,3.941,4.200,4.453,4.716,4.990,5.242,5.490,5.722,5.995,
1,38,0.181,0.451,0.696,0.944,1.184,1.422,1.714,1.937,2.190,2.466,2.748,2.981,3.263,3.551,3.766,4.042,4.273,4.550,4.791,5.044,5.335,5.611,5.843,6.113,6.398,6.648,6.915,7.182,7.469,7.727,8.001,8.251,8.535,8.819,9.094,9.399,9.649,9.906,10.186,10.448,10.733,11.020,11.318,11.608,11.845,12.125,12.400,12.655,12.923,13.156,13.423,13.691,13.965,14.288,14.587,14.902,15.268,15.533,15.830,16.122,16.464,16.724,17.019,17.343,17.663,17.947,18.229,
1,39,0.293,0.525,0.790,1.093,1.314,1.588,1.857,
1,40,0.284,0.599,0.797,1.068,1.338,1.599,1.834,2.111,2.439,2.686,2.936,3.216,3.498,3.867,4.153,4.445,4.677,4.952,5.224,5.477,5.720,6.024,6.295,6.552,6.840,7.074,7.349,7.600,7.856,8.135,8.388,8.682,8.908,9.213,9.483,9.729,9.999,10.300,10.569,10.869,11.167,11.422,11.711,11.977,12.277,12.521,12.771,13.036,13.330,13.588,13.888,14.138,14.398,14.772,14.981,15.241,15.489,15.790,16.101,16.343,16.576,16.845,17.126,17.414,17.677,17.995,18.228,18.524,
1,41,0.054,0.460,0.649,0.838,1.038,1.244,1.649,1.847,2.149,2.543,2.743,2.963,3.228,3.469,3.767,3.993,4.244,4.499,4.741,4.981,5.219,5.457,5.688,5.940,6.203,6.455,6.902,7.101,7.342,7.600,7.876,8.197,8.390,8.624,8.896,9.158,9.424,9.660,9.896,10.136,10.427,
1,42,0.275,0.451,0.649,0.874,1.078,1.303,1.538,1.806,2.029,2.296,2.569,2.789,3.047,3.282,3.501,3.742,3.999,4.261,4.481,4.715,4.919,5.145,5.395,5.621,5.834,
1,43,0.242,0.451,0.667,0.893,1.117,1.350,1.533,1.767,1.985,2.223,2.462,2.678,2.894,3.144,3.394,3.596,3.822,4.049,4.261,4.456,4.687,4.905,5.145,5.361,5.579,5.788,6.012,6.214,6.469,6.678,6.903,7.196,7.396,7.646,7.831,8.055,8.305,8.546,8.737,8.941,9.147,9.400,9.647,9.858,10.092,10.311,10.538,10.776,11.031,11.232,11.494,11.717,11.937,12.163,12.373,12.598,12.832,13.081,13.290,13.522,13.766,13.967,14.206,14.431,14.672,14.900,15.150,15.345,15.558,15.767,15.988,16.207,16.435,16.665,16.904,17.110,17.358,17.584,17.797,18.034,18.268,18.500,18.723,18.965,19.202,19.429,19.664,19.902,20.106,20.344,20.587,20.823,21.036,21.269,21.475,21.691,21.907,22.145,22.391,22.603,22.860,23.062,23.292,23.524,23.771,24.021,24.238,24.484,24.717,24.928,25.160,25.394,25.652,25.870,26.125,26.350,26.590,26.799,27.049,27.252,27.477,27.716,27.961,28.206,28.431,28.679,28.912,29.140,29.396,29.640,29.837,30.068,30.301,30.539,30.774,31.027,31.278,31.524,31.963,32.154,
1,44,0.296,0.558,0.789,1.058,1.269,1.536,1.769,2.032,2.270,2.520,
1,45,0.326,0.593,0.817,1.059,1.321,1.574,1.834,2.096,2.327,2.596,2.851,3.102,3.337,
1,46,0.154,0.415,0.669,0.976,1.247,
1,47,0.292,0.525,0.766,1.016,
1,48,0.267,0.517,0.774,1.017,1.226,1.467,1.784,1.967,2.208,2.676,2.914,3.171,3.414,3.652,3.900,4.135,4.395,4.650,4.885,5.117,5.347,5.595,5.828,6.066,6.299,6.549,6.787,7.023,7.270,7.532,7.770,8.020,8.270,8.520,8.783,9.021,9.246,9.460,9.713,10.184,10.397,10.643,10.872,11.112,11.372,11.583,11.828,12.078,12.316,12.544,12.786,13.036,13.273,13.523,13.780,14.030,14.283,14.545,14.801,15.043,15.277,15.524,15.738,15.993,16.251,16.496,16.774,17.025,17.275,17.525,17.747,17.994,18.242,18.529,18.775,19.035,19.283,19.526,19.771,20.038,20.262,20.496,20.726,21.051,21.248,21.493,21.729,21.998,22.232,22.487,22.724,22.974,23.208,23.438,23.715,23.933,24.162,24.409,24.652,24.895,25.145,25.366,25.599,25.837,26.082,26.343,26.592,26.804,27.031,27.275,27.544,27.752,28.028,28.249,28.487,28.716,28.963,29.226,29.429,29.664,29.924,30.170,30.415,30.660,30.932,31.155,31.398,31.688,
1,49,0.309,0.552,0.792,1.025,
1,50,0.267,0.476,0.689,0.925,1.173,1.413,1.646,1.901,2.137,2.368,2.608,2.844,3.101,3.320,
1,51,0.282,0.497,0.720,0.982,1.206,1.450,1.669,1.899,2.153,2.409,2.626,2.861,3.099,3.347,3.585,3.818,4.071,4.352,4.581,4.821,5.059,5.346,5.554,5.782,6.035,6.280,6.530,6.772,7.018,7.275,7.532,7.803,8.038,8.291,8.548,8.776,9.019,9.250,9.492,9.750,10.020,10.270,10.520,10.748,10.992,11.270,11.520,12.021,12.271,12.487,12.717,12.971,13.198,13.446,13.688,13.926,14.185,14.413,14.685,14.915,15.139,15.404,15.639,15.873,16.139,16.363,16.611,16.866,17.118,17.364,17.626,17.867,18.107,18.344,18.597,18.825,19.101,19.311,19.581,19.792,20.054,20.274,20.525,20.775,20.995,21.224,21.477,21.715,21.953,22.208,22.461,22.686,22.944,23.208,23.427,23.692,23.937,24.180,24.440,24.704,24.957,25.210,25.445,25.695,25.926,26.205,26.455,26.691,26.939,27.188,27.434,27.667,27.901,28.155,28.395,28.645,28.895,29.145,29.376,29.617,29.854,30.112,30.367,30.653,30.896,31.120,31.375,31.647,31.897,32.115,
1,52,0.167,0.418,0.691,0.930,1.165,1.518,1.797,2.042,2.542,2.765,3.025,3.249,3.516,3.769,4.028,4.281,4.577,4.842,5.124,5.400,5.683,5.920,
1,53,0.187,0.439,0.710,0.952,1.236,1.489,1.735,2.022,2.315,2.649,2.899,3.181,3.414,
1,54,0.301,0.562,0.808,1.078,1.345,1.613,1.908,2.210,2.489,2.747,3.081,3.385,3.654,3.981,4.269,4.580,4.830,5.136,5.417,5.769,
1,55,0.312,0.584,0.860,1.116,1.403,1.677,
1,56,0.319,0.565,0.820,1.100,1.364,1.623,1.890,
1,57,0.267,0.526,
1,58,0.254,0.484,0.813,1.053,1.337,1.659,1.937,2.296,2.622,2.966,3.273,3.586,3.896,4.273,4.585,4.890,5.155,5.437,5.774,6.024,6.274,6.551,6.833,7.088,7.350,7.600,7.892,8.142,8.420,8.688,8.978,9.259,9.548,9.893,10.146,10.396,10.680,10.996,11.276,11.524,11.821,12.091,12.350,12.618,12.918,13.168,13.456,13.713,14.002,14.305,14.563,14.847,15.111,15.395,15.672,15.942,16.187,16.440,16.719,17.013,17.266,17.519,17.906,18.146,18.438,
1,59,0.274,0.544,0.789,1.072,1.316,1.608,1.911,2.288,2.499,2.819,3.092,3.396,
1,60,0.270,0.517,0.767,1.017,1.302,1.588,1.837,2.101,2.384,2.664,2.982,3.268,
1,61,0.149,0.399,0.698,0.973,1.267,1.533,1.829,2.102,2.430,2.709,3.166,3.483,3.768,4.069,4.346,4.658,4.978,5.272,5.542,5.863,6.155,6.468,6.776,7.119,7.433,7.739,8.117,8.394,8.682,8.974,9.292,9.586,9.921,10.200,10.483,10.775,11.070,11.354,11.683,11.948,12.272,12.556,12.833,13.139,13.438,13.772,
1,62,0.243,0.524,0.767,0.976,
1,63,0.344,0.576,0.830,1.064,
1,64,0.284,0.534,0.819,1.031,1.234,1.464,1.703,1.923,2.185,2.413,2.645,3.084,3.268,3.525,3.737,4.026,4.279,4.563,4.809,5.075,5.311,5.607,5.854,6.120,6.393,6.644,6.903,7.183,7.435,7.703,7.965,8.244,8.460,8.701,8.929,9.162,9.451,9.694,9.927,10.245,10.476,
1,65,0.267,0.534,0.733,0.964,1.199,1.415,1.848,2.069,2.268,2.499,2.768,2.970,3.176,3.414,3.645,3.941,4.158,4.402,4.674,4.917,5.136,5.369,5.587,5.816,6.042,6.316,6.532,6.776,7.020,7.248,7.491,7.729,7.964,8.270,8.468,8.692,8.928,9.179,9.416,9.667,9.906,10.155,10.395,10.616,10.823,11.071,11.275,11.493,11.748,11.989,12.239,12.469,12.683,12.924,13.156,13.410,13.684,13.896,14.157,14.390,14.640,14.869,15.109,15.390,15.624,15.870,16.165,16.391,16.653,16.894,17.141,17.375,17.642,17.876,18.109,18.354,
1,66,0.350,0.606,0.893,1.159,1.414,1.896,2.140,2.347,2.582,2.827,3.090,3.330,3.580,3.838,4.092,4.348,4.588,4.835,5.080,5.328,5.561,5.790,
1,67,0.220,0.446,0.679,0.911,1.159,1.409,1.650,1.869,2.087,2.303,2.554,2.767,2.986,3.267,3.469,3.746,3.965,4.200,4.475,4.686,4.950,5.198,5.443,5.699,5.976,6.211,6.459,6.674,6.893,7.136,7.386,7.625,7.843,8.105,8.355,8.601,8.853,9.122,9.387,9.601,9.856,10.144,10.339,10.607,10.810,11.047,11.308,11.605,11.835,12.096,12.372,12.620,12.872,13.138,13.389,13.661,13.950,14.173,14.450,14.695,14.950,15.156,15.405,15.667,15.890,16.113,16.334,16.590,16.806,17.036,17.274,17.524,17.731,17.937,18.158,18.357,18.774,19.069,19.306,19.562,19.819,20.113,20.371,20.624,20.864,21.142,21.369,21.627,21.893,22.143,22.422,22.653,22.905,23.165,23.410,23.685,23.947,24.225,24.465,24.727,25.203,25.431,25.670,25.914,26.148,26.395,26.672,26.898,27.165,27.415,27.660,27.899,28.173,28.420,28.678,28.935,29.175,29.431,29.710,29.948,30.210,30.453,30.705,30.963,31.218,31.464,
1,68,0.191,0.468,0.796,1.037,1.265,1.499,1.765,1.992,2.399,2.827,3.094,
1,69,0.271,0.521,0.733,0.962,1.239,1.485,1.731,1.981,2.211,2.444,2.722,2.977,3.248,3.458,3.746,3.974,4.233,4.497,4.773,5.023,5.288,5.527,5.774,6.024,6.301,6.568,6.826,7.096,7.371,7.623,7.891,8.142,8.392,8.676,8.902,9.142,9.409,9.701,9.924,10.143,10.360,10.621,10.864,11.143,11.333,11.610,11.846,12.108,12.358,12.563,12.779,13.052,13.327,13.612,13.894,14.101,14.545,14.750,15.077,15.290,15.582,15.866,16.087,16.361,16.646,16.896,17.146,17.406,17.705,17.987,18.277,18.581,18.782,19.046,19.330,19.574,19.832,20.095,20.348,20.602,20.898,21.172,21.398,21.661,21.937,22.185,22.445,22.690,22.933,23.181,23.413,23.671,23.919,24.193,24.436,24.691,24.936,25.194,25.424,25.692,25.949,26.204,26.435,26.712,26.949,27.232,27.479,27.724,28.018,28.268,28.530,28.807,29.034,29.288,29.543,29.805,30.046,30.336,30.599,30.886,31.136,31.401,31.646,31.915,32.179,
1,70,0.283,0.558,0.810,1.124,1.369,1.624,1.900,
1,71,0.212,0.451,0.708,0.988,1.243,1.523,1.780,2.027,2.280,2.704,2.959,3.274,3.551,3.813,4.098,4.391,4.661,4.941,5.203,5.465,5.718,5.989,6.230,6.458,6.723,6.973,7.206,7.446,7.680,8.159,8.425,8.660,8.925,9.244,9.455,9.724,9.948,10.186,10.485,
1,72,0.245,0.446,0.693,0.963,1.213,1.452,1.701,1.973,2.234,2.493,2.739,3.017,3.227,3.467,3.700,3.950,4.169,4.419,4.679,4.933,5.186,5.441,5.697,5.912,
1,73,0.175,0.434,0.698,0.933,1.200,1.414,1.646,1.893,
1,74,0.080,0.345,0.619,0.896,1.156,1.451,1.704,1.962,2.225,2.514,2.783,3.021,3.274,3.536,3.809,4.068,4.343,4.604,4.855,5.120,5.398,5.649,5.902,6.171,6.428,6.691,6.972,7.231,7.493,7.766,8.016,8.279,8.517,8.791,9.070,9.341,9.625,9.870,10.115,10.360,10.623,10.875,11.134,11.426,11.899,12.142,12.400,12.645,12.888,13.155,13.424,13.691,13.968,14.240,14.519,14.769,15.110,15.365,15.684,15.957,16.232,16.527,16.829,17.141,17.356,17.607,17.869,18.147,18.397,18.667,18.942,19.211,
1,75,0.226,0.486,0.779,1.031,1.284,1.527,1.836,2.083,2.363,2.618,2.894,3.186,3.422,3.664,3.926,4.226,4.461,4.723,4.985,5.251,5.521,5.800,
1,76,0.192,0.486,0.719,0.962,1.269,1.474,1.732,1.955,2.222,2.513,2.773,3.002,3.273,3.514,3.788,4.062,4.534,4.764,5.001,5.271,5.527,5.792,6.042,6.307,6.564,6.840,7.086,7.358,7.649,7.861,8.164,8.363,8.594,8.832,9.097,9.352,9.614,9.900,10.167,10.425,10.692,10.962,11.217,11.477,11.768,12.045,12.283,12.518,12.780,13.072,13.352,13.635,13.895,14.092,14.352,14.605,14.837,15.100,15.365,15.641,15.915,16.166,16.413,16.687,16.964,17.220,17.472,17.770,18.029,18.291,
1,77,0.285,0.564,0.834,1.043,1.303,1.572,1.826,2.096,2.376,2.646,2.928,3.178,3.496,3.770,4.038,4.287,4.532,4.788,5.051,5.338,5.593,5.854,6.097,6.350,6.627,6.898,7.148,7.398,7.648,7.918,8.161,8.399,8.666,8.916,9.183,9.451,9.703,9.946,10.159,10.406,10.666,10.929,11.189,11.422,11.660,11.937,12.173,12.410,12.651,12.938,13.190,13.428,13.669,13.931,14.218,14.463,14.718,14.998,15.238,15.486,15.706,15.964,16.220,16.468,16.719,16.989,17.238,17.520,17.773,18.037,18.270,18.520,18.744,19.020,19.294,19.527,19.771,19.993,20.246,20.482,20.721,20.965,21.220,21.466,21.722,21.976,22.221,22.442,22.685,22.935,23.166,23.431,23.669,23.924,24.139,24.402,24.652,24.926,25.147,25.390,25.647,
1,78,0.176,0.412,0.669,0.924,
1,79,0.057,0.329,0.597,
1,80,0.122,0.353,0.590,0.837,1.088,1.352,1.607,1.845,2.096,2.375,2.639,2.893,
1,81,0.100,0.396,0.646,0.950,1.213,1.475,1.764,2.027,2.281,2.548,2.837,3.098,3.357,
