0,1,0.377,0.621,0.869,1.149,1.396,1.646,1.870,2.112,2.357,2.611,2.861,3.096,3.336,3.584,3.830,4.077,4.325,4.575,4.808,5.048,5.296,5.563,5.806,6.058,6.302,6.539,6.775,7.032,7.275,7.531,7.785,8.035,8.295,8.553,8.795,9.045,9.315,9.564,9.776,9.968,10.219,
0,1,0.297,0.497,0.739,0.957,1.212,1.443,1.691,1.920,2.142,2.375,2.612,2.861,3.101,3.316,3.538,3.752,3.976,4.238,4.485,4.709,4.944,5.185,5.437,5.690,5.944,6.183,6.418,6.673,6.909,7.163,7.406,7.638,7.852,8.065,8.283,8.479,8.698,8.902,9.114,9.323,9.522,9.721,9.971,10.212,
0,1,,
0,1,0.423,0.741,1.047,1.286,
2,1,0.276,
2,2,,
2,3,0.220,0.475,
2,4,0.215,0.477,0.705,0.977,1.225,1.465,
2,5,0.225,0.463,0.685,0.956,
2,6,0.274,0.536,0.803,
2,7,0.236,0.466,0.782,1.045,
2,8,0.049,0.316,0.547,0.819,1.050,
2,9,0.319,0.599,0.838,1.079,1.320,1.582,1.825,2.082,
2,10,0.142,0.438,0.673,0.902,1.162,
2,11,0.295,0.549,0.807,
2,12,0.299,0.601,
2,13,0.269,0.519,
2,14,0.222,0.470,0.691,0.900,1.114,1.316,
2,15,0.109,0.322,0.548,0.818,1.029,1.287,
2,16,0.371,0.651,0.898,1.154,1.405,1.665,
2,17,0.329,0.592,0.839,1.075,1.338,1.648,
2,18,0.118,0.407,0.650,0.900,1.150,1.400,1.651,
2,19,0.167,0.441,
2,20,0.240,0.499,0.747,0.993,1.275,1.535,1.775,2.025,2.234,
2,21,0.274,0.524,0.774,1.024,1.275,1.525,1.791,2.044,2.289,
2,22,0.151,0.396,
2,23,0.267,0.495,0.767,
2,24,0.279,0.516,0.750,1.023,1.270,1.527,1.795,2.037,2.271,
2,25,0.242,0.494,
2,26,0.234,0.518,0.768,1.033,1.322,1.601,
2,27,0.177,0.490,0.748,1.017,1.267,1.517,1.767,
2,28,0.205,0.441,
2,29,0.275,0.525,0.869,1.142,1.411,1.690,
2,30,0.189,0.450,0.687,0.947,
2,31,0.232,0.495,0.747,1.017,1.279,1.534,1.805,2.088,
2,32,0.145,0.420,0.667,0.915,1.180,1.422,1.661,
2,33,0.242,0.518,0.768,1.022,1.288,1.546,1.828,2.102,
2,34,0.229,0.494,
2,35,0.186,0.460,
2,36,0.229,0.482,0.751,1.001,1.263,1.534,1.811,
2,37,0.109,0.361,0.594,0.816,1.078,1.343,1.572,1.884,
2,38,0.212,0.485,0.731,
2,39,0.292,0.542,0.768,0.979,1.251,1.518,
2,40,0.072,0.311,0.580,0.811,1.037,1.314,1.564,1.814,
2,41,0.326,0.564,0.848,1.101,1.348,1.598,1.843,2.091,
2,42,0.184,0.463,0.718,0.968,1.230,1.493,1.762,2.012,2.262,2.491,2.736,2.987,
2,43,0.318,0.575,0.811,1.068,1.328,1.586,1.848,2.095,
2,44,0.226,0.481,0.738,0.977,1.227,1.494,1.739,2.013,
2,45,0.246,0.516,0.773,1.053,1.333,1.560,1.833,2.073,2.326,2.570,
2,46,0.158,0.396,0.653,0.873,1.147,1.397,1.647,1.907,2.172,
2,47,0.275,0.525,0.776,1.040,1.315,1.582,1.852,2.123,2.376,2.643,2.915,3.164,3.447,3.707,3.979,4.242,4.482,4.729,5.013,5.263,5.538,5.843,
2,48,0.306,0.576,0.850,1.151,1.401,1.673,
2,49,0.323,0.581,0.867,1.151,1.448,1.722,1.994,2.261,
2,50,0.248,0.517,0.767,1.033,1.307,1.563,1.839,2.091,
2,51,0.040,0.296,0.553,0.796,1.037,1.296,1.559,1.809,2.069,
2,52,0.160,0.463,0.738,1.018,1.471,1.765,2.041,2.315,
2,53,0.284,0.537,0.816,1.080,1.340,1.619,1.898,2.183,2.479,2.766,3.016,
2,54,0.266,0.540,0.796,1.097,1.364,1.650,1.910,2.196,2.459,2.716,
2,55,0.228,0.517,0.794,1.057,1.310,1.596,1.868,2.152,2.446,2.703,2.963,
2,56,0.386,0.641,0.891,1.160,1.469,1.749,
2,57,,
2,58,0.471,0.723,0.966,1.200,1.461,1.736,
2,59,0.349,0.605,0.900,1.150,1.407,1.665,1.925,
2,60,0.274,0.524,0.777,1.025,1.275,1.532,1.804,
2,61,0.197,0.465,0.714,0.961,
2,62,0.359,0.644,0.906,1.182,1.455,1.717,2.025,2.275,2.525,
2,63,0.266,0.545,0.812,1.106,1.400,1.696,1.990,2.270,2.558,2.847,3.100,
2,64,0.498,0.801,1.025,1.304,1.571,1.848,2.148,2.398,2.664,2.928,
2,65,0.116,0.468,0.771,1.034,1.323,1.596,1.889,2.156,2.430,
2,66,0.282,0.535,0.846,1.142,1.429,1.712,2.000,2.279,2.582,
2,67,0.276,0.546,0.837,1.143,1.437,1.741,2.027,2.324,2.579,
2,68,0.304,0.575,0.872,1.181,1.461,1.747,2.041,2.349,2.656,2.951,
2,69,0.420,0.678,0.940,
2,70,,
2,71,,
2,72,0.287,0.537,
2,73,0.308,0.531,0.810,
2,74,0.281,0.524,0.788,1.021,1.243,1.531,1.834,2.098,
2,75,0.292,0.554,0.825,
2,76,0.311,0.548,0.812,1.066,1.326,1.585,1.867,2.151,2.435,2.695,2.970,
2,77,0.294,0.603,0.836,1.088,1.336,1.596,1.899,
2,78,0.250,0.518,0.768,1.018,1.297,1.547,1.822,2.096,2.373,2.732,
2,79,0.247,0.481,0.649,0.895,1.167,1.408,1.678,1.971,2.270,2.520,
2,80,0.289,0.547,0.787,1.058,1.334,1.606,1.905,2.194,2.470,2.719,
2,81,0.053,0.284,0.519,0.763,0.991,
2,82,0.361,0.584,0.823,1.060,1.318,1.551,1.815,2.073,2.323,2.563,2.792,3.037,3.312,3.576,3.841,4.064,
2,83,0.297,0.541,0.812,1.062,1.325,1.612,1.867,2.141,2.406,
2,84,0.272,0.525,0.792,1.070,1.330,1.598,1.876,2.136,
2,85,0.294,0.557,0.796,1.061,1.359,1.625,1.901,2.161,2.399,
2,86,0.237,0.485,0.767,1.046,1.306,1.561,1.811,2.091,2.353,2.654,2.918,3.135,
2,87,0.327,0.565,0.866,1.150,1.400,1.617,1.900,
2,88,,
2,89,0.247,0.488,0.696,0.946,1.169,1.422,1.663,1.901,2.151,
2,90,0.332,0.620,0.900,1.184,1.469,1.771,2.045,2.278,2.525,
2,91,0.225,0.488,0.776,0.969,1.184,1.427,1.676,1.928,2.170,2.400,2.643,2.872,3.091,3.321,
2,92,0.245,0.525,0.775,1.061,1.316,1.582,1.860,2.118,2.389,2.639,
2,93,0.265,0.522,0.807,
2,94,0.435,0.708,0.976,1.227,1.481,1.735,2.025,2.287,2.557,2.892,3.142,
2,95,0.355,0.625,0.875,1.156,1.409,1.671,1.982,2.266,2.492,
2,96,0.250,0.524,0.777,1.046,1.310,1.588,1.891,2.141,2.413,
2,97,0.231,0.502,0.813,1.106,1.361,1.654,1.977,2.248,2.518,
2,98,0.243,0.463,
2,99,0.370,0.645,0.866,1.096,1.344,1.579,1.830,2.038,2.266,
2,100,0.235,0.432,0.731,0.993,1.308,1.529,1.850,2.090,2.311,
2,101,0.273,0.523,0.818,1.067,1.332,1.665,
2,102,0.435,
2,103,0.362,0.627,0.933,1.203,1.455,1.715,2.001,2.203,
2,104,0.163,0.428,0.710,0.991,1.268,1.519,1.752,1.991,2.269,2.636,
2,105,0.251,0.517,0.771,1.018,1.268,1.518,1.771,2.018,2.281,
2,106,0.195,0.450,0.705,0.968,1.180,1.450,1.772,2.022,2.207,
2,107,0.058,0.341,0.615,0.930,1.180,1.481,1.765,
2,108,0.271,
2,109,0.304,0.580,0.866,1.147,1.403,1.675,1.958,2.223,2.475,2.692,2.980,3.264,3.530,
2,110,0.191,0.432,0.685,0.993,1.231,1.481,1.724,1.939,
2,111,0.213,0.444,0.699,0.990,1.250,1.523,1.774,1.942,
2,112,0.124,0.353,0.610,0.853,1.087,1.348,1.620,1.904,2.163,2.428,
2,113,0.248,0.525,
2,114,0.277,0.567,0.792,1.037,1.306,1.569,1.846,
2,115,0.386,0.598,0.886,1.136,1.368,1.637,1.898,2.175,2.424,
2,116,0.221,0.655,0.910,
2,117,0.218,0.460,0.730,0.989,1.239,1.493,1.766,
2,118,0.401,0.670,0.960,1.231,1.537,1.955,2.217,2.522,2.798,3.059,
2,119,0.346,0.568,0.832,1.065,1.301,1.555,1.827,
2,120,0.318,0.594,0.847,
2,121,,
2,122,0.239,0.467,0.688,0.930,1.149,1.399,1.625,
2,123,0.358,0.598,0.870,1.108,1.343,1.598,1.819,2.082,2.339,2.599,2.863,3.106,
2,124,0.216,0.491,0.746,
2,125,0.271,0.521,0.771,1.022,1.248,1.522,1.729,
2,126,0.243,0.524,0.774,1.039,1.326,1.576,1.855,2.117,2.370,2.642,2.901,3.164,3.453,
2,127,0.188,0.445,0.722,0.988,1.273,1.523,1.804,2.062,2.329,
2,128,0.170,0.433,
2,129,0.163,0.428,
2,130,0.293,0.615,0.899,1.149,1.399,1.649,1.899,2.121,2.369,2.669,
2,131,0.087,0.335,0.564,0.803,1.024,1.274,1.565,1.806,2.042,2.372,
2,132,0.150,0.393,
2,133,0.244,0.501,0.733,0.992,1.266,1.517,1.767,1.998,2.239,2.474,
2,134,0.262,0.534,
2,135,0.161,0.525,0.749,
2,136,0.311,0.562,0.812,
2,137,0.188,0.432,0.681,0.900,1.147,1.368,1.595,
2,138,0.219,0.438,0.683,0.926,1.171,1.444,1.686,1.919,
2,139,0.152,0.399,0.663,0.915,1.161,1.433,1.678,1.916,
2,140,0.265,0.515,0.931,1.192,1.448,1.732,
2,141,0.358,0.607,0.855,
2,142,0.442,0.697,0.947,1.197,1.444,1.708,1.948,2.234,2.513,2.795,3.065,3.303,3.541,3.820,
2,143,0.247,0.526,0.776,1.026,
2,144,0.266,0.516,0.766,
2,145,0.225,0.491,
2,146,0.194,0.458,0.718,0.985,1.226,1.510,1.763,2.025,2.288,
2,147,0.282,0.522,0.739,0.965,1.166,
2,148,0.222,0.452,0.691,0.912,1.140,
2,149,0.359,0.609,0.825,1.059,1.277,1.517,1.675,1.901,
2,150,0.149,0.400,0.598,0.820,1.053,1.267,1.478,1.707,
2,151,0.233,0.495,0.731,0.978,1.206,1.437,1.687,1.908,2.151,
2,152,0.235,0.494,0.724,0.943,1.191,1.419,1.657,1.890,2.109,2.325,
2,153,0.215,0.488,0.724,0.979,1.246,1.486,1.727,1.986,2.232,2.445,
2,154,0.179,0.422,0.657,0.898,1.141,1.367,1.590,1.814,2.059,
2,155,0.144,0.423,0.683,0.918,1.186,1.441,1.681,1.929,2.179,2.395,
2,156,0.174,0.435,0.686,0.942,1.194,1.434,1.690,1.935,2.197,
2,157,0.136,0.408,
2,158,0.302,0.550,0.790,1.044,1.283,1.512,1.724,
2,159,0.226,0.471,
2,160,0.266,0.487,0.698,0.924,1.153,1.399,1.650,
2,161,0.273,0.492,0.723,0.949,1.173,1.364,1.580,
2,162,0.287,0.520,0.743,0.962,1.197,1.429,1.780,
2,163,0.069,0.323,0.541,0.774,1.024,
2,164,0.348,0.606,0.825,1.056,1.334,1.596,1.843,2.093,2.317,
2,165,0.054,0.276,0.516,0.739,0.965,1.201,1.426,1.653,1.900,2.099,
2,166,0.243,0.464,0.673,0.901,1.089,1.304,1.518,1.707,
2,167,0.252,0.452,0.710,0.928,1.151,1.394,1.607,1.814,2.030,2.251,2.494,
2,168,0.031,0.231,0.465,0.715,0.942,1.170,1.414,1.673,1.911,2.127,
2,169,0.247,0.462,0.678,0.901,1.107,1.304,1.529,1.748,
2,170,0.154,0.373,0.557,0.768,0.982,1.226,1.448,1.674,
2,171,0.314,0.528,0.727,0.929,1.145,1.357,1.574,1.795,1.987,2.183,2.415,2.606,
2,172,0.120,0.331,0.565,
2,173,0.297,0.554,0.773,0.976,1.203,1.427,1.646,1.870,2.102,2.312,2.523,
2,174,0.193,0.438,0.681,0.961,1.214,1.454,1.689,
2,175,,
2,176,0.171,0.409,
2,177,0.336,0.553,0.769,0.987,1.252,1.520,1.964,
2,178,0.235,0.467,0.677,0.890,1.080,1.339,1.588,1.798,1.999,
2,179,0.057,0.280,0.485,0.696,0.959,
2,180,0.127,0.352,0.585,0.807,1.000,1.230,1.480,1.731,1.970,2.220,
2,181,0.152,0.399,0.619,0.855,1.074,1.306,1.544,1.748,
2,182,0.250,0.469,0.697,0.939,1.173,1.430,1.605,
2,183,0.401,0.670,0.873,1.071,1.275,1.482,1.714,1.938,2.145,2.344,
2,184,0.185,0.428,0.683,0.915,
2,185,0.313,0.523,0.788,1.017,1.247,1.461,1.702,1.915,2.151,
2,186,0.178,0.425,0.655,0.906,1.115,1.348,1.572,1.805,2.019,
2,187,0.165,0.442,0.695,0.947,1.184,1.412,1.668,1.911,2.146,2.348,2.532,2.802,
2,188,0.297,0.549,0.777,
2,189,0.315,0.540,0.784,1.016,1.230,1.444,1.683,1.900,2.150,2.362,2.622,
2,190,0.326,0.571,0.800,1.026,
2,191,0.268,0.462,0.708,0.928,1.152,1.374,1.587,
2,192,0.423,0.692,0.906,1.106,1.339,1.561,1.788,2.020,2.237,2.448,2.673,2.900,
2,193,0.211,0.442,0.678,0.913,1.167,1.377,1.600,
2,194,0.271,0.532,0.768,1.028,1.240,1.448,1.688,1.929,2.142,2.334,
2,195,0.204,0.448,0.684,0.914,1.144,1.374,1.613,1.836,2.065,2.291,
2,196,0.244,0.480,
2,197,0.275,0.530,0.783,1.001,1.225,1.442,1.669,1.900,2.100,
2,198,0.265,0.444,0.702,0.923,1.170,1.398,1.603,1.791,2.038,
2,199,0.268,0.502,0.727,0.959,
2,200,0.099,0.337,0.558,0.786,1.015,1.223,1.454,1.668,1.898,2.109,
2,201,0.037,0.288,0.521,
2,202,0.287,0.493,0.717,0.940,1.168,1.404,1.622,1.834,
2,203,0.134,0.384,0.605,0.820,1.032,1.243,1.452,1.659,1.868,2.059,2.271,2.478,
2,204,0.285,0.490,0.714,0.935,1.146,1.389,1.581,1.789,1.972,2.166,2.368,2.555,2.737,
2,205,0.267,0.518,0.768,0.992,
2,206,0.288,0.526,0.776,0.978,1.240,1.435,1.668,
2,207,0.396,0.606,0.848,1.077,
2,208,0.297,0.490,
2,209,0.245,0.507,0.692,0.897,1.075,1.274,
2,210,0.293,0.495,0.708,0.923,1.150,1.325,1.544,1.730,
2,211,0.268,0.458,0.664,0.868,1.055,1.248,1.434,1.609,1.802,
2,212,0.170,0.435,0.673,0.899,1.149,1.356,1.574,1.769,1.987,2.181,2.400,
2,213,0.033,0.267,0.478,0.706,0.935,1.151,1.335,1.530,1.712,
2,214,0.272,0.479,
2,215,0.322,0.542,
2,216,0.280,0.496,0.703,0.899,1.094,1.290,1.472,1.657,1.847,2.034,2.242,2.439,
2,217,0.216,0.437,0.650,0.816,1.000,1.187,1.364,1.534,1.702,1.877,
2,218,0.162,0.407,0.617,0.818,
2,219,0.226,0.447,0.658,0.873,1.076,1.280,1.484,1.691,1.856,2.065,
