1,1,1.001,0,6.000,6.013,6.398,7.399,5,5
1,2,9.401,0,8.000,8.017,8.400,17.801,5,10
1,3,19.804,0,10.000,10.021,10.304,30.108,5,15
1,4,32.108,0,16.000,16.008,16.282,48.390,5,20
1,5,50.391,0,2.000,2.011,2.826,53.217,5,25
1,6,55.219,0,8.000,8.021,8.372,63.591,5,30
1,7,65.593,0,14.000,14.022,14.370,79.963,5,35
1,8,81.965,0,14.000,14.008,14.393,96.357,5,40
1,9,98.360,0,2.000,2.015,2.447,100.807,5,45
1,10,102.809,0,4.000,4.018,4.425,107.234,5,50
1,11,109.238,0,12.000,12.013,12.465,121.703,5,55
1,12,123.707,0,6.000,6.014,6.338,130.046,5,60
1,13,132.047,0,10.000,10.014,10.349,142.396,5,65
1,14,144.398,0,2.000,2.015,2.516,146.915,5,70
1,15,148.918,0,10.000,10.018,10.371,159.288,5,75
1,16,161.291,0,10.000,10.017,10.338,171.629,5,80
1,17,173.632,0,12.000,12.017,12.939,186.571,5,85
1,18,188.573,0,4.000,4.012,4.350,192.923,5,90
1,19,194.927,0,16.000,NaN,11.248,206.175,0,90
1,20,208.178,0,6.000,6.017,6.338,214.516,5,95
1,21,216.518,0,12.000,NaN,7.481,223.999,0,95
1,22,226.002,0,16.000,NaN,7.474,233.476,0,95
1,23,235.479,0,16.000,NaN,7.185,242.664,0,95
1,24,244.668,0,14.000,NaN,7.400,252.068,0,95
1,25,254.070,0,16.000,NaN,11.387,265.457,0,95
1,26,267.459,0,4.000,4.013,4.351,271.810,5,100
1,27,273.813,0,2.000,2.011,2.396,276.209,5,105
1,28,278.210,0,16.000,NaN,6.023,284.233,0,105
1,29,286.236,0,12.000,NaN,4.897,291.133,0,105
1,30,293.136,0,14.000,NaN,7.885,301.021,0,105
1,31,303.022,0,8.000,NaN,5.692,308.714,0,105
1,32,310.715,0,8.000,NaN,7.660,318.375,0,105
1,33,320.378,0,2.000,2.019,2.435,322.813,5,110
1,34,324.816,0,6.000,6.018,6.342,331.157,5,115
1,35,333.161,0,14.000,NaN,8.120,341.281,0,115
1,36,343.282,0,4.000,4.010,4.332,347.614,5,120
1,37,349.619,0,6.000,6.010,6.305,355.924,5,125
1,38,357.926,0,6.000,6.023,6.349,364.276,5,130
1,39,366.278,0,2.000,2.007,2.365,368.643,5,135
1,40,370.645,0,14.000,NaN,8.562,379.207,0,135
1,41,381.210,0,12.000,NaN,8.230,389.439,0,135
1,42,391.444,0,8.000,NaN,7.774,399.218,0,135
1,43,401.219,0,6.000,6.018,6.319,407.538,5,140
1,44,409.541,0,4.000,4.015,4.358,413.900,5,145
1,45,415.903,0,8.000,8.008,8.340,424.243,5,150
1,46,426.246,1,16.000,NaN,9.366,435.612,0,150
1,47,437.614,0,8.000,NaN,6.559,444.174,0,150
1,48,446.177,0,4.000,4.013,4.322,450.499,5,155
1,49,452.502,0,14.000,NaN,6.539,459.042,0,155
1,50,461.043,0,10.000,NaN,8.774,469.818,0,155
1,51,471.820,0,4.000,4.015,4.408,476.229,5,160
1,52,478.229,0,10.000,NaN,6.480,484.709,0,160
1,53,486.712,0,8.000,8.016,8.344,495.057,5,165
1,54,497.059,0,12.000,NaN,6.469,503.528,0,165
1,55,505.531,0,2.000,2.020,2.356,507.887,5,170
1,56,509.889,0,12.000,NaN,7.248,517.136,0,170
1,57,519.141,0,12.000,NaN,8.652,527.793,0,170
1,58,529.794,0,10.000,NaN,8.783,538.577,0,170
1,59,540.579,0,6.000,6.007,6.328,546.907,5,175
1,60,548.908,0,16.000,NaN,5.841,554.749,0,175
1,61,556.750,0,10.000,10.012,10.209,566.959,5,180
1,62,568.960,0,14.000,NaN,9.204,578.164,0,180
1,63,580.166,0,6.000,6.022,6.549,586.715,5,185
1,64,588.717,0,10.000,NaN,9.295,598.012,0,185
1,65,600.013,0,16.000,NaN,9.613,609.626,0,185
1,66,611.627,0,2.000,2.024,2.457,614.084,5,190
1,67,616.085,0,2.000,2.019,2.770,618.855,5,195
1,68,620.857,0,16.000,NaN,9.550,630.407,0,195
1,69,632.410,0,12.000,NaN,10.407,642.818,0,195
1,70,644.819,0,8.000,8.017,8.415,653.234,5,200
1,71,655.238,0,6.000,6.019,6.391,661.629,5,205
1,72,663.632,0,2.000,2.011,2.603,666.235,5,210
1,73,668.236,0,2.000,2.009,2.609,670.845,5,215
1,74,672.847,0,12.000,NaN,9.388,682.235,0,215
1,75,684.237,0,12.000,NaN,9.149,693.385,0,215
1,76,695.388,0,4.000,4.021,4.404,699.791,5,220
1,77,701.794,0,4.000,4.017,4.412,706.207,5,225
1,78,708.209,0,8.000,8.024,8.442,716.651,5,230
1,79,718.654,0,12.000,NaN,9.646,728.300,0,230
1,80,730.304,0,6.000,6.022,6.390,736.694,5,235
1,81,738.695,0,12.000,NaN,9.464,748.159,0,235
1,82,750.161,0,16.000,NaN,8.686,758.847,0,235
1,83,760.850,0,10.000,NaN,9.476,770.325,0,235
1,84,772.328,0,10.000,NaN,7.421,779.748,0,235
1,85,781.750,0,12.000,NaN,8.334,790.084,0,235
1,86,792.085,0,10.000,NaN,9.973,802.058,0,235
1,87,804.060,0,6.000,6.017,6.365,810.426,5,240
1,88,812.428,0,14.000,NaN,8.163,820.591,0,240
1,89,822.593,0,4.000,4.010,4.395,826.987,5,245
1,90,828.991,0,12.000,NaN,7.249,836.239,0,245
1,91,838.240,0,14.000,NaN,6.772,845.012,0,245
1,92,847.013,0,2.000,2.016,2.496,849.509,5,250
1,93,851.512,0,14.000,NaN,6.438,857.950,0,250
1,94,859.952,0,8.000,NaN,7.024,866.976,0,250
1,95,868.977,0,2.000,2.013,2.415,871.392,5,255
1,96,873.395,0,6.000,6.016,6.344,879.739,5,260
1,97,881.740,0,8.000,NaN,6.530,888.269,0,260
2,1,1.001,44,16.000,NaN,7.907,8.908,0,260
2,2,10.909,26,4.000,4.010,4.817,15.727,5,265
2,3,17.428,15,2.000,2.010,3.018,20.447,5,270
2,4,22.148,37,8.000,NaN,7.061,29.209,0,270
2,5,31.209,15,2.000,2.019,2.920,34.130,5,275
2,6,35.832,52,12.000,NaN,9.987,45.819,0,275
2,7,47.819,13,2.000,2.017,2.738,50.557,5,280
2,8,52.258,23,4.000,4.014,4.705,56.964,5,285
2,9,58.666,39,8.000,NaN,7.858,66.524,0,285
2,10,68.526,30,8.000,NaN,6.164,74.690,0,285
2,11,76.691,23,16.000,NaN,7.100,83.791,0,285
2,12,85.793,42,14.000,14.016,14.402,100.195,5,290
2,13,101.896,18,6.000,6.018,6.568,108.464,5,295
2,14,110.166,18,6.000,6.018,6.636,116.802,5,300
2,15,118.503,21,14.000,NaN,7.409,125.912,0,300
2,16,127.914,19,12.000,NaN,7.100,135.013,0,300
2,17,137.015,25,10.000,NaN,8.713,145.727,0,300
2,18,147.729,19,6.000,6.023,6.843,154.572,5,305
2,19,156.274,8,2.000,2.013,2.944,159.218,5,310
2,20,160.920,2,16.000,NaN,1.237,162.157,0,310
2,21,164.158,7,2.000,2.016,2.698,166.856,5,315
2,22,168.557,20,10.000,NaN,6.827,175.384,0,315
2,23,177.385,20,10.000,NaN,7.106,184.491,0,315
2,24,186.492,25,14.000,NaN,8.898,195.390,0,315
2,25,197.391,21,16.000,NaN,7.905,205.296,0,315
2,26,207.297,29,12.000,NaN,10.199,217.496,0,315
2,27,219.497,33,6.000,6.022,6.964,226.461,5,320
2,28,228.163,61,16.000,NaN,8.795,236.958,0,320
2,29,238.959,0,10.000,NaN,0.500,239.460,0,320
2,30,241.461,60,12.000,NaN,10.034,251.495,0,320
2,31,253.497,32,4.000,4.020,4.478,257.975,5,325
2,32,259.677,37,4.000,4.011,4.729,264.406,5,330
2,33,266.107,35,10.000,10.020,10.663,276.769,5,335
2,34,278.471,51,8.000,8.011,8.746,287.217,5,340
2,35,288.918,53,12.000,NaN,7.605,296.523,0,340
2,36,298.524,7,12.000,NaN,2.399,300.923,0,340
2,37,302.924,31,8.000,8.019,8.138,311.061,5,345
2,38,312.763,41,10.000,NaN,9.270,322.033,0,345
2,39,324.034,10,2.000,2.016,2.940,326.975,5,350
2,40,328.676,46,14.000,NaN,9.202,337.878,0,350
2,41,339.878,43,10.000,10.016,10.225,350.103,5,355
2,42,351.804,52,16.000,NaN,10.614,362.419,0,355
2,43,364.420,64,16.000,NaN,12.727,377.147,0,355
2,44,379.148,8,6.000,NaN,2.458,381.606,0,355
2,45,383.609,38,10.000,10.024,10.723,394.331,5,360
2,46,396.033,21,4.000,4.019,4.731,400.763,5,365
2,47,402.464,62,16.000,NaN,14.818,417.282,0,365
2,48,419.284,41,8.000,8.014,8.649,427.933,5,370
2,49,429.634,19,4.000,4.017,4.655,434.289,5,375
2,50,435.990,27,6.000,6.015,6.706,442.696,5,380
2,51,444.398,46,8.000,8.012,8.600,452.997,5,385
2,52,454.699,49,14.000,NaN,11.424,466.123,0,385
2,53,468.124,5,2.000,2.011,2.556,470.681,5,390
2,54,472.382,24,6.000,6.024,6.779,479.161,5,395
2,55,480.875,9,12.000,NaN,4.142,485.018,0,395
2,56,487.020,12,14.000,NaN,4.326,491.346,0,395
2,57,493.347,70,14.000,NaN,11.560,504.907,0,395
2,58,506.908,59,8.000,8.015,8.617,515.525,5,400
2,59,517.226,23,6.000,NaN,4.058,521.284,0,400
2,60,523.286,38,4.000,4.010,4.762,528.047,5,405
2,61,529.749,58,12.000,NaN,8.437,538.187,0,405
2,62,540.188,63,16.000,NaN,10.579,550.767,0,405
2,63,552.769,60,12.000,NaN,9.895,562.664,0,405
2,64,564.665,43,6.000,6.018,7.020,571.685,5,410
2,65,573.386,29,4.000,4.017,4.827,578.213,5,415
2,66,579.914,58,14.000,NaN,9.454,589.368,0,415
2,67,591.369,26,4.000,4.009,4.857,596.227,5,420
2,68,597.928,29,4.000,4.019,4.808,602.736,5,425
2,69,604.438,40,12.000,NaN,7.448,611.886,0,425
2,70,613.888,12,2.000,2.016,2.652,616.540,5,430
2,71,618.240,12,2.000,2.016,2.768,621.008,5,435
2,72,622.710,46,14.000,NaN,7.738,630.448,0,435
2,73,632.450,32,14.000,NaN,9.480,641.930,0,435
2,74,643.930,23,6.000,6.023,6.708,650.638,5,440
2,75,652.339,41,10.000,NaN,9.732,662.072,0,440
2,76,664.074,38,14.000,NaN,10.143,674.217,0,440
2,77,676.218,15,4.000,4.017,4.769,680.987,5,445
2,78,682.688,10,2.000,2.015,2.566,685.254,5,450
2,79,686.955,21,16.000,NaN,5.348,692.303,0,450
2,80,694.305,34,14.000,NaN,8.125,702.430,0,450
2,81,704.432,34,10.000,NaN,9.102,713.535,0,450
2,82,715.535,33,6.000,6.019,6.771,722.306,5,455
2,83,724.024,43,16.000,NaN,6.615,730.639,0,455
2,84,732.640,32,4.000,4.022,4.734,737.374,5,460
2,85,739.075,39,6.000,6.024,6.786,745.860,5,465
2,86,747.561,62,12.000,NaN,9.963,757.524,0,465
2,87,759.525,62,10.000,10.019,10.470,769.994,5,470
2,88,771.695,61,8.000,8.020,8.682,780.377,5,475
2,89,782.078,41,6.000,6.007,6.742,788.821,5,480
2,90,790.522,17,2.000,2.016,3.002,793.524,5,485
2,91,795.225,42,12.000,NaN,7.029,802.254,0,485
2,92,804.255,55,14.000,NaN,8.248,812.504,0,485
2,93,814.505,9,2.000,2.011,2.600,817.105,5,490
2,94,818.807,13,2.000,2.011,2.772,821.579,5,495
2,95,823.281,12,8.000,NaN,3.242,826.522,0,495
2,96,828.523,53,14.000,NaN,9.335,837.858,0,495
2,97,839.860,46,8.000,NaN,7.688,847.548,0,495
2,98,849.548,2,8.000,NaN,1.371,850.919,0,495
2,99,852.921,21,4.000,4.014,4.650,857.570,5,500
2,100,859.272,46,16.000,NaN,10.160,869.431,0,500
2,101,871.433,32,6.000,6.012,6.523,877.956,5,505
2,102,879.658,23,8.000,NaN,4.950,884.608,0,505
2,103,886.610,56,12.000,12.011,12.420,899.030,5,510
3,1,1.001,34,10.000,NaN,7.614,8.614,0,510
3,2,10.616,41,10.000,NaN,8.059,18.675,0,510
3,3,20.677,23,4.000,4.018,4.697,25.373,5,515
3,4,27.075,54,10.000,10.009,10.686,37.761,5,520
3,5,39.462,51,8.000,8.010,8.895,48.358,5,525
3,6,50.059,37,6.000,6.017,6.704,56.763,5,530
3,7,58.464,25,4.000,4.015,4.804,63.268,5,535
3,8,64.970,14,2.000,2.012,2.814,67.784,5,540
3,9,69.484,52,14.000,NaN,8.247,77.731,0,540
3,10,79.731,14,2.000,2.007,2.706,82.437,5,545
3,11,84.138,41,16.000,NaN,9.406,93.544,0,545
3,12,95.545,27,4.000,4.019,5.234,100.779,5,550
3,13,102.480,17,4.000,4.021,4.710,107.190,5,555
3,14,108.891,8,12.000,NaN,2.825,111.717,0,555
3,15,113.719,22,4.000,4.020,4.924,118.643,5,560
3,16,120.344,54,8.000,8.017,8.838,129.181,5,565
3,17,130.884,64,10.000,10.016,10.669,141.552,5,570
3,18,143.254,55,12.000,NaN,9.398,152.652,0,570
3,19,154.652,56,10.000,10.009,10.528,165.180,5,575
3,20,166.882,43,6.000,6.017,6.769,173.650,5,580
3,21,175.352,63,8.000,8.018,8.731,184.083,5,585
3,22,185.783,20,12.000,NaN,3.614,189.398,0,585
3,23,191.399,83,16.000,NaN,10.274,201.673,0,585
3,24,203.675,81,10.000,NaN,9.054,212.729,0,585
3,25,214.731,8,2.000,2.022,2.774,217.504,5,590
3,26,219.206,7,2.000,2.015,2.827,222.033,5,595
3,27,223.734,13,4.000,4.023,4.620,228.355,5,600
3,28,230.057,0,6.000,NaN,0.501,230.558,0,600
3,29,232.559,48,10.000,NaN,9.301,241.860,0,600
3,30,243.861,63,14.000,NaN,10.394,254.255,0,600
3,31,256.257,28,4.000,4.016,4.701,260.957,5,605
3,32,262.658,63,14.000,NaN,9.522,272.180,0,605
3,33,274.182,52,14.000,NaN,7.908,282.089,0,605
3,34,284.091,20,8.000,NaN,3.266,287.357,0,605
