0,1,0.251,0.582,0.836,
0,1,0.151,0.436,0.713,0.962,1.208,1.470,1.745,1.998,2.231,2.475,2.743,2.992,3.204,3.434,3.654,3.924,4.139,4.351,4.576,4.792,4.977,5.229,5.455,5.661,5.869,6.077,6.312,6.521,6.746,6.960,7.175,7.412,7.617,7.832,8.048,8.272,8.489,8.675,8.892,9.314,9.539,9.772,9.997,10.210,10.676,
0,1,0.174,0.375,0.558,0.768,0.980,1.168,1.374,1.589,1.796,2.029,2.206,2.417,2.624,2.830,3.041,3.239,3.452,3.662,3.849,4.051,4.251,4.444,4.637,
0,1,0.179,0.370,0.561,0.769,0.956,1.120,1.342,1.572,1.783,2.019,2.240,2.696,2.914,3.158,
1,1,0.148,0.357,0.562,0.739,0.923,1.148,1.333,1.527,1.721,1.918,2.098,2.293,2.472,2.649,2.815,3.016,3.194,3.399,3.564,3.766,3.943,4.149,4.347,4.534,
1,2,0.123,0.295,0.486,0.673,0.858,1.030,1.205,1.366,1.567,1.746,2.016,2.150,2.283,2.424,2.575,2.736,2.883,3.020,3.138,3.290,3.449,3.586,3.735,3.900,4.042,4.205,4.366,4.517,4.668,4.841,5.018,5.191,5.307,5.453,5.617,5.790,5.955,6.135,6.285,6.444,6.594,6.768,6.934,7.109,7.269,7.439,7.607,7.773,7.927,8.078,8.236,8.393,8.564,8.728,8.893,9.057,9.211,9.371,9.532,9.697,9.843,10.023,10.175,10.311,10.473,10.640,10.824,10.999,11.157,11.322,11.494,11.659,11.830,12.021,12.176,12.354,
1,3,0.041,0.190,0.338,0.493,0.622,0.768,0.916,1.178,1.329,1.473,1.620,1.831,2.072,2.224,2.385,2.538,2.690,2.844,2.997,3.144,3.301,3.485,3.653,3.820,3.972,4.145,4.296,4.449,4.612,4.746,4.920,5.079,5.241,5.386,5.549,5.841,5.983,6.147,6.297,
1,4,0.039,0.327,0.475,0.640,0.793,0.936,1.063,1.235,1.390,1.536,1.684,1.832,2.024,2.147,2.286,2.437,2.590,2.774,2.951,3.141,3.301,3.489,3.603,3.774,3.928,4.086,4.239,
1,5,0.088,0.248,0.416,0.560,0.723,0.876,1.165,1.325,1.522,1.645,1.786,1.932,2.102,2.273,2.445,2.617,2.786,2.944,3.125,3.285,3.485,3.606,3.911,4.148,4.387,4.565,4.771,4.869,5.109,5.283,5.521,5.685,5.853,6.221,
1,6,0.184,0.339,0.501,0.655,0.807,0.957,1.103,1.265,1.402,1.544,1.690,1.848,2.028,2.183,2.327,
1,7,0.104,0.286,0.458,0.604,0.776,0.925,1.117,1.269,1.441,1.583,1.770,1.937,2.088,2.270,2.424,2.597,2.782,2.954,3.270,3.410,3.569,3.725,3.887,4.089,4.210,4.388,4.553,4.725,4.907,5.252,5.411,5.570,5.926,6.068,
1,8,0.353,0.724,1.188,1.396,1.577,1.771,1.933,2.101,2.295,2.451,2.641,2.803,2.986,3.163,3.355,3.485,3.663,3.838,3.986,4.139,4.282,4.433,4.586,4.732,4.892,5.057,5.209,5.389,5.555,5.713,5.890,6.033,6.157,6.295,6.441,6.611,6.773,6.927,7.091,7.274,7.412,7.585,7.774,7.964,8.141,
1,9,0.149,0.335,0.564,0.766,0.958,1.153,1.352,1.538,1.708,1.903,2.107,2.306,2.517,2.692,2.900,3.113,3.277,3.459,3.690,3.884,4.090,4.304,4.518,4.712,4.932,5.155,5.367,5.582,5.788,6.018,6.223,6.442,6.642,6.864,7.073,7.281,7.492,7.720,7.934,8.167,8.386,8.610,8.857,9.057,9.285,9.520,9.746,9.979,10.205,10.438,10.844,11.068,11.300,11.521,11.728,11.946,12.167,
1,10,0.085,0.309,0.523,0.743,0.945,1.181,1.373,1.561,1.771,1.995,2.207,2.404,2.617,2.832,3.188,3.417,3.789,3.997,4.215,4.401,4.616,4.835,5.022,5.212,5.396,5.556,5.712,5.871,6.023,6.171,6.302,6.451,6.706,6.862,6.977,7.283,7.449,7.620,7.774,7.902,8.248,8.417,8.587,8.741,8.897,9.075,9.227,9.394,9.564,9.710,9.864,10.024,10.176,10.322,10.525,10.673,10.814,10.955,11.107,11.276,11.429,11.610,11.780,11.965,12.157,
1,11,0.059,0.205,0.341,0.488,0.655,0.810,0.966,1.103,1.413,1.592,1.769,1.946,2.108,2.294,
1,12,0.115,0.302,0.642,0.828,0.994,1.166,1.346,1.529,1.676,1.870,2.053,2.230,2.396,2.580,2.727,2.893,3.051,3.214,3.373,3.555,3.742,3.925,4.107,4.279,4.447,4.658,4.845,5.034,5.220,5.406,5.601,5.778,5.976,6.166,
1,13,0.042,0.208,0.394,0.573,0.770,0.938,1.145,1.310,1.511,1.703,1.899,2.094,2.432,2.622,2.793,2.986,3.146,3.339,3.542,3.700,3.896,4.063,4.252,4.423,4.590,4.763,4.938,5.120,5.287,5.431,5.583,5.720,6.035,6.191,6.358,6.535,6.691,6.897,7.184,7.375,7.529,7.735,7.898,8.100,8.265,8.426,8.603,8.823,9.001,9.168,9.649,9.863,10.063,10.234,10.551,10.727,10.921,11.092,11.273,11.432,11.592,11.766,11.934,12.116,12.273,12.432,12.595,12.770,12.937,13.088,13.285,13.445,13.603,13.774,13.911,14.282,14.450,14.739,14.924,15.091,15.271,15.635,15.771,15.910,16.135,16.335,
1,14,0.062,0.264,0.436,0.647,0.839,1.021,1.189,1.398,1.554,1.741,1.914,2.105,2.279,2.447,2.648,2.806,2.989,3.127,3.300,3.487,3.649,3.816,3.996,4.172,4.337,4.502,4.664,4.824,4.984,5.159,5.322,5.516,5.684,5.875,6.023,6.221,6.375,6.517,6.670,6.857,7.180,7.501,7.695,7.901,8.031,8.195,8.355,8.491,8.659,8.829,8.997,9.154,9.314,9.480,9.662,9.844,10.025,10.203,10.395,10.565,10.724,10.849,11.019,11.199,11.340,11.519,11.678,11.846,12.001,12.182,12.363,12.549,12.734,12.948,13.163,13.360,
1,15,,
1,16,0.408,0.586,0.801,1.028,1.274,1.460,1.657,1.853,2.028,2.205,2.305,2.489,2.656,2.841,3.001,3.171,3.344,3.535,3.726,3.910,4.101,4.276,4.482,4.695,4.874,5.061,5.237,5.643,5.858,6.202,6.397,6.673,6.871,7.057,7.243,7.426,
1,17,0.151,0.308,0.487,0.656,0.841,1.023,1.191,1.372,1.551,1.735,1.902,2.091,2.279,2.481,2.677,2.857,3.027,3.195,3.387,3.568,3.752,3.932,4.104,4.274,4.434,4.587,4.771,4.916,5.083,5.234,5.405,5.553,5.723,5.888,6.054,6.224,6.395,6.559,6.741,6.911,7.073,7.239,7.421,7.591,7.806,7.921,8.099,8.276,8.438,8.617,8.816,8.989,9.152,9.329,9.666,9.841,10.027,10.209,10.390,10.614,10.793,10.971,11.125,
1,18,0.030,0.227,0.416,0.599,0.778,0.970,1.147,1.335,1.502,1.691,1.873,2.085,2.268,2.453,2.614,2.799,2.986,3.160,3.326,3.675,3.862,4.032,4.205,4.399,4.577,4.772,4.943,5.149,5.466,5.649,5.827,6.016,6.201,6.362,6.604,6.712,6.900,7.065,7.245,7.419,7.597,7.773,7.969,8.167,8.343,8.517,8.722,8.875,9.044,9.205,9.387,9.565,9.768,9.919,10.124,10.325,10.497,
1,19,,
1,20,0.211,0.403,0.604,0.828,1.037,1.207,1.388,1.577,1.747,1.914,2.100,2.289,2.465,2.639,2.841,3.022,3.237,3.438,3.639,3.856,4.055,4.241,4.422,4.626,4.812,5.033,5.241,5.575,5.789,6.039,6.274,6.469,6.716,6.940,7.141,7.331,7.547,7.821,8.025,8.275,8.453,8.642,8.822,9.142,9.275,9.404,9.553,9.721,9.892,10.058,10.234,10.415,10.582,10.828,10.991,11.164,11.354,11.545,11.720,11.893,12.078,12.239,12.449,12.605,12.777,
1,21,,
1,22,0.239,0.368,0.531,0.677,0.833,0.990,1.160,1.323,1.483,1.662,1.836,1.986,2.185,2.348,2.524,2.710,2.868,3.040,3.212,3.396,3.565,3.746,3.916,4.081,4.270,4.472,4.646,4.827,5.000,5.191,5.367,5.538,5.712,5.897,6.046,6.224,6.404,6.595,6.781,6.949,7.117,7.277,7.454,7.648,7.781,7.984,8.148,8.329,8.502,8.681,8.862,9.038,9.217,9.399,9.560,9.766,9.937,10.093,10.273,10.458,10.649,10.811,10.973,11.156,11.337,11.532,11.674,11.877,12.059,12.229,12.557,12.746,12.930,13.114,13.281,13.453,13.651,13.811,13.992,14.156,14.320,14.518,14.681,14.848,15.029,15.216,15.385,15.553,15.740,15.910,16.103,16.291,16.449,16.627,16.805,16.978,17.182,17.365,17.566,17.727,17.912,18.101,18.287,18.455,18.621,18.790,
1,23,0.336,0.511,0.664,0.824,0.992,1.164,1.347,1.557,1.720,1.917,2.107,2.312,2.493,2.677,2.867,3.068,3.269,3.464,3.656,3.858,4.040,4.188,4.513,4.676,4.916,5.095,5.308,5.546,5.764,5.975,6.221,6.447,6.623,6.897,7.148,7.335,7.571,7.765,7.941,8.307,8.535,8.798,9.001,9.265,9.475,9.696,9.918,10.156,10.399,10.626,10.819,11.070,11.277,11.488,11.653,12.031,12.175,12.358,12.502,12.675,12.862,13.017,13.183,13.348,13.517,13.707,13.896,14.088,14.307,14.518,14.732,14.914,15.104,15.298,15.518,15.711,15.905,16.094,16.268,16.616,16.820,
1,24,,
1,25,0.170,0.362,0.553,0.744,0.920,1.103,1.283,1.464,1.646,1.805,2.029,2.280,2.499,2.700,2.916,3.284,3.497,3.666,3.815,4.080,4.315,4.532,4.722,4.934,5.157,5.350,5.546,5.777,6.015,6.234,6.436,6.648,6.856,7.064,7.282,
1,26,0.375,0.532,0.700,0.877,1.057,1.235,1.412,1.766,1.967,2.168,2.344,2.516,2.718,2.910,3.121,3.405,3.787,4.000,4.224,4.430,4.930,5.161,5.366,5.560,5.785,6.018,6.184,6.366,6.567,6.785,6.941,7.083,7.225,7.353,7.502,7.649,7.785,7.932,8.078,8.226,8.366,8.494,8.638,8.769,8.886,9.019,9.148,9.284,9.422,9.588,9.727,9.836,10.081,10.212,10.487,10.625,10.770,10.901,11.030,11.165,11.428,11.569,11.699,11.853,12.000,12.141,12.293,12.440,12.582,12.725,12.876,13.021,13.158,13.296,13.435,13.580,13.726,13.986,14.127,
1,27,0.118,0.291,0.443,0.767,0.927,1.085,1.236,1.406,1.549,1.706,1.913,2.029,2.197,2.394,2.537,2.714,2.861,2.976,3.151,3.280,3.434,3.624,3.790,3.987,4.171,4.360,4.541,4.698,4.892,5.022,5.181,5.352,5.496,5.704,5.859,6.036,6.229,6.405,6.613,6.776,6.907,7.115,
1,28,0.138,0.313,0.485,0.638,0.816,0.942,
1,29,0.118,0.286,0.463,0.609,0.805,0.970,1.152,1.358,1.546,1.713,1.905,2.063,2.263,2.418,2.606,2.797,3.035,3.232,3.355,3.570,3.726,3.897,4.060,4.397,4.548,4.741,4.918,5.100,5.264,5.443,5.585,5.752,5.930,6.100,6.268,6.439,6.614,6.787,6.957,7.148,7.317,7.496,7.661,7.841,8.047,8.190,8.376,
1,30,,
1,31,0.114,0.284,0.454,0.658,0.802,0.969,1.122,1.277,1.452,1.765,1.916,2.086,2.265,2.405,2.582,2.737,3.061,3.237,3.407,3.582,3.735,3.903,4.050,4.236,4.404,4.554,4.738,4.900,5.043,5.202,5.400,5.550,5.851,6.049,6.236,6.401,6.683,6.860,7.018,7.190,7.346,7.518,7.690,7.861,8.025,8.193,8.341,
1,32,0.026,0.192,0.340,0.524,0.709,0.864,1.041,1.190,1.315,1.499,1.678,1.839,1.992,2.183,2.358,2.527,2.700,2.894,3.054,3.226,3.401,3.560,3.735,3.901,4.106,4.283,4.454,4.645,4.819,5.012,5.197,5.369,5.526,5.681,5.810,6.114,6.287,6.443,6.595,6.766,6.940,7.117,7.298,7.469,7.653,7.832,8.013,8.206,8.363,8.541,8.704,8.897,9.074,9.249,9.424,9.603,9.784,9.978,10.148,10.330,
1,33,0.073,0.224,0.411,0.608,0.793,0.972,1.164,1.355,1.534,1.702,1.903,2.093,2.295,2.500,2.665,2.846,3.034,3.241,3.446,3.650,3.841,4.031,4.221,4.416,4.625,4.819,5.000,5.197,5.406,5.603,5.814,6.018,6.202,6.385,6.567,6.750,6.926,7.109,7.296,7.502,7.698,7.859,8.046,8.218,8.410,8.597,8.779,8.981,9.172,9.367,9.539,9.876,10.056,10.237,10.465,10.619,10.812,11.020,11.217,11.398,11.600,11.805,12.001,12.183,12.388,12.553,12.732,12.898,13.097,13.271,13.448,13.638,13.813,13.999,14.184,14.388,14.561,14.746,14.928,15.105,15.331,15.522,15.671,15.854,16.033,16.213,
1,34,0.183,0.398,0.567,0.775,0.957,1.126,1.315,1.461,1.662,1.784,1.961,2.125,
1,35,0.272,0.431,0.614,0.776,0.962,1.119,1.298,1.485,1.649,1.825,2.150,2.323,2.469,2.678,2.860,3.036,3.215,3.400,3.561,3.767,3.943,4.115,4.280,4.463,4.651,4.960,5.151,5.348,5.545,5.688,5.890,6.092,6.272,6.461,6.650,6.796,6.940,7.159,7.361,7.538,7.724,7.919,8.102,8.282,8.460,8.657,8.844,9.032,9.197,9.395,9.574,9.770,9.943,10.139,10.326,10.520,10.708,10.918,11.099,11.293,11.461,11.810,12.021,12.198,12.402,12.583,12.814,12.998,13.216,13.414,13.639,13.833,14.034,14.229,14.431,
1,36,0.138,0.284,0.489,0.657,0.831,1.021,1.194,1.371,1.719,1.892,2.090,2.272,2.455,2.642,2.804,2.987,3.183,3.340,3.553,3.742,3.919,4.079,4.273,4.432,
1,37,0.163,0.345,0.549,0.700,0.891,1.076,1.243,1.428,1.603,1.792,1.955,2.148,2.340,2.539,2.711,2.912,3.106,3.291,3.476,3.649,3.825,4.009,4.199,4.374,
1,38,0.196,0.389,0.569,0.752,0.925,1.120,1.301,1.483,1.660,1.835,2.019,2.192,2.363,2.537,2.691,2.862,3.054,3.243,3.398,3.596,3.790,3.974,4.161,4.346,4.560,4.748,4.948,5.138,5.315,5.521,5.696,5.871,6.056,6.405,6.586,6.742,6.945,7.309,7.491,7.693,7.863,8.225,8.418,8.606,8.790,8.957,9.251,9.455,9.640,9.825,9.993,10.177,10.356,10.543,10.716,10.890,11.087,11.274,11.442,11.641,11.823,12.024,12.215,12.407,12.596,12.775,12.967,13.151,13.346,13.525,13.726,13.914,14.103,14.285,14.482,14.669,14.846,15.029,15.217,15.399,15.609,15.791,15.986,16.167,16.340,
1,39,0.074,0.430,0.586,0.774,0.954,1.137,1.317,1.501,1.678,1.872,2.045,2.225,2.427,2.607,2.801,2.984,3.364,3.551,3.769,3.938,4.121,4.313,4.519,4.689,4.886,5.070,5.251,5.439,5.626,5.836,6.031,6.190,6.387,6.564,6.751,6.960,7.137,7.346,7.524,7.864,8.071,8.245,8.434,
1,40,0.208,0.398,0.558,0.727,0.922,1.102,1.336,1.473,1.636,1.838,2.020,2.185,2.532,2.739,2.905,3.111,3.270,3.471,3.649,3.856,4.030,4.212,4.377,4.560,4.742,4.918,5.092,5.308,5.470,5.672,5.862,6.046,6.218,6.405,6.588,6.779,6.977,7.173,7.358,7.537,7.712,7.907,8.086,8.277,8.444,8.639,8.831,9.023,9.184,9.371,9.550,9.859,10.023,10.112,10.231,10.397,10.650,10.743,10.926,11.041,11.252,11.340,11.446,11.531,11.648,11.977,12.051,12.406,12.600,12.775,12.924,13.067,13.238,13.352,13.462,13.582,13.718,13.859,13.998,14.196,
1,41,0.043,0.221,0.393,0.554,0.729,0.893,1.044,1.214,1.351,1.527,1.670,1.846,1.992,2.163,2.345,2.500,2.673,2.824,3.027,3.176,3.326,3.515,3.867,4.028,4.210,4.360,4.515,4.694,5.028,5.204,5.359,5.523,5.998,6.156,6.308,6.614,6.776,6.936,7.093,7.242,7.418,7.579,7.744,7.900,8.059,8.228,8.397,8.550,8.713,8.868,9.040,9.221,9.372,9.551,9.723,9.897,10.058,10.407,
1,42,0.046,0.233,0.389,0.716,0.871,1.045,1.204,1.357,1.523,1.682,1.840,1.996,2.150,2.316,2.476,2.644,2.796,2.974,3.151,3.318,3.486,3.641,3.814,3.969,4.141,4.281,4.447,4.610,4.775,4.938,5.111,5.295,5.452,5.621,5.783,5.941,6.104,6.305,6.450,6.609,6.789,7.083,7.223,7.426,7.574,7.749,7.918,8.098,8.277,8.449,
1,43,0.143,0.303,0.476,0.643,0.813,1.125,1.292,1.455,1.607,1.784,1.947,2.265,2.441,2.602,2.777,2.926,3.072,3.270,3.407,3.582,3.737,4.076,4.248,4.395,4.579,4.745,4.922,5.092,5.289,5.456,5.607,5.779,5.932,6.101,6.307,
1,44,0.046,0.216,0.400,0.562,0.898,1.062,1.238,1.418,1.581,1.730,1.933,
1,45,0.494,0.639,0.782,0.956,1.113,1.272,1.430,1.569,1.742,1.896,2.052,2.208,2.368,2.550,2.703,2.853,3.023,3.162,3.500,3.689,3.890,4.043,4.225,4.430,4.647,4.824,4.990,5.141,5.301,5.452,5.573,5.695,5.828,5.981,6.296,6.433,6.747,6.913,7.088,7.212,7.392,7.569,7.840,7.997,8.189,8.334,8.674,8.832,9.017,9.177,9.322,9.486,9.625,9.781,9.927,10.274,10.420,10.591,10.749,10.935,11.048,11.210,11.499,11.666,11.827,12.144,12.323,12.486,12.651,12.802,12.956,13.117,13.261,13.672,13.828,14.011,14.160,
1,46,0.077,0.284,0.445,0.595,0.767,0.932,1.076,1.421,1.598,1.767,1.916,2.094,2.274,2.418,2.768,2.948,3.334,3.497,3.657,3.827,3.966,4.135,4.303,4.469,4.624,4.769,4.934,5.097,5.236,5.431,5.578,5.748,5.931,6.056,6.415,6.586,6.770,6.904,7.066,7.270,7.440,7.597,7.785,7.969,8.318,8.713,8.906,9.089,9.251,9.624,9.775,9.955,10.145,10.330,10.521,10.697,10.949,11.163,11.360,11.532,11.700,11.877,12.103,12.443,12.610,12.785,12.970,13.152,13.305,13.499,13.672,13.871,14.055,14.273,14.427,14.607,14.783,14.956,15.119,15.294,15.445,15.597,15.784,15.957,16.127,16.310,16.524,
1,47,0.158,0.328,0.486,0.647,0.824,0.999,1.170,1.332,1.524,1.651,1.829,2.000,2.171,2.346,2.687,2.863,3.047,3.210,3.372,3.555,3.735,3.900,4.072,4.239,4.412,
1,48,0.183,0.370,0.555,0.732,0.904,1.273,1.461,1.643,1.834,2.023,2.204,2.374,2.553,2.743,3.056,3.226,3.355,3.697,3.891,4.227,4.408,4.608,4.778,4.972,5.129,5.492,5.713,5.923,6.235,6.431,6.590,6.769,6.946,7.107,7.449,7.617,7.947,8.126,8.459,8.670,8.835,9.012,9.178,9.348,9.535,9.705,9.894,10.064,10.227,10.394,10.555,10.708,10.856,11.048,11.196,11.480,11.696,11.872,12.046,12.240,12.407,12.542,12.726,12.895,13.214,13.418,13.577,13.748,13.954,14.262,
1,49,0.127,0.330,0.471,0.670,0.838,0.988,1.320,1.500,1.676,1.900,2.048,2.241,2.420,2.601,2.767,2.948,3.156,3.356,3.567,3.814,4.018,4.252,4.434,4.651,4.869,5.104,5.305,5.497,5.708,5.936,6.136,6.352,6.548,6.776,6.987,7.190,7.412,7.622,7.846,8.069,8.270,8.480,8.697,8.903,9.101,9.302,9.520,9.741,9.938,10.164,10.360,10.577,10.796,11.021,11.248,11.445,11.669,11.895,12.115,12.323,
1,50,0.346,0.519,0.696,0.899,1.055,1.247,1.426,1.788,1.988,2.150,2.332,2.516,2.692,3.046,3.231,3.410,3.585,3.741,3.925,4.103,4.297,4.443,4.634,4.809,5.018,5.163,5.329,5.518,5.715,5.892,6.064,6.227,6.452,6.580,6.768,6.950,7.135,7.469,7.652,7.842,7.996,8.182,8.386,
1,51,0.042,0.223,0.417,0.577,0.730,0.906,1.077,1.266,1.414,1.587,1.794,1.959,2.326,2.524,2.702,2.867,3.056,3.267,3.440,3.634,3.807,3.991,4.161,4.368,4.518,4.693,4.897,5.203,5.376,5.558,5.752,5.917,6.082,6.269,6.460,6.636,6.803,6.971,7.163,7.319,7.519,7.714,7.896,8.071,8.229,8.386,8.617,8.787,8.971,9.140,9.359,9.520,9.700,9.848,10.038,10.209,10.394,10.596,10.771,10.940,11.107,11.271,11.468,11.626,11.847,12.022,12.194,12.345,12.559,12.721,12.925,13.272,13.482,13.671,13.846,14.032,14.198,14.406,14.780,15.150,15.337,15.523,15.684,15.856,16.043,16.213,16.394,16.585,16.774,16.935,17.110,17.296,
1,52,,
1,53,0.103,0.275,0.446,0.626,0.812,0.968,1.154,1.351,1.542,1.696,1.862,2.048,2.230,2.412,2.591,2.769,2.974,3.153,3.333,3.519,3.704,3.864,4.078,4.243,4.455,4.603,4.784,
1,54,0.060,0.209,0.390,0.557,0.724,0.891,1.073,1.249,1.442,1.611,1.801,1.991,2.198,2.370,
1,55,0.127,0.305,0.491,0.664,0.887,1.087,1.553,1.747,
1,56,0.054,0.246,0.419,0.852,1.077,1.273,1.545,
1,57,0.068,0.365,0.644,0.851,1.027,1.198,1.394,1.582,1.750,1.960,2.191,2.419,2.665,2.895,3.094,3.301,3.512,3.695,3.895,4.249,
1,58,,
1,59,0.207,0.395,0.561,0.723,0.908,1.068,1.243,1.663,1.870,2.044,2.237,2.403,2.611,
1,60,0.456,0.725,0.924,1.109,1.316,1.475,1.650,1.829,1.989,2.202,2.546,2.767,2.963,3.178,3.368,3.534,3.911,4.059,4.207,4.357,4.518,4.671,4.844,5.024,5.195,5.360,5.518,5.635,5.839,6.025,6.182,6.385,6.619,6.862,7.112,7.322,7.519,7.692,7.869,8.050,8.212,8.427,8.670,8.918,9.168,9.400,9.610,9.846,10.084,
1,61,0.213,0.429,0.648,0.852,1.061,1.269,1.467,
1,62,,
1,63,0.033,0.206,0.400,0.594,0.774,0.928,1.112,1.244,1.567,1.739,1.894,2.050,2.232,2.424,
1,64,0.370,0.524,0.672,0.847,1.026,1.318,1.517,1.670,1.838,2.002,2.318,2.521,2.683,2.893,3.059,3.249,3.435,3.621,3.790,3.962,4.147,4.320,4.497,4.679,4.855,5.037,5.228,5.431,5.616,5.802,5.987,6.169,6.395,6.734,6.934,7.110,7.293,7.466,7.652,7.838,8.031,8.222,8.409,
1,65,0.075,0.270,0.408,0.553,0.724,0.886,1.032,1.178,1.368,1.552,1.725,1.910,2.067,2.245,2.397,
1,66,0.072,0.234,0.409,0.574,0.747,0.896,1.045,1.191,1.341,1.496,1.647,1.803,1.970,2.144,2.298,2.444,
1,67,0.052,0.174,0.332,0.512,0.670,0.949,1.145,1.298,1.479,1.646,1.832,1.962,2.123,2.303,2.513,2.586,2.785,2.930,3.107,3.263,3.430,3.611,3.778,3.946,4.102,4.267,
1,68,0.068,0.221,0.375,0.573,0.712,0.873,1.056,1.210,1.368,1.683,1.850,2.013,2.181,2.322,2.482,2.647,2.787,2.965,3.118,3.290,3.473,3.647,3.798,3.956,4.113,4.267,
1,69,0.146,0.322,0.463,0.647,0.795,0.955,1.122,1.263,1.428,1.570,1.740,1.909,2.068,2.223,2.397,2.556,2.862,3.046,3.231,3.375,3.539,3.675,3.841,4.015,4.316,4.492,4.831,5.015,5.198,5.399,5.717,5.926,6.113,6.449,6.625,6.813,6.975,7.145,7.334,7.677,7.843,8.017,8.182,8.361,
1,70,0.186,0.351,0.520,0.668,0.836,0.991,1.151,1.312,1.521,1.678,1.869,2.045,2.225,2.404,2.580,2.771,2.933,3.107,3.275,3.425,3.603,3.772,3.928,4.100,4.272,4.421,4.617,4.751,4.915,5.081,5.272,5.749,5.921,6.079,6.273,6.429,6.627,6.790,6.954,7.140,7.295,7.466,7.640,7.805,7.976,8.296,8.461,8.641,8.794,8.949,9.151,9.287,9.423,9.594,9.747,9.898,10.079,10.236,10.413,
1,71,0.061,0.232,0.375,0.559,0.921,1.076,1.268,1.401,1.581,1.764,1.895,2.080,2.295,2.442,2.604,2.768,2.937,3.212,3.375,3.548,3.722,3.913,4.079,4.221,4.405,4.545,4.729,4.896,5.047,5.239,5.406,5.587,5.742,5.919,6.076,6.240,6.403,6.575,6.710,6.877,7.213,7.397,7.546,7.709,7.897,8.053,8.229,8.398,8.704,8.898,9.078,9.243,9.416,9.599,9.765,10.050,10.202,10.349,10.515,10.834,11.025,11.201,11.366,11.519,11.715,11.875,12.198,
1,72,0.064,0.196,0.358,0.528,0.684,0.961,1.145,1.320,1.469,1.664,1.835,1.989,2.145,2.308,2.468,2.645,2.804,2.946,3.136,3.292,3.454,3.604,3.777,3.926,4.074,4.270,
1,73,0.033,0.191,0.342,0.516,0.682,0.834,1.017,1.199,1.323,1.517,1.679,1.833,2.017,2.190,2.361,2.495,2.714,2.853,3.035,3.200,3.569,3.750,3.913,4.073,4.252,4.540,4.730,4.953,5.089,5.272,5.414,5.582,5.769,5.927,6.086,6.231,6.408,6.566,6.748,6.915,7.069,7.392,7.554,7.741,7.918,8.087,8.247,8.411,8.567,8.736,8.866,9.178,9.387,9.567,9.740,9.918,10.058,10.240,
1,74,0.084,0.227,0.425,0.563,0.740,0.901,1.221,1.444,1.595,1.777,1.942,2.148,2.280,2.461,2.624,2.775,2.969,3.149,3.297,3.450,3.589,3.797,3.974,4.149,4.300,4.463,4.623,4.788,5.111,5.273,5.444,5.621,5.794,5.973,6.150,6.279,6.486,6.619,6.809,7.021,7.136,7.304,7.501,7.851,8.052,8.227,8.579,8.778,8.975,9.159,9.369,9.525,9.725,10.043,10.236,10.417,10.587,10.769,10.952,11.120,11.488,11.680,12.001,12.347,12.520,12.861,13.054,13.211,13.398,13.552,13.739,13.909,14.089,14.270,
1,75,0.150,0.291,0.451,0.603,0.788,0.942,1.111,1.267,1.428,1.650,1.767,1.928,2.108,2.271,2.456,2.626,2.802,2.966,3.126,3.292,3.446,3.605,3.768,3.941,4.094,4.268,4.429,4.603,4.769,4.927,5.087,5.272,5.441,5.584,5.772,5.944,6.097,6.269,6.436,6.592,6.740,6.919,7.073,7.243,7.416,7.615,7.770,7.976,8.137,8.315,8.474,8.637,8.805,8.999,9.171,9.324,9.498,9.693,9.876,10.041,10.271,10.366,10.536,10.718,10.891,11.055,11.236,11.430,11.601,11.772,11.933,12.105,12.279,12.433,12.565,12.772,12.935,13.110,13.305,13.487,13.657,13.833,14.159,14.342,14.496,14.667,14.844,15.023,15.180,15.359,15.536,15.720,15.894,16.068,16.247,
1,76,0.141,0.292,0.465,0.626,0.807,0.965,1.142,1.301,1.453,1.615,1.785,1.963,2.094,2.275,2.429,2.624,2.788,2.951,3.143,3.293,3.480,3.609,3.796,3.983,4.153,4.347,4.534,4.727,4.877,5.057,5.234,5.426,5.592,5.772,5.948,6.147,6.334,
1,77,0.122,0.303,0.476,0.646,0.815,0.987,1.170,1.343,1.526,1.702,1.870,2.039,2.226,2.393,2.560,2.734,2.913,3.076,3.260,3.436,3.607,3.745,3.923,4.115,4.300,4.479,4.644,4.837,4.998,5.167,5.346,5.518,5.691,5.871,6.050,6.227,6.420,6.594,6.778,6.973,7.154,7.351,7.539,7.709,7.896,8.052,8.263,8.437,8.646,8.816,9.028,9.197,9.397,9.550,9.750,9.940,10.147,10.321,10.476,10.654,10.855,11.025,11.220,11.398,11.741,11.937,12.095,12.272,12.405,12.601,12.799,12.993,13.182,13.351,13.515,13.713,13.899,14.055,14.237,14.438,14.649,14.806,14.963,15.149,15.327,15.520,15.727,15.924,16.127,16.279,
1,78,0.199,0.532,0.734,0.889,1.069,1.222,1.389,1.552,1.742,1.911,2.089,2.273,2.448,2.640,2.803,
1,79,0.136,0.306,0.476,0.674,0.821,0.981,1.156,1.334,1.520,1.675,1.858,2.027,2.207,
1,80,0.311,0.445,0.646,0.811,0.987,1.156,1.333,1.513,1.698,1.897,2.074,2.248,2.404,2.597,2.791,2.979,3.158,3.319,3.497,3.689,3.859,4.044,4.236,4.423,4.648,4.792,4.974,5.170,5.330,5.522,5.899,6.083,6.299,6.473,
1,81,0.125,0.453,0.604,0.787,0.958,1.142,1.317,1.526,1.696,1.870,2.051,2.242,2.442,2.626,2.806,3.010,3.199,3.375,3.566,3.777,3.951,4.123,4.307,4.501,4.685,4.868,5.050,5.243,5.431,5.628,5.826,6.014,6.223,
1,82,0.500,0.641,0.811,0.963,1.119,1.278,1.433,1.585,1.745,1.905,2.059,2.209,2.359,2.522,2.673,2.853,2.996,3.166,3.344,3.500,3.659,3.834,3.989,4.172,4.340,4.523,4.672,4.822,4.975,5.140,5.296,5.449,5.609,5.777,5.922,6.095,6.274,6.440,6.621,6.806,6.952,7.098,7.281,7.460,7.618,7.778,7.963,8.123,8.300,8.486,8.667,8.848,9.025,9.221,9.392,9.565,9.909,10.094,10.259,10.439,10.643,10.811,10.996,11.187,11.356,11.510,11.697,11.876,12.056,12.260,12.435,12.644,12.800,12.993,13.161,13.356,13.533,13.693,13.859,14.020,14.169,14.344,14.514,14.686,14.862,15.030,15.218,15.410,15.582,15.773,15.997,16.155,16.367,
1,83,0.123,0.328,0.498,0.657,0.850,1.021,1.194,1.395,1.577,1.771,1.964,2.173,2.524,2.683,2.896,3.063,3.263,3.445,3.618,3.808,3.991,4.169,4.355,
1,84,0.062,0.218,0.407,0.774,0.949,1.141,1.318,1.524,1.704,1.895,2.068,2.274,2.430,2.613,2.804,2.996,3.346,3.540,3.727,4.102,4.288,4.473,4.649,4.844,5.031,5.201,5.393,5.570,5.759,5.947,6.143,6.318,
1,85,0.038,0.217,0.413,0.603,0.814,0.977,1.151,1.341,1.522,1.688,2.023,2.223,2.411,2.582,2.744,2.944,3.140,3.325,3.502,3.701,3.890,4.099,4.291,
1,86,0.045,0.233,0.419,0.595,0.764,0.932,1.102,1.282,1.469,1.667,1.853,2.032,2.207,2.408,2.597,2.787,2.984,3.192,3.399,3.583,3.774,3.967,4.149,4.330,4.536,4.749,4.919,5.108,5.274,5.473,5.701,5.829,6.034,6.231,6.420,6.597,6.799,7.017,7.197,7.407,7.610,7.812,7.982,8.176,8.373,8.727,8.916,9.120,9.332,9.518,9.715,9.907,10.135,10.311,10.497,10.713,10.914,11.114,11.301,11.479,11.696,11.873,12.046,12.243,12.430,12.608,12.812,12.964,13.137,13.312,13.520,13.708,13.910,14.084,14.277,14.438,14.644,14.888,15.043,15.232,15.447,
1,87,0.038,0.217,0.403,0.589,0.928,1.139,1.309,1.500,1.682,1.864,2.066,2.228,2.428,2.608,2.806,2.975,3.162,3.334,3.523,3.687,3.853,4.027,4.189,4.342,4.524,4.687,4.864,5.062,5.224,5.391,5.539,5.710,5.891,6.071,6.244,6.398,6.559,6.713,6.860,6.995,7.142,7.305,7.443,7.589,7.809,7.962,8.115,8.298,
1,88,0.065,0.226,0.376,0.543,0.687,0.838,0.998,1.157,1.317,1.469,1.651,1.809,1.970,2.151,2.304,
1,89,0.040,0.230,0.429,0.602,0.787,0.985,1.176,1.357,1.542,1.746,1.938,2.147,2.309,2.485,2.680,2.898,3.073,3.275,3.477,3.658,3.830,4.015,4.183,4.356,4.538,4.729,4.909,5.094,5.285,5.495,5.664,5.851,6.058,6.266,6.475,6.662,6.856,7.026,7.209,7.400,7.575,7.767,7.947,8.150,8.331,8.527,8.732,8.901,9.032,9.205,9.397,9.576,9.784,9.953,10.151,10.341,10.518,10.688,10.914,11.094,11.295,11.493,11.692,11.885,12.073,12.247,12.465,12.653,12.845,13.061,13.269,13.456,13.640,13.835,14.030,14.242,14.440,14.616,14.829,15.020,15.226,15.438,15.637,15.814,16.021,16.172,
3,1,,
3,2,0.329,0.649,0.780,0.921,1.060,1.211,1.399,1.488,1.706,1.877,2.051,2.218,2.400,2.563,2.738,2.915,3.085,3.267,3.464,3.661,3.872,4.077,4.227,4.397,4.581,4.768,5.018,5.221,5.389,5.574,5.768,5.961,6.124,6.347,6.519,6.715,6.858,7.046,7.225,7.407,7.572,7.749,7.909,8.073,8.240,8.407,8.583,8.770,9.102,9.287,9.468,9.640,9.826,10.020,10.181,10.387,10.550,10.771,10.962,11.179,11.388,11.614,11.786,11.987,12.163,12.395,12.588,12.789,12.973,13.155,13.372,13.576,13.772,13.918,14.110,14.314,
3,3,0.391,0.549,0.717,
3,4,0.311,0.473,0.625,0.913,1.059,1.215,1.400,1.561,1.740,1.928,2.139,2.305,2.486,2.689,2.851,3.049,3.214,3.407,3.589,3.773,3.939,4.121,4.288,4.485,4.622,4.810,4.994,5.183,5.374,5.556,5.744,5.940,6.117,6.309,6.497,6.700,6.874,7.067,7.261,7.443,7.838,8.025,8.169,8.392,8.553,8.743,8.917,9.094,9.296,9.486,9.697,9.859,10.041,10.229,10.416,10.598,10.806,11.014,11.207,11.411,11.600,11.809,11.993,12.222,12.404,12.576,12.761,12.939,13.144,13.330,13.520,13.698,13.902,14.104,14.280,
3,5,,
3,6,0.419,0.597,0.795,0.981,1.179,1.615,1.826,2.250,2.449,2.685,2.930,
3,7,0.343,0.515,0.648,0.799,0.955,1.091,1.246,1.413,1.584,1.727,1.899,2.034,2.182,2.332,2.480,2.649,2.781,2.956,3.150,3.303,3.476,3.627,3.798,3.954,4.113,4.276,4.425,
3,8,0.377,0.515,0.676,0.816,1.085,1.235,1.537,1.844,2.023,2.157,2.322,2.480,2.620,2.776,2.892,3.041,3.335,3.495,3.643,3.798,3.956,4.110,4.276,4.425,4.580,4.726,4.893,5.010,5.150,5.299,5.442,5.582,5.742,5.897,6.086,6.229,6.373,6.520,6.710,6.857,7.011,7.159,7.310,7.490,7.651,7.817,7.988,8.145,8.297,8.459,8.627,8.942,9.097,9.262,9.697,9.840,10.019,10.183,10.330,10.513,10.623,10.786,10.945,11.092,11.270,11.428,11.604,11.763,11.924,12.240,12.407,12.576,12.767,12.912,13.147,13.343,13.492,13.667,13.862,14.049,14.221,
3,9,0.359,0.669,0.818,0.993,1.174,1.324,1.776,1.993,2.204,2.435,2.581,2.715,2.847,3.017,3.128,3.267,3.386,3.562,3.733,3.916,4.079,4.268,4.443,
3,10,0.313,0.641,0.811,0.995,1.185,1.376,1.551,1.715,1.916,2.083,2.249,2.424,2.594,2.775,2.933,3.125,3.439,3.609,3.774,3.939,4.102,4.279,4.461,4.643,4.813,4.966,5.150,5.335,5.515,5.698,5.855,6.020,6.195,6.377,6.547,6.722,6.894,7.064,7.247,7.433,7.606,7.786,7.963,8.148,8.328,8.485,8.661,8.845,9.199,9.402,9.545,9.745,9.915,10.070,10.265,10.460,10.762,10.946,11.146,11.297,11.489,11.807,12.013,12.199,12.367,12.554,12.712,12.909,13.228,13.419,13.599,13.767,13.954,14.147,14.303,14.466,14.668,14.983,15.148,15.311,15.497,15.682,15.870,16.069,16.247,
3,11,0.347,0.500,0.679,0.852,1.017,1.177,1.368,1.539,1.862,2.156,2.343,2.518,2.676,2.841,3.018,3.213,3.334,3.484,3.644,3.815,3.978,4.152,4.317,4.518,4.686,4.869,5.063,5.432,5.619,5.781,5.941,6.127,6.284,6.636,6.770,6.913,7.091,7.250,7.425,7.601,7.782,7.952,8.115,8.280,8.463,8.637,8.820,8.974,9.145,9.310,9.475,9.619,9.798,9.990,10.155,10.313,10.478,10.645,10.833,10.998,11.169,11.331,11.522,11.691,11.863,12.025,12.205,12.373,12.529,12.689,12.852,13.023,13.188,13.344,13.523,13.674,13.847,14.027,14.393,14.545,14.713,14.877,15.036,15.207,15.390,15.548,15.724,15.900,16.102,16.278,
3,12,0.393,0.544,0.700,0.870,1.051,1.222,1.403,1.549,1.727,1.894,2.069,2.235,2.407,2.589,2.761,2.933,3.144,3.312,3.482,3.644,3.792,3.968,4.151,4.327,4.485,4.655,4.853,5.036,5.184,5.348,5.538,5.706,5.896,6.042,6.219,
3,13,0.167,0.519,0.672,0.826,0.992,1.178,1.369,1.517,1.670,1.835,2.010,2.173,2.364,2.520,2.698,2.894,3.023,3.191,3.365,3.551,3.730,3.895,4.082,4.252,4.410,
3,14,0.055,0.228,0.374,0.531,0.712,0.866,1.036,1.399,1.556,1.720,1.919,2.083,2.245,2.410,2.583,2.943,3.083,3.270,3.469,3.637,3.790,3.962,4.146,4.312,4.472,4.644,4.827,5.161,5.329,5.521,5.691,5.846,6.021,6.167,6.340,6.528,6.695,6.888,7.056,7.236,7.392,7.576,7.735,7.921,8.110,8.276,8.452,8.639,8.794,8.952,9.114,9.273,9.424,9.595,9.773,10.101,10.250,10.414,
3,15,0.425,0.573,0.736,0.894,1.074,1.238,1.408,1.581,1.748,1.898,2.075,2.227,2.392,2.567,2.739,2.911,3.075,3.266,3.426,3.594,3.759,3.924,4.079,4.246,
3,16,0.307,0.455,0.628,0.781,0.956,1.111,1.276,1.454,1.674,1.802,1.964,2.145,2.335,2.474,
3,17,0.304,0.485,0.636,0.806,0.987,1.150,1.300,1.473,1.807,1.973,2.319,2.492,2.637,2.808,2.971,3.120,3.283,3.451,3.601,3.771,3.955,4.085,4.271,4.415,4.573,4.731,4.918,5.083,5.272,5.416,5.570,5.741,5.916,6.100,6.243,6.409,6.588,6.746,6.916,7.090,7.273,7.448,7.640,7.773,7.946,8.116,8.329,8.461,8.622,8.793,8.989,9.140,9.328,9.531,9.685,9.872,10.024,10.187,10.343,10.524,10.712,10.891,11.031,11.200,11.391,11.557,11.713,11.892,12.067,12.226,12.412,12.575,12.736,12.917,13.075,13.243,13.446,13.592,13.771,13.943,14.124,14.294,14.471,14.643,14.804,14.990,15.170,15.336,15.520,15.688,15.874,16.059,16.249,
3,18,,
3,19,0.187,0.340,0.493,0.668,0.809,0.969,1.121,1.285,1.443,1.603,1.775,1.933,2.104,2.251,2.416,2.550,2.904,3.053,3.241,3.392,3.543,3.716,3.868,4.026,4.199,4.355,
3,20,0.167,0.345,0.494,0.641,0.801,0.912,1.063,1.232,1.550,1.675,1.826,1.976,2.136,2.270,2.436,2.591,2.747,2.890,3.074,3.211,3.387,3.550,3.704,3.852,4.162,4.332,4.457,4.626,4.747,4.888,5.021,5.161,5.296,5.406,5.585,5.738,5.888,6.000,6.115,6.272,6.451,6.590,6.746,7.022,7.173,7.341,7.645,7.795,7.952,8.099,8.273,
3,21,0.108,0.266,0.417,0.577,0.729,0.899,1.055,1.218,1.376,1.539,1.713,1.900,2.023,2.194,2.352,2.502,2.685,2.850,3.017,3.166,3.328,3.658,3.861,4.000,4.181,4.351,4.518,4.681,4.841,5.018,5.190,5.365,5.548,5.721,5.885,6.065,6.224,6.405,6.573,6.741,6.918,7.093,7.420,7.610,7.799,7.943,8.127,8.292,8.471,8.661,8.802,8.982,9.170,9.334,9.483,9.656,9.822,9.986,10.153,10.349,10.521,10.686,10.844,11.021,11.189,11.388,11.551,11.724,11.888,12.049,12.272,12.406,
3,22,0.422,0.570,0.733,0.904,1.061,1.229,1.408,1.566,1.734,1.902,2.047,2.219,2.398,2.535,2.715,2.899,3.033,3.196,3.399,3.533,3.695,3.867,4.019,4.349,4.516,4.701,4.854,5.053,5.209,5.371,5.546,5.694,5.900,6.034,6.209,6.400,6.539,6.709,6.854,7.017,7.176,7.351,7.518,7.858,8.000,8.173,8.351,8.518,8.809,8.975,9.150,9.309,9.480,9.667,9.840,10.019,10.188,10.359,10.519,10.700,10.886,11.051,11.222,11.430,11.579,11.741,11.913,12.084,12.242,12.413,12.579,12.737,12.908,
3,23,,
3,24,0.062,0.245,0.439,0.624,0.779,0.948,1.117,1.274,1.435,1.604,1.777,1.944,2.120,2.294,2.477,2.644,2.845,3.010,3.186,3.346,3.527,3.696,3.868,4.026,4.206,4.394,4.570,4.748,4.934,5.103,5.292,5.466,5.645,5.815,6.015,6.190,6.369,6.535,6.729,6.903,7.090,7.250,7.445,7.646,7.836,8.029,8.219,8.421,8.625,8.802,8.970,9.176,9.335,9.513,9.696,9.849,9.999,10.151,10.322,
3,25,,
3,26,0.040,0.237,0.422,0.640,0.861,1.048,1.243,1.437,1.619,1.806,1.986,2.204,2.430,2.641,2.875,3.083,3.314,3.525,3.728,3.962,4.183,4.392,4.683,4.914,5.171,5.399,5.626,5.852,6.085,6.320,6.560,6.794,7.019,7.274,7.541,7.848,8.112,
3,27,,
3,28,0.037,0.189,0.328,0.453,0.597,0.723,0.845,0.972,1.101,1.244,1.374,1.514,1.648,1.787,1.920,2.034,2.185,2.326,2.464,2.598,2.735,2.877,3.015,3.149,3.294,3.430,3.599,3.725,3.868,4.019,4.166,4.317,4.465,4.624,4.766,4.899,5.053,5.182,5.327,5.516,5.686,5.821,5.968,6.123,6.273,6.420,6.600,6.743,6.837,7.034,7.200,7.333,7.517,7.671,7.836,8.156,8.299,8.470,8.651,8.800,8.953,9.122,9.297,9.460,9.626,9.785,9.961,10.126,10.337,10.484,10.652,10.810,10.991,11.138,11.299,11.475,11.608,11.787,11.944,12.072,12.245,12.413,12.579,12.734,12.886,13.044,13.214,13.358,13.523,
3,29,0.153,0.325,0.479,0.647,0.809,1.160,1.353,1.564,1.749,1.917,2.095,2.299,2.514,2.692,3.031,3.197,3.398,3.542,3.704,3.864,4.086,4.249,4.532,4.727,4.905,5.084,5.247,5.399,5.565,5.899,6.070,6.252,6.399,6.595,6.820,7.038,7.238,7.665,7.859,8.029,8.453,8.586,8.749,8.900,9.061,9.267,9.443,9.604,9.785,9.946,10.106,10.297,10.493,10.680,
3,30,0.146,0.291,0.459,0.640,0.785,0.952,1.101,1.270,1.606,1.771,1.933,2.112,2.298,2.466,2.657,2.805,2.975,3.191,3.364,3.545,3.698,3.870,4.060,4.230,4.411,4.595,4.772,4.982,5.163,5.350,5.522,5.689,5.861,5.988,6.171,6.339,6.523,6.666,6.890,7.069,7.231,7.396,7.563,7.724,7.915,8.060,8.180,8.284,8.394,8.524,8.598,8.694,8.777,8.891,8.966,9.177,9.244,9.352,9.452,9.691,9.774,9.868,9.966,10.275,10.395,
3,31,0.036,0.317,0.440,0.646,0.851,0.961,1.032,1.161,1.270,1.367,1.486,1.569,1.672,1.791,1.988,2.190,2.304,2.429,2.531,2.647,2.742,2.864,3.098,
