0,1,0.117,0.322,0.492,0.694,0.895,1.071,1.274,1.443,1.646,1.818,2.016,2.195,2.372,2.546,2.740,2.916,3.100,3.285,3.513,3.703,3.900,4.091,4.275,4.484,4.706,4.897,5.098,5.305,5.701,5.898,6.083,6.284,6.476,6.660,6.846,7.048,7.265,7.457,7.675,7.899,8.091,8.297,8.516,8.741,8.953,9.153,9.366,9.575,9.801,10.026,10.228,
0,1,0.217,0.434,0.644,0.837,1.053,1.269,1.466,1.678,1.890,2.101,2.340,2.539,2.745,2.949,3.148,3.372,3.581,3.797,4.020,4.241,4.442,4.658,4.869,5.079,5.300,5.521,5.727,5.945,6.171,6.388,6.601,6.821,7.021,7.242,7.478,7.694,7.919,8.150,8.398,8.608,8.824,9.054,9.272,9.526,9.751,9.980,10.220,10.483,
0,1,0.182,0.401,0.578,0.794,0.982,1.195,1.413,1.634,1.862,2.047,2.283,2.477,2.679,
0,1,0.229,0.405,0.603,0.814,1.018,1.232,1.438,1.669,1.868,2.044,2.268,2.489,
1,1,0.098,0.276,0.479,
1,2,0.081,0.283,0.482,0.679,0.900,1.086,1.303,1.495,1.699,1.900,2.053,
1,3,0.062,0.272,0.480,0.676,0.895,1.069,1.290,1.481,1.689,1.919,2.119,2.314,2.526,
1,4,0.171,0.373,0.565,0.769,0.953,1.162,1.367,1.579,1.769,1.996,2.202,2.417,2.624,2.837,3.058,3.241,
1,5,0.305,0.516,0.698,0.906,1.094,1.312,1.517,1.723,1.944,2.150,2.330,2.561,2.739,2.923,3.148,3.332,3.559,3.768,3.967,4.151,
1,6,0.269,0.458,0.656,0.865,1.072,1.270,1.476,1.698,1.900,2.100,2.310,2.520,2.724,2.920,3.112,3.316,3.517,
1,7,0.086,0.284,0.471,0.660,0.847,1.058,
1,8,0.238,0.407,0.593,0.784,0.986,1.178,1.370,1.544,1.742,1.921,2.142,2.305,2.525,2.679,2.876,
1,9,0.232,0.454,0.650,0.851,1.045,1.243,1.429,1.620,1.830,2.017,2.207,2.414,2.625,2.824,3.018,3.212,3.399,3.603,3.786,3.985,4.191,4.402,4.590,4.798,4.985,5.187,5.494,
1,10,0.284,0.453,0.658,0.848,1.023,1.183,1.369,1.573,1.707,1.907,2.071,2.273,2.445,2.644,2.854,3.051,3.274,3.446,3.640,3.827,4.027,4.231,4.420,4.574,
1,11,0.244,0.428,0.594,
1,12,0.108,0.286,0.480,0.657,0.849,1.065,1.251,1.464,1.659,1.851,2.056,2.270,2.467,2.648,2.848,3.020,3.205,3.396,3.591,3.777,3.918,
1,13,0.082,0.492,0.687,0.903,1.100,
1,14,0.213,0.415,0.615,0.807,0.998,
1,15,0.099,0.306,0.500,0.704,0.925,1.139,1.354,1.526,1.730,1.933,2.145,2.364,2.564,2.770,2.960,3.137,3.312,3.490,3.700,3.867,
1,16,0.090,0.277,0.474,0.691,0.909,1.102,1.304,1.518,1.706,1.902,2.079,2.272,2.470,2.662,2.845,
1,17,0.038,0.230,0.425,0.639,0.836,1.056,1.272,1.472,1.697,1.906,2.077,2.285,2.495,2.692,2.890,3.057,3.228,
1,18,0.153,0.365,0.577,0.775,0.972,1.192,1.403,1.599,1.793,2.001,2.206,2.412,2.594,2.762,
1,19,0.066,0.251,0.453,0.810,1.034,1.221,1.415,1.601,1.811,2.017,2.203,2.487,2.710,2.884,3.088,3.293,3.497,3.691,3.870,
1,20,0.185,0.341,0.514,0.691,0.858,1.034,1.238,1.442,1.617,1.802,1.997,2.175,2.358,2.545,2.733,2.899,3.082,3.291,
1,21,0.306,0.502,0.741,0.969,1.213,1.448,1.705,1.939,2.169,2.393,2.611,2.832,3.060,3.285,3.523,3.714,3.937,4.150,4.391,4.607,4.816,5.044,5.274,5.470,5.688,5.918,
1,22,0.272,0.681,1.087,1.478,1.851,2.238,2.617,2.974,3.347,3.721,4.090,4.460,4.830,5.170,
1,23,0.125,0.421,0.783,1.124,1.470,1.811,2.179,2.525,2.866,3.197,3.554,3.902,4.273,4.616,4.961,
1,24,0.361,0.663,0.950,1.292,1.630,1.923,
1,25,0.369,0.638,0.968,1.272,1.588,1.889,2.191,2.483,2.773,3.053,3.334,
1,26,0.318,0.562,0.841,1.127,1.423,1.700,1.982,
1,27,0.271,0.541,0.814,1.083,
1,28,0.235,0.472,0.772,1.022,1.272,1.522,1.787,2.047,2.287,2.525,2.802,3.081,3.297,3.539,3.780,4.023,4.252,4.507,4.773,5.024,5.244,5.507,5.774,6.024,6.274,6.524,
1,29,0.301,0.555,0.781,1.017,1.270,1.535,1.786,2.034,2.294,2.547,2.816,3.079,3.346,3.601,3.871,4.147,4.399,4.650,4.895,
1,30,0.250,0.524,0.774,
1,31,,
1,32,0.052,0.266,0.485,0.691,0.922,1.160,1.400,1.653,
1,33,0.059,0.314,0.537,0.761,0.970,1.192,1.407,1.627,1.849,2.072,2.290,2.512,2.729,2.952,3.185,3.420,3.653,3.900,4.146,
1,34,0.199,0.439,0.664,0.918,1.150,
1,35,0.247,0.483,0.708,0.927,1.156,1.369,1.583,1.818,
1,36,0.326,0.533,0.773,1.019,1.266,1.473,1.714,
1,37,0.369,0.600,0.837,
1,38,0.028,0.221,0.432,0.645,0.856,1.062,1.262,1.451,1.670,1.896,2.098,2.307,2.524,2.739,2.962,3.190,
1,39,0.109,0.309,0.489,0.687,0.889,
1,40,0.037,0.274,0.455,
1,41,0.146,0.345,0.553,0.762,0.960,1.195,1.399,1.630,1.833,
1,42,0.220,0.426,0.645,0.847,1.060,1.288,1.512,1.726,1.942,2.160,2.372,2.596,2.815,3.037,3.263,3.465,
1,43,0.112,0.331,0.563,0.798,1.013,1.234,1.486,1.705,1.926,2.146,2.368,2.577,2.782,2.997,3.208,
1,44,0.165,0.388,0.605,0.807,
1,45,0.155,0.358,0.584,0.797,1.024,
1,46,0.224,0.454,0.673,0.895,1.139,1.365,1.603,1.834,2.054,2.276,2.523,2.714,2.943,3.165,3.371,3.582,3.795,4.023,4.226,4.439,4.640,
1,47,0.216,0.438,0.651,0.858,1.052,1.268,1.489,1.708,1.933,2.139,2.387,2.626,2.852,3.050,3.269,3.451,
1,48,0.361,0.545,0.745,0.956,1.183,1.400,1.597,1.799,2.000,2.225,2.445,2.675,2.891,3.117,3.326,3.554,3.768,3.986,4.201,4.411,4.651,4.851,5.080,5.305,5.543,5.752,5.972,6.185,
1,49,0.185,0.423,0.648,0.848,1.062,1.280,1.499,1.717,1.941,2.161,2.399,2.598,2.822,3.043,3.273,3.516,3.766,3.998,4.226,4.454,4.677,4.917,5.150,5.401,5.603,
1,50,0.112,0.364,0.649,0.896,1.104,1.307,1.524,1.730,1.972,
1,51,0.122,0.343,0.568,0.796,1.023,1.229,1.442,1.693,1.913,2.144,2.390,2.627,2.835,3.060,3.299,3.524,3.751,3.985,4.224,4.445,4.676,4.911,5.142,5.364,
1,52,0.207,0.450,0.678,
1,53,0.298,0.513,0.824,1.046,1.288,1.527,1.795,2.031,2.268,2.518,2.743,3.148,3.398,3.618,3.865,4.126,4.371,4.586,4.828,
1,54,0.372,0.637,0.838,1.077,1.312,1.554,1.800,2.027,2.242,2.479,2.722,2.970,3.196,3.464,3.710,3.937,4.158,4.388,4.604,4.843,5.076,5.349,5.585,5.793,6.029,6.250,
1,55,0.298,0.531,0.732,0.964,1.190,1.433,1.669,1.906,
1,56,0.413,0.649,0.902,1.178,1.424,1.698,2.016,2.266,2.516,2.743,2.944,3.199,3.623,3.852,4.095,4.404,4.656,4.925,5.171,5.401,5.637,5.846,
1,57,0.207,0.489,0.772,1.026,1.308,
1,58,0.311,0.541,0.789,
1,59,0.103,0.325,0.552,0.774,0.963,1.153,1.352,1.587,1.823,2.049,2.287,2.544,2.775,2.999,3.239,3.459,3.645,3.873,4.082,4.290,4.542,4.740,4.931,5.142,5.362,5.565,5.779,5.992,
1,60,0.400,0.600,0.825,1.044,1.274,1.517,1.730,1.951,2.166,2.387,2.604,2.846,3.089,3.310,3.538,3.768,4.019,4.235,4.454,4.676,4.907,5.136,5.369,5.614,5.847,6.093,6.310,6.574,6.787,7.020,7.237,
1,61,0.163,0.398,0.622,
1,62,0.187,0.393,
1,63,0.083,0.299,0.502,
1,64,0.237,0.461,0.691,0.917,1.149,1.366,1.611,1.830,2.053,2.286,2.529,2.770,3.054,3.297,
1,65,0.219,0.425,0.644,0.870,1.137,1.364,1.580,1.808,2.021,2.271,2.464,2.704,2.944,3.164,
1,66,0.240,0.473,0.702,0.933,1.151,1.377,1.600,1.838,2.072,2.278,2.469,2.648,2.870,3.275,3.494,3.727,3.963,4.220,4.446,4.696,4.915,5.115,5.372,5.563,5.808,
1,67,0.090,0.302,0.484,0.717,0.934,1.149,1.369,1.574,1.793,2.018,2.230,2.464,2.678,2.914,3.167,3.386,3.597,3.821,4.034,4.270,4.486,4.699,4.932,5.146,5.341,5.553,5.785,6.024,6.232,6.460,6.685,6.901,7.154,7.388,7.592,7.830,8.063,8.291,8.522,8.733,8.961,9.216,9.439,9.671,9.892,10.139,10.355,
1,68,,
1,69,0.267,0.463,
1,70,0.138,0.330,0.535,0.768,0.935,1.156,1.345,1.590,1.789,2.073,2.304,2.519,2.716,2.931,3.141,3.346,3.554,3.787,3.991,4.204,4.423,4.660,4.852,5.045,5.244,5.445,5.687,5.869,6.075,
1,71,0.437,0.626,0.835,1.037,1.239,1.425,1.623,1.837,2.074,2.293,2.500,2.705,2.929,3.160,3.397,3.584,3.808,4.014,4.239,4.454,4.692,4.920,5.126,5.354,5.576,5.784,
1,72,0.365,0.571,0.780,0.973,1.201,
1,73,0.155,0.393,0.588,0.809,1.013,1.260,1.460,1.668,1.894,2.144,2.360,2.590,2.802,3.002,3.228,3.448,3.654,3.895,4.112,4.339,4.577,4.786,5.019,5.251,5.471,5.707,5.933,6.156,6.396,6.603,6.824,7.042,7.281,7.499,7.732,7.958,8.176,8.397,8.647,8.859,9.061,9.278,9.514,9.741,9.945,10.185,10.418,10.648,10.863,11.098,11.300,11.537,11.765,11.999,12.240,12.454,12.686,12.914,13.149,13.399,13.650,13.877,14.103,14.352,14.575,14.789,15.017,15.226,15.447,15.707,15.935,16.176,16.401,16.620,16.858,17.072,17.297,
1,74,0.387,
1,75,0.112,0.340,0.529,0.739,0.933,1.119,1.344,1.548,1.732,1.948,2.169,2.385,2.596,2.815,3.018,3.235,3.451,3.681,3.890,4.121,4.354,4.553,4.769,5.019,5.233,5.473,5.689,5.911,6.115,6.341,6.591,6.826,7.072,7.280,7.520,7.736,7.955,8.186,8.430,8.659,8.888,9.073,
1,76,0.192,0.420,0.648,0.872,1.083,1.319,1.544,1.795,2.042,2.275,2.557,2.832,3.070,3.303,3.565,3.798,4.034,4.305,4.570,4.823,5.105,5.326,5.606,5.836,6.042,6.297,6.540,6.797,7.057,7.326,7.550,7.783,8.018,8.252,8.498,8.723,8.954,
1,77,0.194,0.402,0.610,0.828,1.022,1.251,1.455,1.682,1.941,2.156,2.374,2.595,2.827,3.071,3.325,3.554,3.801,4.017,4.246,4.477,4.735,5.017,5.287,5.540,5.790,6.037,
1,78,0.446,0.619,0.814,1.044,1.263,1.484,1.708,1.897,2.147,2.370,2.614,2.839,3.028,3.268,
1,79,0.194,0.393,0.602,0.782,1.010,1.236,1.479,1.670,1.901,
1,80,0.393,0.556,0.764,1.024,1.238,1.474,1.697,1.930,2.219,2.484,2.761,3.020,3.261,3.516,3.752,3.993,4.288,4.560,4.761,4.963,5.231,5.493,5.740,5.984,
1,81,0.398,0.601,0.842,1.104,1.330,1.611,1.850,2.061,2.262,2.474,2.743,2.996,3.249,3.491,3.782,4.076,4.294,4.495,4.709,4.928,5.147,5.367,5.585,5.818,6.029,6.231,6.457,6.681,6.898,7.088,7.333,7.549,7.768,8.015,8.241,8.462,8.682,8.905,9.149,9.349,9.555,9.726,9.980,
1,82,0.289,0.458,0.676,0.904,
1,83,0.053,0.264,0.486,0.697,0.898,
1,84,0.226,0.443,0.650,0.859,1.056,1.280,1.517,1.771,2.001,2.225,2.436,2.652,2.885,3.104,3.339,3.555,3.775,4.002,4.228,4.446,4.655,4.877,5.120,5.367,5.576,5.794,6.019,6.221,6.438,6.640,6.868,7.073,7.270,7.473,7.675,7.887,8.080,8.271,8.453,8.651,8.810,
1,85,0.331,0.497,0.694,0.933,1.144,1.349,1.588,1.817,2.036,2.261,2.495,2.699,2.944,3.182,
1,86,0.311,0.536,0.772,0.994,1.242,1.480,1.725,1.966,2.226,2.485,2.743,2.973,3.223,3.486,3.716,3.950,4.199,4.444,4.687,4.969,5.211,5.431,5.708,5.949,6.196,6.460,6.708,6.968,7.203,7.444,7.672,
1,87,0.429,0.625,0.844,1.145,1.395,1.655,1.896,2.158,2.418,2.646,2.864,3.130,3.357,3.595,3.824,4.040,4.273,4.514,4.764,5.014,5.240,5.466,5.694,5.924,6.148,6.372,6.588,6.821,7.041,7.265,7.471,7.692,7.920,8.149,8.360,8.579,
1,88,0.430,0.650,0.850,1.066,1.336,1.574,1.870,2.105,2.342,2.569,2.810,3.061,3.293,3.567,3.820,4.082,4.338,4.580,4.823,5.072,5.304,5.549,5.797,6.055,6.279,6.522,6.727,6.970,7.191,7.407,7.625,7.861,8.085,8.310,8.502,
1,89,0.250,0.444,0.642,0.892,1.099,1.311,1.529,1.772,2.022,2.230,2.460,2.686,2.916,3.223,3.470,3.740,3.976,4.220,4.459,4.679,4.907,5.150,5.397,5.641,5.891,
1,90,0.454,0.625,0.846,1.027,1.267,1.489,1.717,
1,91,0.201,0.409,0.650,
1,92,0.290,0.489,0.705,0.910,1.111,1.327,1.563,1.784,2.017,2.247,2.493,2.741,2.996,3.194,3.447,3.683,3.933,4.194,4.438,4.664,4.916,5.162,5.412,5.647,5.876,6.109,6.367,6.638,6.912,7.186,7.436,7.663,7.898,8.124,8.372,8.618,
1,93,0.155,0.385,0.621,
1,94,0.372,0.573,0.791,0.999,
1,95,0.029,0.231,0.432,0.646,0.843,1.071,1.266,1.499,1.700,1.943,2.164,2.397,2.584,2.795,2.984,3.264,3.514,3.748,3.982,4.209,4.439,4.687,4.905,5.148,5.370,5.627,5.824,6.063,
1,96,0.279,0.517,0.720,0.908,1.125,1.361,1.609,1.831,2.059,2.310,2.565,2.836,3.072,3.318,3.585,3.854,4.102,4.374,4.627,4.857,5.115,5.360,5.610,5.877,6.141,6.390,6.655,6.927,7.192,7.465,7.720,7.978,8.232,8.524,8.788,9.063,
1,97,0.275,0.472,0.699,0.933,1.174,1.419,1.657,1.924,2.182,2.422,2.668,2.917,3.167,3.430,
1,98,0.222,0.444,0.669,0.921,1.147,1.407,1.698,1.944,2.179,2.401,2.648,2.932,3.148,3.398,3.648,3.898,4.088,4.338,4.542,4.769,5.015,5.265,5.482,5.715,5.963,6.196,6.434,6.659,6.900,7.119,7.347,7.569,7.813,8.020,8.289,8.524,8.737,8.957,
1,99,0.203,0.416,0.614,0.837,1.097,1.315,1.549,1.804,2.024,2.265,2.501,2.734,3.001,3.260,3.482,3.745,3.972,4.237,4.499,4.747,4.988,5.245,5.499,5.766,6.030,6.262,6.512,6.771,6.996,7.273,7.541,7.782,8.046,8.319,8.546,8.791,9.019,9.272,9.513,9.720,
1,100,0.141,0.358,0.572,0.800,1.032,1.275,1.483,1.725,1.949,2.176,2.415,2.649,2.906,3.143,3.372,3.607,3.841,4.076,4.333,4.566,4.807,5.059,5.267,5.523,5.780,6.018,6.252,6.490,6.715,6.946,7.172,7.409,7.645,7.871,8.102,8.339,8.577,8.817,9.048,9.297,9.512,9.762,10.001,10.189,10.426,
1,101,0.422,0.614,0.810,1.024,1.240,1.449,1.678,1.905,2.138,2.388,2.597,2.865,3.071,3.311,
1,102,0.127,0.329,0.548,0.778,1.011,1.206,1.453,1.673,1.909,2.148,2.368,2.610,2.866,3.064,3.289,3.521,3.783,4.024,4.263,4.474,4.724,4.965,5.205,5.455,5.673,5.877,6.084,6.290,
1,103,0.353,0.535,0.772,0.985,1.195,1.416,1.646,1.855,
1,104,0.201,0.428,0.568,0.812,1.035,1.248,1.468,1.711,1.928,2.150,2.359,2.586,2.803,3.042,3.267,3.490,3.721,3.949,4.175,4.399,4.651,4.851,5.073,5.288,5.518,5.744,5.960,6.152,
1,105,0.118,0.318,0.525,0.739,0.969,1.189,1.403,1.627,1.853,
1,106,0.197,0.412,0.627,0.855,1.063,1.299,1.534,1.765,1.992,2.235,2.459,2.688,2.899,3.149,3.347,3.606,3.802,4.038,4.250,4.451,4.679,4.909,5.121,5.326,5.543,5.751,5.974,
1,107,0.243,0.435,0.623,0.838,1.046,1.276,1.525,1.777,
1,108,0.092,0.306,0.517,0.745,0.977,1.192,1.424,1.657,1.876,2.101,2.324,2.542,2.768,2.981,3.203,3.431,3.665,3.902,4.135,4.392,4.655,4.925,5.210,5.436,5.699,5.936,6.184,6.417,6.640,
1,109,0.146,0.354,0.596,0.808,1.051,1.296,1.533,1.763,2.001,2.225,2.434,2.683,2.943,3.203,3.432,3.670,3.898,4.154,4.398,4.615,4.847,5.127,5.372,5.598,5.831,6.071,6.309,6.547,6.787,7.016,
1,110,0.174,0.409,0.650,0.900,1.170,1.411,1.627,1.900,2.168,2.426,2.651,2.896,3.101,3.336,3.574,3.800,4.022,4.268,4.518,4.768,4.988,5.210,5.442,5.661,5.893,
1,111,0.184,0.392,0.580,0.794,1.026,1.276,1.509,1.746,1.993,2.239,2.462,2.690,2.935,3.196,3.416,3.650,3.894,4.120,4.370,4.593,4.817,5.045,5.269,5.528,5.741,5.988,6.192,6.427,6.645,6.847,
1,112,,
1,113,0.106,0.373,0.623,0.859,1.086,1.337,1.560,1.778,
1,114,0.124,0.362,0.588,0.816,1.024,1.268,1.489,
1,115,0.079,0.294,0.525,
1,116,0.138,0.359,0.565,0.791,1.019,1.221,1.432,1.662,1.888,2.110,2.328,2.561,2.787,3.001,3.224,3.438,3.653,3.838,4.045,4.270,4.482,4.703,4.918,5.137,5.308,
1,117,0.073,0.301,0.529,
1,118,0.067,0.286,0.519,0.747,0.971,1.202,1.441,1.682,1.902,
1,119,0.121,0.315,0.541,0.766,1.000,1.233,1.481,1.712,
1,120,0.087,0.300,0.536,0.772,0.979,1.202,1.431,1.661,1.866,2.094,2.341,2.572,2.800,3.023,3.252,
1,121,0.199,0.407,0.619,0.840,1.054,1.304,1.529,1.767,1.989,2.217,2.443,2.676,2.930,3.186,
1,122,0.084,0.296,0.521,0.738,0.959,
1,123,0.101,0.318,0.551,0.773,1.000,1.223,1.454,1.687,1.900,2.167,2.415,2.651,2.891,3.119,3.368,
1,124,0.065,0.278,0.515,
1,125,0.233,0.451,0.682,0.900,
1,126,0.052,0.276,0.501,0.726,0.963,1.194,1.430,1.650,1.864,2.086,2.319,2.569,2.784,3.024,3.227,3.468,3.678,3.902,4.109,4.337,4.550,4.743,4.940,5.169,5.374,5.564,5.786,6.031,6.244,6.471,6.691,6.930,7.146,7.366,7.566,
1,127,0.079,0.316,0.541,0.772,1.031,1.275,1.519,1.727,1.966,2.189,2.422,2.636,2.860,3.103,3.346,3.571,3.812,4.024,4.270,4.499,4.718,4.977,5.191,5.436,5.649,5.891,6.089,
1,128,0.231,0.449,0.691,0.911,
1,129,0.105,0.327,0.540,0.771,0.972,1.200,1.434,1.644,1.859,2.085,2.296,2.521,2.742,2.988,3.178,3.410,3.642,3.858,4.078,4.292,4.522,4.725,4.945,5.143,5.371,5.621,5.805,
1,130,0.100,0.323,0.557,0.794,1.045,1.280,1.533,1.749,1.988,2.233,2.467,2.727,3.019,3.231,3.461,3.698,3.929,4.155,4.389,4.600,4.811,5.000,5.218,5.440,
1,131,0.152,0.395,0.577,0.796,1.018,
1,132,0.216,0.423,0.643,0.865,1.074,1.269,1.479,1.691,1.907,2.144,2.361,2.581,2.817,3.059,3.293,
1,133,0.043,0.273,0.517,0.739,0.964,1.206,1.442,1.678,1.911,2.151,2.401,2.634,2.854,3.045,3.268,3.497,3.740,3.978,4.222,4.437,4.651,4.847,
1,134,0.037,0.250,0.475,0.714,0.960,1.185,1.398,1.652,1.863,2.102,2.326,2.568,2.797,3.022,3.217,3.453,3.702,3.941,4.164,4.389,4.609,
1,135,0.064,0.322,0.547,0.763,1.014,1.267,1.475,1.738,1.978,2.189,2.417,2.648,2.865,3.110,3.350,3.597,3.856,4.077,4.321,4.572,4.800,5.032,5.290,5.502,5.740,
1,136,0.110,0.326,0.545,0.788,1.033,1.300,1.530,1.774,2.024,2.274,2.544,2.781,3.041,3.297,3.547,3.814,4.047,4.289,4.564,4.807,5.047,5.325,
1,137,0.235,0.499,0.732,0.980,
1,138,0.053,0.300,0.532,0.767,1.017,1.226,1.479,1.699,1.933,2.158,2.401,2.644,2.884,3.111,3.356,3.594,3.847,4.089,4.314,4.543,4.782,5.019,5.252,5.465,
1,139,0.157,0.403,0.655,0.889,1.120,1.366,1.623,
1,140,0.029,0.239,0.463,0.700,0.928,1.155,1.396,1.615,1.845,
1,141,0.243,0.482,0.704,0.936,
1,142,0.231,0.469,0.702,0.930,
1,143,0.086,0.336,0.560,
1,144,0.042,0.285,0.547,0.782,1.052,1.290,1.536,1.798,
1,145,0.207,0.436,0.679,0.914,1.123,1.342,1.555,1.800,
1,146,0.206,0.440,0.673,0.901,1.120,1.351,1.596,1.849,2.084,2.320,2.560,2.803,3.026,3.261,3.493,3.729,3.993,4.246,
1,147,0.147,0.369,0.622,0.852,1.097,1.369,1.614,1.857,
1,148,0.144,0.369,0.607,0.870,1.110,1.356,1.579,1.809,2.031,2.275,2.493,2.718,2.963,3.208,3.475,3.652,
1,149,0.139,0.389,0.606,0.851,1.069,1.285,1.523,1.757,2.023,
1,150,0.122,0.359,0.602,0.832,1.055,1.266,1.500,1.738,1.964,2.199,2.422,2.657,2.900,3.110,
1,151,0.124,0.352,0.593,0.809,
