0,1,0.229,0.423,0.605,0.797,0.978,1.154,1.337,1.514,1.697,1.872,2.050,2.235,2.429,2.616,2.813,3.015,3.167,3.337,3.524,3.704,3.898,4.058,4.265,4.436,4.649,4.851,5.016,5.234,5.405,5.621,5.805,6.016,6.210,6.406,6.603,6.793,6.995,7.204,7.432,7.576,7.777,7.956,8.168,8.362,8.561,8.767,8.959,9.157,9.351,9.549,9.768,9.947,10.171,10.363,10.577,10.781,10.985,11.164,11.385,11.563,
0,1,0.184,0.358,0.579,0.749,0.944,1.140,1.339,1.546,1.769,1.953,2.163,2.369,2.541,2.770,2.929,3.136,3.321,3.520,3.699,3.875,4.049,4.243,4.432,4.616,4.785,5.021,5.223,5.406,5.606,5.783,5.985,6.174,6.388,6.543,6.740,6.908,7.105,7.272,7.474,7.645,7.838,8.041,8.231,8.431,8.613,8.843,9.084,9.276,9.468,9.669,9.856,10.045,10.249,
0,1,0.056,0.231,0.440,0.635,0.819,1.035,1.205,1.392,1.589,1.775,1.970,2.186,2.367,2.568,2.772,2.939,3.150,3.335,3.529,3.719,3.886,
0,1,0.038,0.218,0.407,0.604,0.781,0.970,1.147,1.322,1.519,1.679,1.869,2.053,2.245,2.448,2.617,2.813,3.020,3.199,3.377,3.541,3.740,3.922,4.103,4.285,4.457,4.637,4.800,4.971,
1,1,0.201,0.397,0.597,0.771,0.985,1.167,1.374,1.554,1.738,1.922,2.119,2.316,2.515,2.724,2.924,3.125,3.321,3.519,3.694,3.899,4.062,4.266,4.455,4.649,4.844,5.043,5.250,5.444,5.643,5.847,6.063,6.267,6.451,6.657,6.852,7.062,7.267,7.462,7.670,7.848,8.049,8.251,8.460,8.664,8.871,9.084,9.280,9.487,9.696,9.873,10.082,10.278,10.488,
1,2,0.157,0.341,0.529,0.723,0.930,1.117,1.304,1.501,1.687,1.867,2.056,2.265,2.453,2.649,2.835,3.042,3.227,3.412,3.601,3.783,3.979,4.169,4.367,4.582,4.773,4.980,5.174,5.363,5.587,5.818,6.017,6.216,6.415,6.620,6.828,7.017,7.200,7.389,7.587,7.780,7.962,8.158,8.366,8.562,8.768,8.965,9.144,9.335,9.518,9.713,9.951,10.169,10.358,10.548,
1,3,0.153,0.387,0.595,0.790,0.998,1.200,1.410,1.621,1.810,2.002,
1,4,0.121,0.323,0.525,0.717,0.923,1.149,1.331,1.540,1.735,1.941,2.149,2.336,2.526,2.766,2.961,3.164,3.352,3.534,3.767,3.944,4.158,4.365,4.587,4.799,5.017,5.210,5.415,5.598,5.787,
1,5,0.315,0.521,0.707,
1,6,0.233,0.439,0.651,0.814,0.981,1.185,1.394,1.593,1.803,1.975,2.178,2.401,2.562,2.768,2.972,3.162,3.371,3.567,3.775,3.978,4.156,4.347,4.554,4.769,4.952,5.153,5.347,5.546,5.770,5.972,6.185,6.420,6.649,6.863,7.079,7.346,7.581,7.800,7.999,8.196,8.401,8.616,8.808,9.026,9.226,9.430,9.638,9.842,10.056,10.272,10.466,10.663,
1,7,0.242,0.458,0.664,0.876,1.087,1.313,1.524,1.745,1.990,2.189,2.410,2.619,2.838,3.054,3.274,3.469,3.685,3.874,4.098,4.309,4.531,4.724,4.948,5.196,5.395,5.604,5.810,6.035,6.252,6.468,6.677,6.910,7.143,7.371,7.592,7.828,8.051,8.270,8.493,8.700,8.906,9.110,9.341,9.554,9.765,9.982,10.195,10.426,
1,8,0.401,0.567,0.790,1.186,1.413,1.635,1.848,2.080,2.313,2.541,2.772,2.992,3.221,3.445,3.693,3.898,4.141,4.353,4.561,4.770,4.962,5.177,5.387,5.594,5.810,6.021,6.236,6.474,6.713,6.948,7.177,7.391,7.600,7.815,8.041,8.272,8.468,8.675,8.889,9.106,9.333,9.547,9.779,9.989,10.229,10.429,10.652,10.875,11.073,11.307,11.523,11.693,11.900,12.106,
1,9,0.060,0.275,0.488,0.700,0.902,1.149,
1,10,0.437,0.825,
1,11,0.374,0.527,
1,12,0.278,0.493,0.679,0.858,
1,13,0.343,0.550,0.717,
1,14,0.084,0.284,0.464,0.685,0.867,1.051,1.273,1.466,1.689,1.887,2.099,2.287,2.498,2.697,2.911,3.113,3.300,3.521,3.712,3.928,4.138,4.356,4.563,4.771,4.973,5.190,5.419,5.619,5.855,6.076,6.319,6.529,6.742,6.962,7.183,7.399,7.639,7.849,8.063,8.277,8.492,8.691,8.910,9.121,9.343,9.548,9.757,9.974,10.160,10.345,
1,15,0.218,0.451,0.652,0.896,1.090,1.298,1.516,1.734,1.947,2.153,2.365,2.576,2.797,2.999,3.210,3.421,3.647,3.853,4.072,4.293,4.490,4.677,4.914,5.117,5.326,5.541,5.765,5.993,6.214,6.417,6.648,6.898,7.105,7.304,7.686,7.899,
1,16,0.267,0.517,0.692,0.922,1.150,1.377,1.602,1.819,2.042,2.267,2.489,2.722,2.943,3.147,3.370,3.598,3.824,4.048,4.290,4.539,4.769,4.996,5.211,5.448,5.686,5.919,6.136,6.357,6.551,6.770,6.991,7.211,7.433,7.637,7.804,
1,17,0.419,
1,18,0.313,0.558,
1,19,,
1,20,0.039,0.278,0.475,0.679,0.900,1.286,1.491,1.696,1.905,
1,21,0.144,0.351,0.542,0.749,0.953,1.169,1.373,1.583,1.783,1.991,2.192,2.413,2.620,2.830,3.042,3.251,
1,22,0.288,0.516,0.727,0.906,1.150,
1,23,0.240,0.461,0.650,0.860,1.076,1.274,1.498,1.702,1.915,2.151,2.343,2.569,2.778,2.994,3.207,3.424,3.644,3.851,4.067,4.286,4.492,4.711,4.905,5.135,
1,24,0.218,0.441,0.656,0.859,1.070,1.276,1.503,1.709,1.927,2.122,2.347,2.559,2.784,2.991,3.202,3.423,3.617,3.850,4.067,4.292,4.518,4.718,4.944,5.181,5.417,5.635,5.828,
1,25,0.274,0.459,0.697,0.915,1.141,
1,26,0.150,0.349,0.551,0.783,0.997,
1,27,0.135,0.354,0.570,0.745,0.946,1.152,1.369,1.602,1.828,2.168,2.386,2.612,2.840,3.059,3.292,3.530,3.770,3.986,4.206,4.416,4.621,4.846,5.070,5.315,5.531,5.771,5.981,6.188,6.405,6.647,6.904,7.117,7.333,7.558,7.818,8.044,8.272,8.481,8.711,8.948,9.174,9.393,9.584,9.783,9.982,10.207,10.424,10.626,
1,28,0.243,0.478,0.689,0.898,
1,29,0.369,0.570,0.766,1.000,1.243,1.478,1.667,1.910,2.150,2.375,2.600,2.825,3.068,3.282,3.530,3.734,3.968,4.178,4.387,4.618,4.807,5.025,5.268,5.493,5.713,5.946,6.178,6.404,6.635,6.872,7.095,7.323,7.563,7.789,8.020,8.251,8.473,8.711,8.930,9.151,
1,30,0.361,0.576,0.807,1.035,1.268,1.475,1.702,1.931,2.152,2.362,2.599,2.810,3.036,3.238,3.467,3.700,3.911,4.124,4.345,4.552,4.773,5.020,5.231,5.471,5.684,5.928,6.143,6.365,6.603,6.836,7.064,7.285,7.559,7.805,8.021,
1,31,0.272,0.537,0.735,0.954,1.191,1.427,1.650,1.864,2.077,2.299,2.529,2.767,2.986,3.219,3.452,3.680,3.903,4.125,4.353,4.593,4.824,5.050,5.283,5.525,5.743,
1,32,0.404,0.616,0.859,1.060,1.350,1.594,1.840,2.106,2.370,2.604,2.908,3.168,3.602,3.875,4.141,4.350,4.569,4.781,5.025,5.275,5.494,5.775,5.982,6.228,6.458,6.694,6.924,7.160,7.408,7.643,7.875,8.143,8.393,8.627,8.894,9.098,9.292,
1,33,0.235,0.477,0.664,0.900,1.136,1.371,1.575,1.813,2.065,2.291,2.544,2.784,3.021,3.249,3.499,3.737,4.018,4.285,4.535,4.788,5.052,5.329,5.590,5.822,6.111,6.347,6.580,6.840,7.070,7.244,7.539,7.776,8.020,8.221,8.454,8.731,8.981,9.242,
1,34,0.216,0.414,0.660,0.893,1.105,1.322,1.539,1.760,1.967,2.168,2.409,2.644,2.867,3.100,3.350,3.594,3.821,4.074,4.326,4.575,4.829,5.079,5.349,5.607,5.876,
1,35,,
1,36,0.320,0.548,0.764,0.964,1.177,1.404,1.611,1.845,2.078,2.318,2.554,2.778,3.015,3.249,
1,37,0.399,0.649,0.819,1.042,1.252,1.499,1.732,1.965,2.149,2.400,2.650,2.856,3.077,3.276,3.517,3.723,3.945,4.170,4.384,4.612,4.843,5.115,5.326,5.557,5.771,6.018,6.220,6.436,6.666,6.890,7.140,7.373,7.570,
1,38,,
1,39,0.334,0.533,0.750,0.966,1.201,1.413,1.654,1.915,2.125,2.367,2.590,2.799,3.045,3.281,3.668,3.899,4.120,4.399,4.586,4.829,5.114,5.361,5.611,5.906,6.150,6.393,6.622,6.900,7.150,7.400,7.641,7.853,8.086,8.331,
1,40,0.335,0.596,0.821,1.035,1.251,1.476,1.690,1.918,2.154,2.387,2.638,2.876,3.111,3.340,3.568,3.791,4.022,4.223,4.463,4.660,4.889,5.139,5.343,5.571,5.826,
1,41,0.471,0.673,0.893,1.144,1.356,1.600,1.848,2.088,2.329,2.588,2.834,3.067,3.294,3.526,3.778,4.023,4.285,4.528,4.775,5.035,5.274,5.512,5.723,5.972,
1,42,0.274,0.497,0.713,0.937,1.177,1.410,1.641,1.838,2.073,2.316,2.549,2.782,2.998,3.227,
1,43,0.397,0.582,0.793,1.014,1.231,1.449,1.696,1.953,2.207,2.439,2.682,2.927,3.198,3.457,3.714,3.974,4.213,4.452,4.722,4.960,5.212,5.455,5.724,
1,44,0.322,0.524,0.774,1.034,1.291,1.531,1.778,2.034,2.251,2.498,2.775,3.023,3.275,3.525,3.807,4.069,4.319,4.575,4.852,5.143,5.396,5.662,5.893,6.119,6.352,6.581,6.831,7.086,
1,45,0.274,0.610,0.891,1.123,1.372,1.620,1.892,2.110,2.365,2.599,2.827,3.067,3.322,
1,46,0.364,0.579,
1,47,0.222,0.496,0.715,0.929,1.159,1.392,1.611,1.857,2.104,2.352,2.592,2.850,3.085,3.318,3.561,3.796,4.032,4.280,4.517,4.777,5.015,5.426,5.694,
1,48,0.206,0.682,0.898,1.102,1.306,1.532,1.738,
1,49,0.193,0.426,0.642,0.849,1.058,1.288,1.547,1.790,
1,50,0.200,0.452,0.661,0.889,1.118,
1,51,0.266,0.463,0.729,0.976,1.209,1.459,1.707,1.951,2.209,2.459,2.712,2.963,3.217,
1,52,0.356,0.590,0.816,1.033,1.304,1.551,1.817,2.031,2.299,2.541,2.801,3.076,3.279,3.517,3.771,4.018,4.328,4.557,4.792,5.048,5.279,5.518,5.790,6.063,6.341,
1,53,0.307,0.529,0.776,0.993,1.235,1.482,1.733,
1,54,0.339,0.585,0.820,1.046,1.299,1.549,1.804,2.061,2.294,2.554,2.801,3.071,3.274,3.529,3.767,4.044,4.279,4.515,4.764,5.048,5.331,5.587,5.788,5.989,
1,55,0.403,0.603,
1,56,0.318,0.539,0.736,0.961,1.195,1.425,1.699,1.936,
1,57,0.226,0.450,
1,58,0.086,0.303,0.523,0.742,0.962,1.189,1.403,1.648,1.903,2.146,2.400,2.660,2.901,3.151,3.384,3.620,3.863,4.123,4.353,4.600,4.837,5.116,5.475,5.725,5.964,6.209,6.458,
1,59,0.246,0.472,0.707,0.928,
1,60,0.326,0.578,0.814,1.032,1.290,1.515,1.737,1.994,2.236,2.472,2.710,2.934,3.206,3.475,3.698,3.990,4.218,4.446,4.694,4.942,5.168,5.442,5.685,5.940,6.192,6.454,6.695,6.901,
1,61,0.354,0.568,0.779,1.000,1.228,1.496,1.729,
1,62,0.275,0.538,0.772,0.988,1.214,1.425,1.662,1.900,2.146,2.341,2.586,2.811,3.057,3.273,3.523,3.737,3.980,4.220,4.439,4.667,4.905,5.172,5.366,5.555,
1,63,0.181,0.469,0.706,0.929,1.152,1.388,1.610,1.846,2.093,2.334,2.573,2.818,3.066,3.297,3.545,3.805,4.052,4.293,4.545,4.793,5.050,5.271,5.521,5.717,
1,64,0.218,0.453,0.699,0.913,
1,65,0.484,0.727,0.974,1.210,1.457,1.708,1.956,2.198,2.456,2.711,2.978,3.233,3.491,3.707,3.923,4.139,4.389,4.604,4.802,
1,66,0.297,0.527,0.771,0.994,1.239,1.465,1.694,1.928,2.168,2.388,2.638,2.876,3.115,3.355,
1,67,0.312,0.546,0.764,0.992,1.220,1.458,1.730,1.934,2.209,2.437,2.678,2.905,3.155,3.416,3.681,3.905,4.120,4.345,4.560,4.769,4.994,
1,68,0.290,0.523,0.742,0.955,1.166,1.400,1.647,1.872,2.101,
1,69,,
1,70,0.269,0.463,0.703,0.936,1.153,1.371,1.570,1.821,
1,71,0.264,0.459,0.654,0.861,1.051,1.265,1.455,1.661,1.902,
1,72,0.374,0.655,0.843,1.059,1.289,1.510,1.739,1.957,2.180,2.418,2.650,2.894,3.105,3.315,3.532,3.804,4.261,4.657,4.865,5.062,5.273,5.485,5.726,5.957,6.190,6.396,6.585,6.786,7.020,7.246,7.476,7.688,7.903,8.147,8.375,8.606,8.811,9.014,9.242,9.470,9.699,9.898,
1,73,0.450,
1,74,,
1,75,0.076,0.289,0.497,0.713,0.934,1.147,
1,76,0.273,0.466,0.672,0.900,1.105,1.326,1.612,1.838,2.059,2.274,2.484,2.690,2.901,3.120,3.329,3.542,3.768,3.970,4.203,4.418,4.652,4.885,5.102,5.322,5.566,5.813,
1,77,0.316,0.522,0.737,0.938,1.164,1.389,1.603,1.822,2.043,2.273,2.481,2.705,2.937,3.177,3.437,3.682,3.891,4.119,4.337,4.607,4.853,5.073,5.275,5.487,5.694,5.911,6.123,6.361,6.584,6.805,7.025,7.203,7.392,7.599,7.825,8.041,8.226,
1,78,0.311,0.518,0.730,0.925,1.148,1.368,1.591,1.805,2.019,2.266,2.499,2.724,3.002,3.223,3.439,3.650,3.876,4.106,4.325,4.550,
1,79,0.266,0.472,0.703,0.917,1.150,1.376,1.606,1.833,2.064,2.271,2.500,2.707,2.918,3.134,3.349,
1,80,0.444,0.664,0.859,1.080,1.306,1.541,1.769,1.993,2.249,2.476,2.715,2.976,3.217,
1,81,0.228,0.520,0.738,0.944,1.169,1.387,1.613,1.822,2.064,2.280,2.521,2.742,2.985,3.212,3.427,3.659,3.895,4.138,4.388,4.638,4.856,5.089,5.333,5.556,5.772,5.984,6.188,
1,82,,
1,83,0.211,0.454,0.662,0.865,1.078,1.298,1.515,1.727,1.952,2.185,2.398,2.613,2.826,3.040,3.282,3.515,3.780,4.019,4.252,4.516,4.735,4.954,5.203,5.431,5.699,5.937,
1,84,0.348,0.620,0.850,1.079,1.321,1.567,1.805,
1,85,0.226,0.460,0.663,
1,86,0.334,0.563,0.774,0.975,1.180,1.400,1.624,1.843,2.061,2.284,2.525,2.775,2.986,3.234,3.487,3.725,3.958,4.193,4.417,4.654,4.892,5.106,5.332,
1,87,0.453,0.666,0.896,1.121,1.361,1.587,1.825,2.065,2.301,2.554,2.801,3.039,3.282,3.536,3.777,4.018,4.260,4.518,4.790,5.037,5.263,5.470,5.686,5.958,6.204,6.429,6.674,
1,88,0.235,0.685,0.900,1.123,1.363,1.576,1.800,2.031,2.271,2.521,2.771,2.999,3.237,
1,89,0.424,0.623,0.860,1.116,
1,90,0.208,0.474,0.703,0.943,1.176,1.406,1.650,1.857,2.090,2.316,2.546,2.767,2.976,3.204,
1,91,0.331,0.571,0.787,1.033,1.281,1.517,1.764,1.999,2.235,2.443,2.679,2.927,3.154,3.414,3.648,3.855,4.076,4.299,4.515,4.736,4.950,5.163,5.399,
1,92,0.211,0.471,0.709,0.930,1.153,1.401,1.617,1.868,2.108,2.348,2.611,2.863,3.113,3.366,3.611,3.866,4.111,4.373,4.624,4.869,5.100,5.340,5.614,5.893,6.143,6.362,6.600,6.809,
1,93,0.294,0.540,
1,94,0.437,0.637,0.868,1.106,1.332,1.553,1.803,2.028,2.271,2.522,2.791,3.037,3.272,3.522,3.744,3.983,
1,95,,
1,96,0.470,0.699,0.901,1.102,1.311,1.525,1.731,1.948,2.171,2.377,2.601,2.827,3.043,3.276,
1,97,,
1,98,0.158,0.395,0.602,0.821,1.042,1.234,1.455,1.666,1.876,2.102,2.338,2.554,2.962,3.210,3.436,3.662,3.897,4.147,4.349,4.647,4.857,5.054,5.240,
1,99,0.298,0.543,0.771,0.973,1.211,1.425,1.623,1.846,2.078,2.297,2.522,2.706,2.916,3.139,3.365,3.613,3.856,4.115,4.373,4.582,4.795,5.023,5.273,5.523,5.745,5.983,6.238,6.478,6.728,6.969,7.214,7.440,7.675,7.891,
1,100,0.277,0.492,0.695,0.900,1.065,1.243,1.587,1.767,
1,101,0.416,0.598,0.817,1.042,1.268,1.528,1.751,1.999,2.225,2.426,2.917,3.125,3.342,3.573,3.801,4.019,4.228,4.435,4.646,4.872,5.073,5.287,5.482,5.707,5.898,
1,102,0.315,0.556,0.745,0.986,1.191,1.415,1.650,1.924,2.199,2.396,2.666,2.889,3.121,3.324,3.593,3.812,4.035,4.273,4.500,4.696,4.915,5.140,5.362,5.611,5.837,6.073,6.286,6.524,6.704,6.925,7.141,7.323,
1,103,0.277,0.460,0.695,0.911,1.151,1.401,1.593,1.841,
1,104,0.392,0.596,0.813,1.026,1.271,1.516,1.759,1.974,2.194,2.440,2.646,3.093,3.394,3.644,3.871,4.267,4.542,4.761,4.974,5.213,5.443,5.698,5.929,6.164,6.368,6.645,6.905,7.145,7.309,
1,105,0.205,0.401,0.634,0.843,1.067,1.306,1.547,1.768,2.025,2.269,2.493,2.747,3.046,3.300,3.575,3.812,4.093,4.316,4.551,4.784,5.037,5.270,5.520,5.721,
1,106,,
1,107,0.078,0.316,0.580,0.819,1.052,1.265,1.496,1.715,1.991,2.319,2.533,2.766,2.947,3.169,3.400,3.624,3.820,4.051,4.267,4.517,4.767,5.017,5.267,5.457,5.714,5.994,6.210,6.433,6.674,6.914,7.122,7.373,7.659,7.896,8.117,8.405,8.650,
1,108,,
1,109,0.346,0.575,0.766,0.973,1.211,1.432,1.653,
1,110,0.355,0.612,0.845,1.055,1.263,1.482,1.697,1.897,2.094,2.324,2.551,2.751,2.995,3.194,3.447,3.671,3.905,4.155,4.398,4.648,4.898,
1,111,,
1,112,0.206,0.427,
1,113,0.311,0.532,0.785,1.020,1.225,1.435,
1,114,0.267,0.490,0.695,0.944,1.146,1.400,1.591,1.838,2.035,2.274,2.518,2.712,2.921,
1,115,0.189,0.426,0.647,0.839,1.095,
1,116,0.400,0.605,
1,117,0.315,0.517,0.800,0.991,1.162,1.347,1.541,1.740,1.927,2.127,2.309,2.518,2.701,2.902,3.103,3.344,3.515,
1,118,,
1,119,0.114,0.367,0.557,
1,120,0.350,0.528,0.731,0.925,1.148,1.402,1.598,1.814,2.050,2.242,2.451,2.667,2.871,3.077,3.276,3.498,3.728,3.927,4.143,4.335,4.541,4.750,4.969,5.182,
1,121,0.262,0.471,0.670,0.893,1.088,1.296,1.531,1.718,1.938,2.147,2.365,2.579,2.784,3.021,
1,122,0.050,0.249,0.665,0.866,
1,123,0.347,0.587,0.806,1.078,1.307,1.524,1.774,1.986,2.231,2.430,2.651,2.860,3.108,3.348,3.525,
1,124,0.471,0.666,0.868,1.076,1.308,1.548,1.744,1.980,2.238,2.475,2.685,2.932,
1,125,0.310,0.520,0.733,0.951,1.178,1.407,1.650,1.831,2.068,2.321,2.518,2.777,3.018,3.220,3.426,
1,126,,
1,127,0.313,0.524,0.744,0.947,1.166,1.418,1.626,1.858,2.086,2.304,2.528,2.732,2.928,
1,128,0.421,0.647,0.868,1.080,1.274,1.498,1.728,1.956,2.184,2.440,2.648,2.870,3.081,3.323,3.515,3.700,
1,129,0.297,0.515,0.728,0.948,
1,130,0.190,0.416,0.613,0.831,1.040,1.324,1.567,1.783,2.043,2.288,2.518,2.751,2.978,3.187,3.385,3.570,3.781,4.019,4.230,
1,131,0.291,0.541,0.735,0.958,1.150,1.400,1.585,1.791,2.017,2.202,2.450,2.624,
1,132,0.276,0.526,0.714,0.905,1.143,1.330,1.551,1.760,2.010,2.236,2.435,2.665,2.894,3.083,3.326,
1,133,0.368,0.607,0.800,1.017,1.411,1.774,2.018,2.225,2.426,2.642,2.844,3.050,3.275,
1,134,0.401,0.620,0.813,1.022,1.227,1.453,1.684,1.907,
1,135,0.304,0.535,0.733,0.944,1.188,1.401,1.644,1.856,2.080,2.291,2.534,2.736,2.947,3.188,3.395,3.607,3.813,4.032,4.233,
1,136,0.387,0.552,0.785,0.995,1.218,1.410,1.650,1.860,
1,137,0.427,0.609,
1,138,0.276,0.478,0.656,0.839,
1,139,0.322,0.536,0.776,0.996,
1,140,,
1,141,0.221,0.439,0.643,0.903,1.122,1.340,1.532,1.749,
1,142,,
1,143,0.317,0.525,0.668,0.871,1.060,1.275,1.448,1.674,1.892,2.092,2.291,2.526,2.748,2.982,3.155,
1,144,0.402,0.597,0.771,
1,145,0.252,0.432,0.627,0.803,0.997,1.216,1.433,1.692,1.864,2.071,2.267,2.472,2.688,2.884,
1,146,0.487,0.863,1.038,1.233,1.399,1.597,1.795,1.995,2.203,2.449,2.660,2.883,3.085,3.279,3.498,3.702,3.928,4.134,
1,147,0.160,0.352,0.531,0.701,0.920,
1,148,0.206,0.421,0.611,0.824,1.014,1.221,1.464,1.658,1.877,2.105,2.310,2.527,2.719,2.942,3.148,3.369,
1,149,0.062,0.333,0.530,0.761,0.965,1.176,1.421,1.698,1.936,2.167,
1,150,0.338,0.540,
1,151,0.098,0.358,0.557,0.771,0.969,1.215,1.455,1.638,1.876,
1,152,0.054,0.310,0.518,0.701,0.924,1.101,1.302,1.512,1.697,
1,153,0.213,0.426,0.619,0.856,1.062,1.294,1.492,1.723,
1,154,0.179,0.363,0.587,0.790,1.030,1.247,
3,1,0.120,0.317,0.497,0.861,1.067,1.240,1.424,1.616,1.815,1.989,2.204,2.431,2.635,2.837,3.041,3.243,
3,2,,
3,3,0.202,0.391,0.588,0.799,0.981,1.180,1.370,1.564,1.775,1.957,2.290,2.484,2.664,2.873,3.075,3.275,3.451,3.646,3.863,4.076,4.291,4.514,4.730,4.959,5.175,5.376,5.565,5.767,5.942,
3,4,0.271,0.458,0.662,0.873,1.191,1.404,1.582,1.788,1.976,2.174,2.371,2.569,2.773,2.966,3.163,3.357,3.564,3.751,3.932,4.160,4.396,4.605,4.792,5.032,5.234,5.448,5.637,5.820,6.055,6.271,6.472,6.668,6.874,7.095,7.395,
3,5,0.238,0.459,0.643,0.838,1.042,1.222,1.435,1.644,1.843,2.064,2.275,2.482,2.698,2.936,3.144,3.344,3.557,3.761,3.990,4.169,4.395,4.603,4.805,5.012,5.209,5.427,5.623,5.835,6.016,6.230,6.416,6.616,6.845,7.027,7.238,7.457,7.661,
3,6,0.158,0.366,0.568,0.768,0.960,1.176,1.366,1.579,1.769,1.956,2.175,2.394,2.600,2.816,3.019,3.219,3.435,3.640,3.848,4.066,4.251,4.469,4.689,4.921,5.137,5.334,5.535,5.724,5.914,
3,7,0.296,0.502,0.698,0.905,1.106,1.306,1.498,1.715,1.950,
3,8,0.365,0.576,0.773,1.193,1.425,1.616,1.798,2.007,2.220,2.455,2.674,2.905,3.112,3.326,3.539,3.781,3.974,4.216,4.421,4.651,4.872,5.095,5.319,5.535,5.775,
3,9,0.399,0.594,0.781,0.978,1.169,1.400,1.594,1.798,2.017,2.247,2.427,2.650,2.847,3.044,3.231,3.428,3.613,3.821,4.046,4.268,4.467,4.671,4.861,5.064,5.268,5.478,5.685,5.885,
3,10,0.393,0.597,0.776,0.975,1.189,1.400,1.588,1.800,2.024,2.267,2.489,2.734,2.907,3.114,3.348,
3,11,0.053,0.269,0.468,0.658,0.876,1.088,1.269,1.469,1.668,1.848,2.039,2.270,2.452,2.637,2.846,3.073,3.270,3.472,3.671,3.873,4.079,4.290,4.531,4.726,4.940,5.155,5.347,5.585,5.809,6.025,6.220,6.454,6.668,6.906,7.086,7.331,7.577,7.773,7.974,
3,12,0.289,0.515,0.707,0.915,1.123,1.307,1.515,1.714,1.937,2.164,2.331,2.548,2.766,2.962,3.179,3.399,3.614,3.840,4.023,4.240,4.446,
3,13,,
3,14,0.294,0.522,0.708,0.915,1.142,1.347,1.554,1.772,1.974,2.181,2.389,2.590,2.809,3.023,3.247,3.456,3.652,3.871,4.055,4.273,4.493,4.707,4.922,5.140,5.359,5.583,5.803,
3,15,,
3,16,0.340,0.554,0.719,0.913,1.115,1.305,1.491,1.707,1.901,2.078,2.319,2.518,2.744,2.958,3.188,3.404,
3,17,0.319,0.524,
3,18,0.076,0.293,0.495,
3,19,0.141,0.345,0.549,0.744,0.947,1.186,1.392,1.613,1.810,2.025,2.235,2.465,2.677,2.871,3.098,3.315,3.556,3.769,3.968,4.163,
3,20,0.247,0.458,0.654,0.873,1.061,1.281,1.514,1.725,1.937,2.151,2.367,2.578,2.794,2.994,3.205,3.405,3.613,3.826,4.045,4.265,4.454,4.676,4.899,5.099,
3,21,0.398,
3,22,0.292,0.466,0.659,0.899,1.122,1.315,1.519,1.708,1.919,2.197,2.585,2.825,3.036,3.267,3.495,3.697,3.918,4.136,4.350,
3,23,0.393,0.566,
3,24,0.250,0.453,0.651,0.824,1.053,1.268,1.493,1.713,1.914,2.134,2.343,2.562,2.778,2.974,3.206,3.439,3.650,3.885,4.097,4.296,4.519,
3,25,0.354,0.533,0.732,0.934,1.153,1.347,1.568,1.767,2.000,2.204,2.464,2.719,2.955,3.188,3.424,3.613,3.821,4.037,4.227,
3,26,,
3,27,0.111,0.321,0.527,0.774,0.971,1.199,1.403,1.605,1.819,
3,28,,
3,29,0.125,0.351,0.543,0.766,0.957,
3,30,0.296,0.489,0.699,0.897,1.092,1.291,1.498,1.731,1.930,2.125,2.345,2.562,2.742,
3,31,0.199,0.412,0.601,0.806,1.017,
3,32,0.282,0.479,0.668,0.873,1.091,1.280,1.499,1.712,1.917,2.162,2.357,2.578,2.798,3.017,3.226,
3,33,0.358,0.555,0.749,0.963,
3,34,0.215,0.392,0.620,0.834,1.028,1.246,1.454,1.665,
3,35,0.293,0.480,0.696,0.895,1.096,1.300,1.502,1.682,1.902,2.110,2.312,2.526,2.736,2.952,3.158,
3,36,0.363,0.560,0.771,1.158,1.373,1.570,1.781,2.021,2.226,2.471,2.670,2.900,3.125,3.328,
3,37,0.400,0.583,0.785,0.999,1.234,1.467,1.671,1.875,2.093,2.287,2.492,2.710,2.919,3.145,3.348,3.560,3.798,4.012,4.233,4.466,4.660,4.910,5.146,5.410,5.646,5.864,6.065,6.270,
3,38,0.411,0.567,0.777,0.992,
3,39,0.315,0.518,0.674,0.907,1.099,1.315,1.519,1.745,1.979,2.240,2.405,2.674,2.855,3.081,3.301,3.492,3.736,3.954,4.151,4.365,4.569,
3,40,0.385,0.567,0.772,1.018,1.269,1.449,1.736,
3,41,0.301,0.500,0.711,0.952,1.197,1.452,1.688,1.968,2.250,2.525,2.792,3.001,3.217,3.473,3.703,3.941,4.193,4.466,4.750,4.958,
3,42,0.297,0.496,0.705,0.933,1.154,1.453,1.699,1.963,2.211,2.528,2.785,3.072,3.310,
3,43,0.354,0.566,0.813,1.053,1.267,1.496,1.744,1.982,2.234,
3,44,0.299,0.518,0.734,0.963,
3,45,0.291,0.499,0.696,0.905,1.111,1.321,1.522,1.726,1.923,2.122,2.321,2.532,2.747,2.940,3.154,3.350,3.559,3.725,
3,46,0.435,0.646,0.825,1.062,1.263,1.489,1.688,1.897,2.094,2.312,2.530,2.737,2.963,3.174,3.397,
3,47,0.444,0.665,0.862,1.071,1.299,1.490,1.705,1.901,2.096,2.290,2.518,2.725,2.948,3.123,3.349,3.572,3.778,3.992,4.186,4.407,4.622,4.852,5.063,5.291,5.519,5.730,5.956,6.162,6.390,6.636,6.836,7.057,7.270,7.469,
3,48,0.274,0.471,
3,49,0.216,0.395,0.557,0.750,0.962,1.155,1.360,1.565,1.774,2.001,2.214,2.435,2.661,2.865,3.083,3.295,3.513,3.718,3.919,4.110,
3,50,0.430,0.637,0.841,1.035,1.251,1.450,1.657,1.829,2.028,2.230,
3,51,0.299,0.475,0.683,0.877,1.077,1.273,1.471,1.661,1.870,2.067,2.273,2.459,2.674,2.890,3.102,3.308,3.524,3.726,3.891,
3,52,0.245,0.465,0.649,0.839,1.053,1.246,1.478,1.675,1.900,2.083,2.322,2.531,2.767,3.000,3.229,3.430,3.651,3.853,
3,53,0.041,0.262,0.457,0.665,0.896,
3,54,0.087,0.303,0.498,0.705,0.921,
3,55,0.126,0.344,0.546,
