1,1,1.002,0,4.000,4.029,4.517,5.520,5,5
1,2,7.522,0,16.000,NaN,7.980,15.502,0,5
1,3,17.503,0,14.000,NaN,8.091,25.595,0,5
1,4,27.599,0,12.000,12.015,12.376,39.975,5,10
1,5,41.978,0,12.000,12.010,12.395,54.373,5,15
1,6,56.375,0,14.000,NaN,11.568,67.943,0,15
1,7,69.946,0,8.000,NaN,4.356,74.302,0,15
1,8,76.305,0,4.000,4.012,4.410,80.714,5,20
1,9,82.717,0,8.000,NaN,4.315,87.032,0,20
1,10,89.032,0,10.000,NaN,7.336,96.368,0,20
1,11,98.371,0,10.000,10.009,10.357,108.728,5,25
1,12,110.729,0,16.000,NaN,10.371,121.100,0,25
1,13,123.101,0,2.000,2.020,2.392,125.493,5,30
1,14,127.495,0,14.000,NaN,6.579,134.074,0,30
1,15,136.075,0,2.000,2.019,2.488,138.564,5,35
1,16,140.567,0,12.000,NaN,3.672,144.239,0,35
1,17,146.242,0,8.000,NaN,5.400,151.642,0,35
1,18,153.644,0,2.000,2.026,2.532,156.176,5,40
1,19,158.176,0,6.000,NaN,3.028,161.205,0,40
1,20,163.206,0,16.000,NaN,3.527,166.733,0,40
1,21,168.737,0,16.000,NaN,7.609,176.346,0,40
1,22,178.350,0,10.000,NaN,5.151,183.500,0,40
1,23,185.501,0,12.000,12.021,12.451,197.953,5,45
1,24,199.956,0,10.000,NaN,6.651,206.607,0,45
1,25,208.611,0,2.000,2.017,2.477,211.088,5,50
1,26,213.089,0,2.000,2.008,2.438,215.527,5,55
1,27,217.530,0,10.000,NaN,7.344,224.874,0,55
1,28,226.876,0,8.000,NaN,5.967,232.843,0,55
1,29,234.845,0,14.000,NaN,7.368,242.213,0,55
1,30,244.216,0,4.000,4.014,4.399,248.615,5,60
1,31,250.617,0,4.000,4.016,4.413,255.030,5,65
1,32,257.031,0,10.000,NaN,5.558,262.589,0,65
1,33,264.592,0,4.000,4.014,4.442,269.034,5,70
1,34,271.036,0,2.000,2.022,2.539,273.575,5,75
1,35,275.578,0,16.000,NaN,5.986,281.564,0,75
1,36,283.566,0,8.000,NaN,7.998,291.565,0,75
1,37,293.567,0,12.000,NaN,6.740,300.308,0,75
1,38,302.310,0,6.000,6.015,6.418,308.728,5,80
1,39,310.729,0,4.000,4.015,4.418,315.148,5,85
1,40,317.151,0,12.000,NaN,7.400,324.551,0,85
1,41,326.552,0,4.000,4.017,4.526,331.078,5,90
1,42,333.079,0,14.000,NaN,8.910,341.989,0,90
1,43,343.990,0,6.000,NaN,5.898,349.889,0,90
1,44,351.893,0,6.000,6.022,6.374,358.266,5,95
1,45,360.268,0,14.000,NaN,10.021,370.289,0,95
1,46,372.292,0,16.000,NaN,6.267,378.560,0,95
1,47,380.561,0,12.000,NaN,5.519,386.080,0,95
1,48,388.082,0,2.000,2.016,2.480,390.562,5,100
1,49,392.563,0,4.000,4.020,4.421,396.984,5,105
1,50,398.987,0,6.000,NaN,5.045,404.032,0,105
1,51,406.033,0,2.000,2.023,2.421,408.454,5,110
1,52,410.455,0,8.000,NaN,5.547,416.002,0,110
1,53,418.012,0,8.000,NaN,4.522,422.534,0,110
1,54,424.535,0,16.000,NaN,6.517,431.051,0,110
1,55,433.056,0,6.000,6.015,6.410,439.465,5,115
1,56,441.468,0,10.000,NaN,8.767,450.235,0,115
1,57,452.237,0,6.000,NaN,5.059,457.296,0,115
1,58,459.298,0,12.000,NaN,5.219,464.517,0,115
1,59,466.517,0,16.000,NaN,14.064,480.581,0,115
1,60,482.583,0,4.000,4.010,4.405,486.988,5,120
1,61,488.990,0,16.000,NaN,4.370,493.360,0,120
1,62,495.363,0,8.000,8.021,8.115,503.478,5,125
1,63,505.480,0,6.000,6.025,6.440,511.920,5,130
1,64,513.923,0,8.000,NaN,7.414,521.337,0,130
1,65,523.340,0,2.000,2.021,2.497,525.838,5,135
1,66,527.841,0,6.000,6.024,6.365,534.206,5,140
1,67,536.207,0,2.000,2.010,2.452,538.659,5,145
1,68,540.661,0,14.000,NaN,6.395,547.056,0,145
1,69,549.058,0,14.000,NaN,7.710,556.769,0,145
1,70,558.771,0,10.000,NaN,6.609,565.380,0,145
1,71,567.381,0,14.000,NaN,6.096,573.477,0,145
1,72,575.479,1,12.000,NaN,6.178,581.657,0,145
1,73,583.659,1,8.000,NaN,7.424,591.083,0,145
1,74,593.088,0,8.000,NaN,5.463,598.550,0,145
1,75,600.553,0,6.000,6.014,6.372,606.925,5,150
1,76,608.926,0,16.000,NaN,7.146,616.072,0,150
1,77,618.073,0,2.000,2.017,2.558,620.631,5,155
1,78,622.633,0,4.000,4.009,4.359,626.992,5,160
1,79,628.994,0,12.000,NaN,6.335,635.330,0,160
1,80,637.331,0,6.000,6.019,6.388,643.719,5,165
1,81,645.722,0,4.000,4.015,4.479,650.201,5,170
1,82,652.202,0,14.000,NaN,4.273,656.475,0,170
1,83,658.477,0,6.000,6.016,6.441,664.918,5,175
1,84,666.922,1,6.000,6.009,6.545,673.467,5,180
1,85,675.468,0,10.000,NaN,5.867,681.336,0,180
1,86,683.339,0,12.000,NaN,7.536,690.875,0,180
1,87,692.876,0,16.000,NaN,6.922,699.798,0,180
1,88,701.802,0,10.000,NaN,8.433,710.235,0,180
1,89,712.239,0,4.000,4.013,4.413,716.652,5,185
1,90,718.655,0,2.000,2.015,2.503,721.158,5,190
1,91,723.162,0,2.000,2.011,2.606,725.768,5,195
1,92,727.771,0,16.000,NaN,5.589,733.359,0,195
1,93,735.360,0,4.000,4.019,4.439,739.799,5,200
1,94,741.800,0,4.000,4.016,4.455,746.255,5,205
1,95,748.257,0,8.000,NaN,3.839,752.096,0,205
1,96,754.101,0,12.000,NaN,6.350,760.451,0,205
1,97,762.454,0,10.000,NaN,8.944,771.398,0,205
1,98,773.401,0,14.000,NaN,8.400,781.801,0,205
1,99,783.804,0,16.000,NaN,8.314,792.117,0,205
1,100,794.120,0,14.000,NaN,8.030,802.151,0,205
1,101,804.155,0,14.000,NaN,7.565,811.719,0,205
1,102,813.721,0,2.000,2.011,2.396,816.117,5,210
1,103,818.120,0,12.000,NaN,4.088,822.208,0,210
1,104,824.212,0,2.000,2.025,2.400,826.612,5,215
1,105,828.615,0,8.000,NaN,4.081,832.696,0,215
1,106,834.698,0,4.000,4.011,4.424,839.122,5,220
1,107,841.123,0,10.000,NaN,4.045,845.168,0,220
1,108,847.169,0,6.000,NaN,4.582,851.751,0,220
1,109,853.754,0,14.000,NaN,4.587,858.340,0,220
1,110,860.340,0,8.000,NaN,5.901,866.241,0,220
1,111,868.242,0,16.000,NaN,5.100,873.342,0,220
1,112,875.344,0,12.000,NaN,7.428,882.772,0,220
1,113,884.775,0,4.000,4.009,4.473,889.248,5,225
1,114,891.249,0,6.000,NaN,4.523,895.772,0,225
2,1,1.001,21,16.000,NaN,5.851,6.852,0,225
2,2,8.854,19,14.000,NaN,5.723,14.577,0,225
2,3,16.578,32,8.000,8.012,8.664,25.242,5,230
2,4,26.943,20,16.000,NaN,5.747,32.690,0,230
2,5,34.691,23,8.000,NaN,6.742,41.433,0,230
2,6,43.434,23,6.000,6.018,6.493,49.927,5,235
2,7,51.629,32,8.000,8.011,8.340,59.969,5,240
2,8,61.671,33,8.000,8.024,8.409,70.080,5,245
2,9,71.780,17,10.000,NaN,5.486,77.267,0,245
2,10,79.268,9,2.000,2.016,2.782,82.050,5,250
2,11,83.751,24,6.000,6.019,6.676,90.427,5,255
2,12,92.129,11,2.000,2.011,3.001,95.130,5,260
2,13,96.832,28,14.000,NaN,8.147,104.979,0,260
2,14,106.980,0,10.000,NaN,0.501,107.481,0,260
2,15,109.483,21,14.000,NaN,6.089,115.572,0,260
2,16,117.574,18,4.000,4.011,4.748,122.322,5,265
2,17,124.023,20,12.000,NaN,6.283,130.306,0,265
2,18,132.307,29,8.000,NaN,7.522,139.829,0,265
2,19,141.830,29,14.000,NaN,8.050,149.880,0,265
2,20,151.882,8,2.000,2.019,2.728,154.609,5,270
2,21,156.311,26,16.000,NaN,7.252,163.563,0,270
2,22,165.564,15,4.000,4.011,4.774,170.338,5,275
2,23,172.040,27,8.000,NaN,7.292,179.332,0,275
2,24,181.333,17,4.000,4.016,4.634,185.967,5,280
2,25,187.669,9,2.000,2.015,2.723,190.392,5,285
2,26,192.093,30,10.000,NaN,8.994,201.087,0,285
2,27,203.087,31,8.000,8.024,8.602,211.689,5,290
2,28,213.390,33,12.000,NaN,9.395,222.785,0,290
2,29,224.786,27,16.000,NaN,7.464,232.251,0,290
2,30,234.251,25,6.000,6.024,6.764,241.015,5,295
2,31,242.717,26,14.000,NaN,7.312,250.029,0,295
2,32,252.030,27,14.000,NaN,7.252,259.282,0,295
2,33,261.283,29,12.000,NaN,7.819,269.102,0,295
2,34,271.104,24,6.000,6.022,6.615,277.719,5,300
2,35,279.419,24,16.000,NaN,6.543,285.963,0,300
2,36,287.964,18,2.000,2.018,4.572,292.536,5,305
2,37,294.238,32,12.000,NaN,7.319,301.557,0,305
2,38,303.559,23,14.000,NaN,6.843,310.403,0,305
2,39,312.404,29,6.000,6.025,6.749,319.153,5,310
2,40,320.865,19,4.000,4.017,4.690,325.555,5,315
2,41,327.257,43,14.000,NaN,11.043,338.300,0,315
2,42,340.301,24,16.000,NaN,6.231,346.532,0,315
2,43,348.534,33,16.000,NaN,7.764,356.298,0,315
2,44,358.300,29,10.000,NaN,7.019,365.319,0,315
2,45,367.320,30,16.000,NaN,7.410,374.730,0,315
2,46,376.731,29,12.000,NaN,6.839,383.570,0,315
2,47,385.572,35,12.000,NaN,8.448,394.020,0,315
2,48,396.021,19,4.000,4.013,4.748,400.769,5,320
2,49,402.470,39,10.000,10.020,10.160,412.630,5,325
2,50,414.332,46,10.000,10.014,10.830,425.162,5,330
2,51,426.865,25,6.000,6.018,6.569,433.434,5,335
2,52,435.136,44,10.000,10.020,10.674,445.810,5,340
2,53,447.511,18,4.000,4.014,4.565,452.076,5,345
2,54,453.778,25,6.000,6.018,6.650,460.428,5,350
2,55,462.130,26,6.000,6.020,6.709,468.839,5,355
2,56,470.540,50,12.000,12.017,12.369,482.909,5,360
2,57,484.610,10,2.000,2.015,2.945,487.555,5,365
2,58,489.257,9,2.000,2.020,2.741,491.998,5,370
2,59,493.699,16,4.000,4.014,4.649,498.349,5,375
2,60,500.049,18,4.000,4.017,4.595,504.645,5,380
2,61,506.346,53,16.000,NaN,14.147,520.493,0,380
2,62,522.494,25,6.000,6.018,6.656,529.150,5,385
2,63,530.852,49,16.000,NaN,12.056,542.907,0,385
2,64,544.908,18,4.000,4.013,4.652,549.560,5,390
2,65,551.261,50,12.000,12.017,12.573,563.834,5,395
2,66,565.535,42,10.000,10.015,10.656,576.191,5,400
2,67,577.893,48,12.000,12.015,12.620,590.513,5,405
2,68,592.215,38,10.000,10.015,10.698,602.913,5,410
2,69,604.614,23,6.000,6.021,6.794,611.408,5,415
2,70,613.109,9,2.000,2.011,2.763,615.871,5,420
2,71,617.573,33,8.000,8.019,8.565,626.137,5,425
2,72,627.839,9,2.000,2.021,2.738,630.577,5,430
2,73,632.278,17,4.000,4.018,4.790,637.068,5,435
2,74,638.769,50,14.000,NaN,13.136,651.905,0,435
2,75,653.906,16,4.000,4.017,4.585,658.491,5,440
2,76,660.194,55,16.000,NaN,14.413,674.606,0,440
2,77,676.607,49,12.000,12.014,12.748,689.355,5,445
2,78,691.056,9,2.000,2.018,2.861,693.916,5,450
2,79,695.617,42,10.000,10.012,10.604,706.221,5,455
2,80,707.922,17,4.000,4.010,4.812,712.735,5,460
2,81,714.436,22,6.000,6.017,6.522,720.958,5,465
2,82,722.659,40,10.000,10.016,10.713,733.373,5,470
2,83,735.075,24,8.000,NaN,6.861,741.936,0,470
2,84,743.936,9,2.000,2.012,2.779,746.715,5,475
2,85,748.417,34,8.000,8.020,8.684,757.101,5,480
2,86,758.802,50,14.000,NaN,12.333,771.135,0,480
2,87,773.137,51,12.000,12.013,12.618,785.755,5,485
2,88,787.456,33,8.000,8.015,8.654,796.110,5,490
2,89,797.811,16,4.000,4.013,4.787,802.599,5,495
2,90,804.300,43,10.000,10.014,10.649,814.949,5,500
2,91,816.650,55,16.000,NaN,13.773,830.423,0,500
2,92,832.424,34,8.000,8.019,8.730,841.154,5,505
2,93,842.863,52,16.000,NaN,12.701,855.563,0,505
2,94,857.564,51,16.000,NaN,13.427,870.991,0,505
2,95,872.992,59,14.000,14.024,14.025,887.017,5,510
3,1,1.000,1,14.000,NaN,0.018,1.018,0,510
3,2,3.019,0,14.000,NaN,11.792,14.811,0,510
3,3,16.813,0,6.000,6.014,6.479,23.292,5,515
3,4,25.295,0,14.000,NaN,13.807,39.102,0,515
3,5,41.103,0,2.000,2.017,2.444,43.547,5,520
3,6,45.549,0,12.000,12.012,12.396,57.945,5,525
3,7,59.948,0,12.000,12.020,12.356,72.303,5,530
3,8,74.304,0,4.000,4.016,4.580,78.884,5,535
3,9,80.888,0,6.000,6.020,6.490,87.378,5,540
3,10,89.380,0,4.000,4.014,4.347,93.728,5,545
3,11,95.729,0,12.000,12.022,12.325,108.054,5,550
3,12,110.055,0,16.000,NaN,14.421,124.476,0,550
3,13,126.476,0,10.000,10.022,10.523,137.000,5,555
3,14,139.002,0,6.000,6.017,6.498,145.500,5,560
3,15,147.504,0,2.000,2.017,2.660,150.164,5,565
3,16,152.168,0,2.000,2.022,2.390,154.558,5,570
3,17,156.559,0,14.000,NaN,12.077,168.636,0,570
3,18,170.638,0,10.000,10.014,10.438,181.076,5,575
3,19,183.079,0,4.000,4.010,4.492,187.570,5,580
3,20,189.571,0,10.000,10.023,10.545,200.116,5,585
3,21,202.118,0,14.000,14.017,14.349,216.467,5,590
3,22,218.468,0,16.000,NaN,15.770,234.239,0,590
3,23,236.243,0,2.000,2.020,2.426,238.669,5,595
3,24,240.671,0,8.000,8.014,8.436,249.106,5,600
3,25,251.107,0,14.000,NaN,13.523,264.630,0,600
3,26,266.633,0,4.000,4.012,4.422,271.055,5,605
3,27,273.056,0,14.000,14.013,14.515,287.571,5,610
