0,1,,
0,1,0.038,
0,1,0.149,0.401,0.812,1.127,1.412,1.649,1.933,2.269,2.556,2.855,3.136,3.440,3.774,4.077,4.400,4.770,5.020,5.297,5.599,5.896,6.201,6.557,6.922,7.278,7.580,7.940,8.272,8.617,8.972,9.282,9.622,9.959,
0,1,0.302,0.599,0.985,1.317,1.696,2.019,2.446,2.886,3.242,3.616,3.979,4.321,4.651,4.928,
2,1,0.264,0.514,0.768,1.058,1.437,1.823,2.148,2.445,2.744,3.022,3.327,3.592,3.869,4.149,4.406,4.689,4.972,5.273,5.597,
2,2,0.440,0.683,0.979,1.270,1.581,1.868,2.168,2.494,2.827,3.146,3.462,3.752,
2,3,,
2,4,0.234,0.475,0.749,1.031,1.320,1.649,1.939,2.340,
2,5,,
2,6,0.297,0.548,0.849,1.142,1.412,1.726,2.061,2.371,2.682,2.976,3.335,3.622,3.933,4.292,4.644,4.933,5.302,5.613,5.926,6.264,6.599,6.926,7.228,7.528,7.832,8.100,
2,7,0.293,0.600,0.900,1.214,1.501,1.802,2.112,2.428,2.761,3.052,3.395,3.741,4.145,4.432,4.786,5.119,5.486,5.784,6.109,6.396,
2,8,0.266,0.566,0.900,1.184,1.517,1.798,
2,9,0.470,0.725,1.018,1.268,1.591,1.930,
2,10,0.373,0.722,1.020,
2,11,0.299,0.587,0.855,1.150,1.454,1.767,2.100,2.384,2.710,3.028,3.357,3.672,3.968,4.308,4.588,4.925,5.209,5.541,5.853,6.158,6.469,6.773,7.057,7.354,
2,12,0.312,0.611,0.900,1.184,1.498,1.786,2.105,2.425,2.724,3.083,3.416,3.722,4.042,4.371,4.723,5.018,5.329,5.677,5.987,6.320,6.635,6.947,7.273,7.611,7.944,8.246,8.578,8.930,9.270,9.574,9.905,10.206,10.502,10.805,11.119,11.477,11.789,12.071,
2,13,0.319,0.579,0.839,1.104,1.395,1.718,2.051,2.385,2.736,3.103,3.427,3.769,4.086,4.425,4.737,5.079,5.403,5.752,6.084,6.405,6.750,7.091,7.398,7.735,8.045,8.367,8.670,9.022,9.349,9.653,9.977,10.321,10.622,10.931,11.279,11.621,11.956,12.290,12.620,12.932,13.274,13.641,13.974,14.274,14.620,14.957,15.297,15.651,15.995,16.324,16.676,16.999,17.332,17.709,18.055,18.355,18.668,
2,14,0.301,
2,15,0.344,0.618,0.887,1.151,1.421,1.693,1.990,2.325,2.597,2.877,3.189,3.522,3.799,4.110,4.389,
2,16,0.234,0.499,0.943,1.235,1.518,1.781,2.073,2.362,2.643,2.920,3.177,
2,17,0.273,0.524,0.774,1.046,1.326,1.581,1.857,2.120,
2,18,0.304,0.588,0.898,1.238,1.520,1.799,2.111,2.387,2.652,2.923,3.171,
2,19,0.296,0.529,0.798,1.058,1.340,1.638,1.900,2.203,2.479,2.782,3.047,3.310,
2,20,0.321,0.605,0.874,1.161,1.439,1.688,1.969,2.232,2.519,2.869,3.155,3.454,3.760,4.064,4.336,4.615,4.900,5.178,5.458,5.743,6.020,6.311,6.590,6.895,7.179,7.471,7.762,8.030,8.322,8.592,8.837,
2,21,0.275,0.508,0.793,1.075,1.345,1.642,1.907,2.184,2.464,2.759,3.042,3.319,3.623,3.938,4.227,4.498,4.780,5.057,5.349,5.644,
2,22,0.353,0.618,0.892,1.166,1.450,1.747,2.053,2.295,2.590,2.898,3.167,3.493,3.779,4.068,4.386,4.636,4.976,5.235,5.523,5.824,6.095,6.387,6.670,6.970,7.247,7.545,
2,23,0.247,0.511,0.785,1.052,1.342,1.643,1.939,2.234,2.551,2.848,3.143,3.397,3.734,4.044,4.394,4.679,4.965,5.283,5.560,5.853,
2,24,0.419,0.671,0.981,1.273,1.587,1.862,2.157,2.453,2.741,3.046,3.349,3.620,3.928,4.247,4.542,4.868,5.151,5.478,5.766,6.072,6.349,6.659,6.942,7.259,7.543,7.843,8.143,8.413,8.687,
2,25,,
2,26,0.421,0.671,0.931,1.235,
2,27,0.311,0.571,0.848,
2,28,0.237,0.460,
2,29,0.406,0.666,0.977,1.247,1.527,1.782,2.077,2.339,2.616,2.892,3.204,3.526,
2,30,0.240,0.516,0.782,1.060,
2,31,0.034,0.309,0.593,0.819,1.096,1.384,1.688,1.982,2.275,2.612,2.919,
2,32,0.047,0.349,0.667,0.993,1.276,1.563,1.838,
2,33,0.277,0.525,0.821,1.094,1.373,1.650,1.940,2.225,2.521,2.806,
2,34,0.245,0.520,0.820,1.093,1.387,1.704,
2,35,0.287,0.543,0.837,1.125,1.421,
2,36,0.309,0.571,0.837,
2,37,0.273,0.535,0.820,1.121,
2,38,0.294,0.583,0.886,1.146,1.428,1.726,2.020,2.300,2.596,2.887,
2,39,0.344,0.624,0.899,1.156,1.426,1.711,2.066,2.400,2.712,3.150,3.467,3.728,4.079,4.401,4.647,4.950,
2,40,0.268,0.518,0.790,1.073,1.385,1.706,2.100,2.402,2.746,3.062,
2,41,,
2,42,0.270,0.543,0.838,1.154,1.480,1.771,2.073,2.388,2.672,2.966,3.306,3.604,3.896,4.171,4.467,4.729,
2,43,0.246,0.557,0.846,1.110,1.397,1.668,1.948,2.250,2.538,2.836,3.145,3.427,3.736,4.040,4.355,4.645,4.922,5.237,5.516,
2,44,0.339,0.620,
2,45,,
2,46,0.206,0.449,0.709,0.952,1.185,1.444,1.729,
2,47,0.318,0.602,0.825,1.078,1.335,1.615,1.888,2.142,2.438,2.895,3.139,3.368,3.601,3.824,4.062,4.295,4.540,4.810,5.117,5.409,5.690,
2,48,0.323,0.533,0.810,1.080,
2,49,0.360,0.636,0.886,1.150,1.419,1.705,2.023,2.331,2.668,2.955,3.270,
2,50,0.314,0.583,
2,51,0.326,0.587,
2,52,0.265,0.515,0.790,1.050,1.322,1.618,1.926,2.238,2.527,2.817,3.098,
2,53,0.315,0.577,0.860,1.120,1.398,1.694,2.015,2.334,2.628,2.920,3.152,
2,54,0.240,0.512,0.781,1.043,1.336,1.646,1.955,2.230,2.513,2.815,3.097,
2,55,0.294,0.559,0.819,1.092,1.370,1.695,
2,56,0.302,0.564,0.770,1.084,1.351,1.596,1.847,2.144,2.521,2.822,3.138,3.469,3.781,
2,57,0.235,0.523,0.780,1.041,1.328,1.593,1.897,
2,58,0.320,0.576,0.841,1.104,
2,59,0.269,0.513,0.766,1.013,1.283,1.580,1.870,2.191,2.491,2.764,3.021,
2,60,0.026,0.267,0.476,0.804,1.071,1.334,1.601,1.897,2.183,2.477,2.727,2.995,
2,61,0.266,0.516,0.766,1.019,
2,62,0.293,0.543,0.796,1.046,1.350,1.648,
2,63,0.277,0.571,
2,64,0.310,0.547,0.854,1.128,1.401,1.679,1.964,2.264,2.567,2.847,3.170,3.462,3.766,4.058,4.360,4.656,4.958,5.267,5.544,
2,65,0.243,0.526,
2,66,0.245,0.526,0.806,1.093,1.372,1.658,1.984,2.272,2.589,2.909,
2,67,0.113,0.334,0.607,0.875,1.159,1.461,1.746,2.043,2.336,2.617,2.953,3.270,3.562,3.871,4.150,
2,68,0.303,0.569,0.875,1.158,1.457,1.734,2.045,2.355,2.651,2.960,3.274,3.590,3.911,4.250,4.563,
2,69,0.299,0.598,0.892,1.183,1.523,1.850,2.172,2.526,2.828,3.162,3.499,3.854,4.190,4.492,
2,70,0.311,0.593,0.868,1.141,1.459,1.769,2.125,2.477,2.802,3.126,3.470,3.820,4.173,4.521,4.855,5.238,5.570,5.956,6.321,6.697,7.044,7.389,7.742,8.061,8.411,8.751,9.080,9.466,9.773,
2,71,0.363,0.671,0.975,1.285,1.597,1.914,2.233,2.587,2.929,3.269,3.581,3.918,4.269,4.616,4.970,5.334,5.746,6.148,6.492,6.859,7.249,7.607,8.041,8.388,8.745,9.110,9.496,9.997,10.314,10.725,11.064,11.427,11.782,12.140,12.479,12.822,13.147,13.524,13.838,14.170,14.524,14.836,15.172,15.490,15.816,16.160,16.525,16.873,17.181,17.488,17.821,18.146,18.509,18.831,19.197,19.583,19.935,20.246,20.557,20.894,21.228,21.584,21.926,22.278,22.621,22.924,23.262,23.567,
2,72,0.077,0.484,
2,73,0.243,0.540,0.946,
2,74,0.268,0.573,0.896,1.212,1.531,1.854,2.191,2.495,2.817,3.157,
2,75,0.040,0.313,0.615,
2,76,0.192,0.496,0.813,1.155,1.455,1.749,
2,77,0.283,0.548,0.845,1.146,1.449,1.736,
2,78,0.312,0.641,0.971,1.298,1.617,1.931,2.271,2.608,2.940,3.251,3.664,3.989,4.351,4.716,5.035,5.357,5.659,6.023,6.310,6.608,6.906,7.245,7.561,7.891,8.220,8.528,8.863,9.230,9.591,9.973,10.278,10.642,11.002,11.308,11.643,11.967,12.286,12.606,12.893,13.200,13.537,13.857,14.176,14.492,14.826,15.164,15.463,15.820,16.122,16.429,
2,79,0.205,0.521,0.875,1.183,1.492,1.807,2.125,2.463,2.764,3.071,3.362,3.689,3.969,4.314,4.619,4.925,5.277,5.596,5.906,6.247,6.577,6.899,7.194,7.527,7.818,8.123,8.427,8.739,9.077,9.400,9.719,10.017,10.352,10.703,11.033,11.387,11.689,12.018,12.335,12.683,12.998,13.313,13.616,13.939,
2,80,0.232,0.550,0.859,1.171,1.471,1.778,2.070,2.395,2.685,3.012,3.305,3.602,3.899,4.173,4.492,4.772,5.076,5.370,5.647,5.928,6.225,6.475,6.775,
2,81,0.359,0.655,1.021,1.448,1.738,2.046,2.363,2.656,2.975,3.272,3.549,3.841,4.143,4.463,4.773,5.058,5.390,5.671,
2,82,0.235,0.541,0.813,1.105,1.385,1.684,1.969,2.276,2.566,2.853,3.165,3.476,3.742,4.039,4.329,4.637,4.926,5.222,5.521,5.793,
2,83,0.278,0.582,0.873,1.192,1.479,1.768,
2,84,0.336,0.650,0.975,1.278,1.572,1.894,2.186,2.511,2.798,3.109,3.410,3.721,4.038,4.310,4.611,4.937,5.251,5.598,5.911,
2,85,0.040,0.401,0.742,1.047,
2,86,0.271,0.549,0.859,
2,87,0.300,0.613,0.922,1.249,1.588,1.899,2.212,2.534,2.876,3.181,3.517,3.829,4.147,4.483,4.796,5.151,5.518,5.808,6.155,6.476,6.789,7.057,7.430,7.765,8.126,8.448,8.797,9.114,9.439,9.766,10.086,10.425,10.770,11.106,11.447,11.767,12.116,12.423,
2,88,0.160,0.497,0.780,1.115,1.420,1.869,2.145,2.463,2.770,3.077,3.428,3.765,4.070,4.405,4.811,5.113,5.445,5.748,
2,89,0.238,0.513,0.835,1.163,1.409,1.724,2.074,2.360,2.661,3.040,3.339,3.677,3.967,4.265,4.559,4.836,5.173,5.441,5.740,6.043,6.399,6.780,7.103,7.488,7.776,8.122,8.420,8.767,9.122,9.442,9.744,10.050,10.394,10.705,11.018,11.330,11.635,11.913,12.209,12.480,
2,90,0.180,0.522,0.803,1.155,1.438,1.789,
2,91,0.264,0.608,0.908,1.231,1.535,1.819,2.148,2.437,2.776,3.076,3.399,3.666,3.940,4.266,4.569,4.860,5.199,5.517,5.852,6.157,6.486,6.828,7.136,7.467,7.774,8.108,8.419,8.726,9.052,9.339,
2,92,0.287,0.609,0.931,1.261,1.565,1.894,2.177,2.480,2.819,3.145,3.455,3.765,4.086,4.412,4.733,5.042,5.338,5.696,
2,93,0.282,0.615,0.911,1.266,1.564,1.863,2.165,
2,94,0.398,0.730,1.045,
2,95,0.084,0.419,0.680,0.988,
2,96,0.083,0.303,0.566,
2,97,0.047,0.347,0.649,0.931,1.196,1.479,1.793,2.068,
2,98,0.267,0.549,0.831,1.147,1.414,1.702,2.014,2.308,2.648,2.958,3.247,
2,99,0.265,0.530,0.807,1.061,1.311,1.584,1.899,2.189,2.481,2.781,3.058,3.400,3.685,3.987,4.300,4.596,4.911,5.224,5.552,5.845,6.111,6.412,6.696,6.969,7.275,7.572,7.846,8.150,8.443,8.776,9.078,9.355,9.661,9.977,10.296,10.583,10.932,11.233,
2,100,0.269,0.566,
2,101,0.211,0.484,0.792,1.084,1.385,1.685,1.991,2.279,2.592,2.910,3.188,3.474,
2,102,0.281,0.571,0.862,1.146,1.396,1.668,1.948,2.232,2.520,2.815,3.113,3.397,3.657,3.973,4.270,4.552,4.834,5.114,5.417,5.725,
2,103,0.246,0.541,0.821,1.091,1.377,1.661,1.969,2.279,2.591,2.899,3.200,3.523,3.791,4.079,4.393,4.669,4.965,5.252,5.561,5.836,6.096,6.353,
2,104,0.076,0.373,0.637,0.900,1.184,1.446,1.716,2.000,
2,105,0.035,0.268,0.518,0.768,1.019,1.308,1.583,1.830,2.136,2.446,2.727,2.993,3.243,
2,106,0.476,0.759,1.029,1.399,1.676,1.959,2.262,2.577,2.873,3.161,
2,107,0.290,0.574,0.899,1.174,1.471,1.740,2.016,2.202,2.587,2.865,3.150,3.420,3.724,4.024,4.317,4.603,4.896,5.193,5.485,5.788,6.116,6.392,6.679,6.996,
2,108,0.237,0.557,0.875,1.161,1.439,1.771,2.041,2.369,2.656,2.946,3.272,
2,109,0.110,0.431,0.766,1.092,
2,110,0.293,0.585,
2,111,0.237,0.570,0.871,1.185,1.495,1.803,2.096,2.404,2.784,3.108,3.435,3.889,4.276,4.620,4.955,5.285,5.640,
2,112,0.150,0.485,
2,113,0.264,
2,114,0.046,0.491,0.797,1.198,1.543,1.897,2.250,2.619,2.924,3.250,3.593,3.898,4.222,4.529,4.824,5.146,5.463,5.770,6.096,6.403,6.665,6.967,
2,115,0.085,0.406,0.722,1.045,1.344,1.664,1.969,2.283,2.606,2.909,3.220,3.524,3.811,4.117,4.441,4.772,5.071,5.375,5.686,6.029,6.337,6.652,6.941,7.245,
2,116,0.080,0.400,0.725,1.064,1.370,1.691,2.011,2.327,2.648,2.964,3.251,3.558,3.860,4.170,4.484,4.786,5.109,5.421,5.779,6.147,6.465,6.782,7.088,7.397,7.699,8.014,8.320,8.626,
2,117,0.107,0.402,0.715,0.997,1.297,1.618,1.929,2.245,2.547,2.857,3.140,3.476,
2,118,0.118,0.395,0.663,0.927,1.234,1.515,1.803,2.107,2.396,2.695,2.993,3.302,3.624,3.897,4.202,4.514,4.825,5.147,5.445,5.721,6.064,6.360,6.660,6.978,7.290,7.586,7.874,8.149,
2,119,0.316,0.605,0.918,1.223,1.534,1.848,2.150,2.433,2.742,3.047,3.328,3.644,3.946,4.242,4.554,4.857,5.177,5.466,5.769,6.063,6.376,6.680,6.978,7.276,7.574,7.871,8.178,8.487,8.802,9.079,9.370,
2,120,0.294,0.577,0.872,1.169,1.451,1.767,2.053,2.348,
2,121,0.367,0.626,0.872,
2,122,0.247,0.515,0.783,1.042,1.329,1.622,1.907,2.180,2.443,2.734,3.040,3.300,3.577,3.821,
2,123,0.201,0.502,
2,124,0.270,0.520,0.771,1.021,1.312,1.596,1.871,2.152,2.434,2.718,3.022,3.284,3.560,3.840,4.139,4.375,
2,125,0.106,0.397,0.674,0.963,1.249,1.524,1.803,2.082,2.364,2.660,2.922,3.210,3.515,3.809,4.106,4.370,4.661,4.923,5.198,5.480,
2,126,0.302,0.575,0.861,1.142,1.413,1.690,1.983,2.269,2.539,2.820,3.094,3.396,3.692,3.971,4.280,4.573,4.870,5.192,5.502,
2,127,0.267,0.529,0.813,1.088,1.373,1.656,
2,128,0.050,0.311,0.577,0.835,1.121,1.345,1.604,1.856,2.120,2.395,2.660,2.954,3.239,3.556,3.833,4.105,4.357,4.601,4.849,
2,129,0.029,0.275,0.539,0.797,1.048,1.328,1.622,1.909,2.193,2.406,2.680,2.950,3.211,3.493,3.771,4.024,4.301,4.576,4.816,5.083,5.362,
2,130,0.038,0.344,0.615,0.885,1.148,1.454,1.749,
2,131,0.284,0.563,0.869,1.136,1.368,1.641,1.923,2.204,2.489,2.773,3.050,3.305,3.577,3.870,4.141,4.406,4.692,4.976,
2,132,0.083,0.393,0.643,0.893,
2,133,0.266,0.534,0.807,1.068,1.337,1.670,1.937,2.225,2.517,2.771,3.040,3.345,3.623,3.902,4.179,4.473,4.737,5.018,5.297,5.587,
2,134,0.199,0.470,0.766,1.048,1.332,1.604,1.900,
2,135,0.213,0.485,0.743,0.998,1.270,1.544,1.831,2.110,2.396,2.672,2.945,3.216,
2,136,0.084,0.385,0.652,0.924,1.216,1.464,1.717,1.975,2.251,2.519,2.779,3.058,3.338,3.601,3.886,4.143,
2,137,0.282,0.585,0.893,1.173,1.462,1.734,1.999,2.267,2.542,2.817,3.094,3.394,
2,138,0.266,0.534,
2,139,0.478,0.744,1.024,
2,140,0.286,0.556,0.791,1.046,1.323,1.588,1.848,2.123,2.394,2.654,2.931,3.201,3.453,3.696,
2,141,0.243,0.515,
2,142,0.266,0.536,0.802,1.028,1.266,1.526,1.793,2.085,2.353,2.603,2.848,3.110,3.353,3.651,3.913,4.176,4.436,4.683,
2,143,0.225,0.470,0.740,1.002,1.286,1.531,1.806,2.065,2.308,2.573,2.845,3.091,3.365,3.611,3.851,4.090,4.339,4.591,4.839,5.094,5.387,5.637,5.909,6.181,6.471,6.771,
2,144,0.233,0.482,
3,1,0.167,0.444,0.696,0.974,
3,2,0.145,0.395,0.649,0.898,1.160,1.374,1.627,1.906,2.188,2.420,2.656,
3,3,0.240,0.490,
3,4,0.220,0.495,0.739,1.016,1.266,1.528,1.808,2.061,2.301,2.544,
3,5,0.215,0.485,0.785,1.045,1.320,1.587,1.890,2.185,2.466,2.774,3.036,3.299,
3,6,0.275,0.592,0.864,1.142,1.376,1.643,1.902,
3,7,0.273,0.540,0.792,1.043,1.290,1.570,1.812,2.082,
3,8,0.187,0.454,0.715,0.993,1.274,1.524,1.781,2.069,2.365,2.641,2.891,
3,9,0.053,0.306,0.576,0.855,1.134,1.418,1.717,2.040,2.346,2.608,2.885,3.187,3.482,3.801,4.097,
3,10,0.076,0.344,0.580,0.850,1.100,1.364,1.611,1.888,2.179,2.458,2.697,2.906,3.139,
3,11,0.133,0.425,0.678,0.935,1.192,1.450,1.718,
3,12,0.229,0.501,0.791,1.065,
3,13,0.240,0.522,0.791,1.075,1.347,1.611,1.899,2.159,2.445,2.726,2.998,3.246,
3,14,0.138,0.394,0.660,0.935,1.202,1.488,1.749,2.022,2.287,2.559,2.826,3.079,3.389,3.657,3.931,4.196,
3,15,0.250,0.514,
3,16,0.262,0.522,0.726,0.989,1.232,1.461,1.708,1.978,2.240,2.497,2.769,3.042,3.325,3.592,3.832,4.048,
3,17,0.187,0.420,0.688,0.987,1.277,1.535,1.822,2.091,2.363,2.649,2.899,3.156,3.435,3.706,3.966,4.225,4.516,
3,18,0.228,0.472,0.728,0.988,1.252,1.533,1.796,2.059,2.316,2.571,2.814,3.100,3.389,
3,19,0.045,0.310,0.573,0.834,1.107,1.367,1.646,1.915,2.171,2.433,2.693,2.967,3.240,3.513,3.785,4.063,4.319,
3,20,0.143,0.400,0.655,0.910,1.202,
3,21,0.274,0.524,0.781,1.025,1.290,1.540,1.783,2.037,2.302,2.563,2.793,3.026,3.276,3.509,3.776,4.024,4.274,4.539,
3,22,0.149,0.408,0.693,0.942,1.207,1.477,1.771,
3,23,0.218,0.496,0.752,1.017,1.273,1.554,1.843,2.134,2.445,2.741,3.028,3.295,
3,24,0.324,0.561,0.819,1.047,1.309,1.568,1.854,2.143,2.403,2.672,2.944,3.230,
3,25,0.148,0.426,0.707,0.990,1.258,1.648,1.960,2.271,2.545,2.793,2.999,3.222,
3,26,0.072,0.362,0.659,0.919,
3,27,0.297,0.589,0.899,1.156,1.516,1.788,2.075,2.360,2.650,2.935,3.230,3.501,3.784,4.063,4.338,4.651,4.924,
3,28,0.248,0.535,0.844,
3,29,0.122,0.441,0.714,0.942,1.215,1.458,1.707,1.955,2.242,2.513,2.777,3.063,3.368,3.711,
3,30,0.044,0.339,0.590,0.845,1.120,1.366,1.620,1.885,2.135,2.418,2.677,2.937,3.185,
3,31,0.265,0.522,0.782,1.030,
3,32,0.184,0.461,0.724,1.019,1.276,1.534,1.770,
3,33,0.265,0.545,0.775,1.022,1.266,1.532,1.820,2.085,2.400,2.709,2.961,3.231,3.523,3.831,4.103,4.353,4.624,
3,34,0.289,0.565,0.817,1.053,1.320,1.584,1.817,2.064,2.323,2.605,2.858,3.115,3.403,3.661,3.918,4.161,
3,35,0.125,0.376,0.649,0.899,1.150,
3,36,0.153,0.398,0.650,0.900,1.150,1.412,1.704,2.017,2.267,2.584,2.849,3.120,3.387,
3,37,0.052,0.298,0.527,0.764,1.029,1.298,1.547,1.792,2.074,2.337,2.671,2.933,3.178,3.441,
3,38,0.215,0.480,0.717,0.965,1.232,1.523,1.752,1.974,2.274,2.524,2.791,3.071,3.314,3.621,3.891,4.151,4.416,
3,39,0.251,0.488,0.747,1.025,1.250,1.509,1.748,2.001,2.250,2.512,2.759,3.034,3.260,3.510,3.724,4.047,4.297,4.549,4.809,5.064,5.324,
3,40,0.325,0.548,0.788,1.046,1.286,1.525,1.781,2.053,2.341,2.598,2.920,3.157,3.404,
3,41,0.183,0.436,0.673,0.911,1.162,1.406,1.650,1.900,2.219,2.456,2.714,2.986,3.234,3.517,3.751,3.987,4.237,
3,42,0.081,0.338,0.600,0.854,1.119,1.375,1.617,1.856,2.115,2.370,2.611,2.898,3.192,
3,43,0.101,0.353,0.615,0.901,1.151,1.423,1.685,
3,44,0.173,0.404,0.647,
3,45,0.047,0.291,0.526,0.730,0.974,1.243,1.517,1.781,2.037,2.284,
3,46,0.084,0.353,0.587,
3,47,0.048,0.321,0.547,0.804,
3,48,0.184,0.415,0.648,0.892,
3,49,0.145,0.395,
3,50,0.043,0.284,0.546,0.815,1.048,1.298,1.531,1.767,1.976,2.234,2.489,2.736,2.973,
3,51,0.077,0.296,0.585,0.857,1.122,1.346,1.564,1.836,2.054,2.331,2.606,2.871,3.144,
3,52,0.068,0.316,0.602,0.860,1.111,1.319,1.568,1.767,2.027,2.268,2.518,
3,53,0.209,0.464,
3,54,0.103,0.345,0.649,0.899,1.153,1.399,1.621,1.867,
3,55,0.093,0.313,0.571,0.786,1.028,1.296,1.554,1.815,2.111,2.403,2.676,2.929,
3,56,0.138,0.402,0.641,0.865,1.109,1.352,1.602,1.837,2.072,2.327,2.573,2.810,
3,57,0.212,0.448,0.625,0.923,1.181,1.414,1.644,1.904,2.177,2.456,2.811,3.094,3.361,3.615,
3,58,0.043,0.300,0.580,0.866,1.115,1.357,1.606,1.859,2.068,2.318,2.608,2.896,3.146,3.409,
3,59,0.203,0.471,0.736,0.990,1.271,1.525,1.778,
3,60,0.029,0.271,0.526,0.776,1.019,1.277,1.551,1.797,2.041,2.316,2.557,2.831,
