0,1,0.222,0.394,0.523,0.673,0.814,0.958,1.099,1.261,1.398,1.550,1.696,1.828,2.001,2.157,2.307,2.461,2.614,2.776,2.949,3.104,3.262,3.422,3.578,3.700,3.905,4.076,4.236,4.396,4.516,4.705,4.874,5.025,5.190,5.358,5.516,5.696,5.838,5.987,6.147,6.302,6.460,6.647,6.736,6.958,7.123,7.276,7.446,7.604,7.771,7.932,8.085,8.248,8.413,8.585,8.764,8.925,9.090,9.238,9.398,9.566,9.729,9.902,10.067,10.237,10.402,10.571,10.745,10.916,11.095,11.269,
0,1,0.142,0.300,0.449,0.592,0.908,1.075,1.223,1.394,1.551,1.684,1.849,2.019,2.160,2.308,2.471,2.636,2.804,2.958,3.109,3.276,3.434,3.593,3.770,3.917,4.087,4.270,4.420,4.578,4.739,4.854,5.057,5.212,5.354,5.521,5.666,5.832,5.997,6.159,6.318,6.482,6.654,6.818,6.975,7.148,7.330,7.500,7.655,7.825,8.000,8.173,8.323,8.496,8.658,8.796,8.977,9.154,9.319,9.463,9.639,9.797,9.949,10.112,
0,1,0.212,0.388,0.538,0.674,0.815,0.967,1.112,1.269,1.403,1.551,1.699,1.864,2.023,2.169,2.325,2.443,2.613,2.750,2.903,3.056,3.216,3.387,3.520,3.670,3.826,3.943,4.147,4.280,4.453,4.604,4.771,5.053,5.205,5.376,5.524,5.827,5.982,6.144,6.296,6.441,6.587,
0,1,0.123,0.268,0.419,0.696,0.857,1.019,1.162,1.272,1.491,1.649,1.808,1.957,2.115,2.269,2.423,2.573,2.737,2.900,3.044,3.218,3.366,3.526,3.689,3.819,3.975,4.146,4.287,4.448,4.598,4.722,4.903,5.065,5.238,5.396,5.555,5.714,5.852,5.984,6.209,6.372,6.528,6.687,6.854,7.038,7.182,7.342,7.482,7.638,7.791,7.957,8.112,8.272,
1,1,0.107,0.262,0.408,0.552,0.716,0.845,0.994,1.163,1.320,1.472,1.646,1.805,1.962,2.118,2.272,2.423,2.585,2.736,2.896,3.054,3.225,3.397,3.549,3.698,3.845,4.014,4.171,4.339,4.481,4.621,4.770,4.922,5.080,5.230,5.398,5.534,5.692,5.857,6.031,6.179,6.340,6.515,6.673,6.831,6.982,7.152,7.477,
1,2,,
1,3,0.216,0.367,0.533,0.692,0.844,0.991,1.137,1.250,1.404,1.587,1.740,1.902,2.065,2.222,2.377,2.534,2.681,2.838,2.978,3.138,3.291,3.428,3.556,3.750,3.901,4.054,4.223,4.375,4.522,4.787,5.100,5.250,5.399,5.557,5.705,5.890,6.200,6.371,6.530,6.678,6.840,6.998,7.152,7.301,7.447,7.601,7.774,7.910,8.083,8.229,
1,4,0.027,0.197,0.357,0.515,0.659,0.826,0.981,1.144,1.298,1.465,1.622,1.775,1.929,2.084,2.250,2.412,2.570,2.724,2.902,3.106,3.290,3.454,3.645,3.827,4.034,4.219,4.333,4.516,4.705,4.896,5.053,5.225,5.427,5.627,5.823,5.980,6.147,6.303,
1,5,0.110,0.278,0.438,0.581,0.738,0.894,1.044,1.261,1.398,1.550,1.708,1.873,2.040,2.189,2.330,2.493,2.645,2.815,2.971,3.145,3.293,3.680,3.838,3.994,4.150,4.309,4.483,4.646,4.834,4.990,5.153,5.302,5.443,5.598,5.769,5.935,6.081,6.263,6.409,6.580,6.897,7.063,7.213,7.377,7.546,7.678,7.874,8.046,8.210,8.359,8.494,8.663,8.981,9.148,9.287,9.459,9.648,9.812,9.945,10.190,10.366,10.515,
1,6,0.047,0.209,0.367,0.519,0.663,0.815,0.941,1.075,1.516,1.664,1.803,1.951,2.087,2.249,2.429,2.565,2.731,2.900,3.029,3.184,3.296,3.442,3.566,3.814,3.942,4.251,4.413,4.573,4.727,4.871,5.049,5.221,5.414,5.598,5.783,5.995,6.157,6.315,6.468,6.667,6.830,7.185,7.354,7.541,7.713,7.891,8.103,8.286,8.462,8.643,8.801,8.957,9.153,9.452,9.603,9.770,9.940,10.163,10.327,10.497,10.716,10.887,11.030,11.187,11.364,11.545,11.728,11.917,12.138,12.296,12.457,12.625,
1,7,0.103,0.285,0.453,0.620,0.795,0.968,1.127,1.293,1.473,1.655,1.811,1.993,2.175,2.360,2.526,2.702,2.896,3.093,3.266,3.440,3.619,3.789,3.979,4.183,4.366,4.549,4.747,4.921,5.088,5.263,5.412,5.587,5.715,5.897,6.064,6.218,6.401,
1,8,0.166,0.342,0.517,0.683,0.866,1.014,1.172,1.342,1.500,1.674,1.840,1.978,2.148,2.284,2.448,2.610,2.771,2.916,3.078,3.245,3.405,3.559,3.721,3.913,
1,9,0.115,0.285,0.468,0.826,0.995,1.159,1.327,1.489,1.649,1.803,1.956,2.087,2.219,2.376,2.519,2.662,2.831,2.963,3.311,3.484,3.636,3.770,3.969,4.094,4.214,4.410,4.552,4.864,5.037,5.198,5.354,5.521,5.668,5.861,6.021,6.186,6.367,6.521,6.704,6.842,7.038,7.184,7.373,7.521,7.709,7.860,8.038,
1,10,0.086,0.266,0.456,0.589,0.766,0.937,1.094,1.266,1.433,1.599,1.748,2.039,2.193,2.350,2.517,2.680,2.830,2.990,3.151,3.319,
1,11,0.067,0.233,0.404,0.565,0.730,0.897,1.073,1.281,1.467,1.608,1.781,2.111,2.281,2.447,2.594,2.765,2.920,3.105,3.252,3.472,3.649,3.809,3.994,4.171,4.399,4.538,4.712,4.899,5.049,5.196,5.361,5.543,5.716,5.900,6.075,6.250,6.412,6.748,6.910,7.088,7.246,7.423,7.586,7.745,7.893,8.086,8.249,8.423,8.598,8.771,8.965,9.106,9.294,9.443,9.601,9.768,9.904,10.094,10.268,10.475,10.655,10.843,11.019,11.205,11.352,11.541,11.721,11.939,12.105,
1,12,0.072,0.238,0.397,0.538,0.694,0.837,0.985,1.147,1.284,1.424,1.580,1.731,1.853,2.148,2.271,
1,13,0.260,0.403,0.574,0.734,0.900,1.071,1.231,1.406,1.557,1.727,1.894,2.055,2.213,2.394,2.552,2.720,2.894,3.049,3.261,3.407,3.573,3.750,3.895,4.012,4.204,4.395,4.512,4.682,4.835,5.002,5.262,5.396,5.621,5.786,5.950,
1,14,0.363,0.546,0.737,0.872,1.037,1.193,1.361,1.542,1.708,1.897,2.050,2.209,2.371,2.545,2.734,2.912,3.078,3.240,3.412,3.608,3.781,3.959,4.122,4.301,4.467,4.648,4.799,4.986,5.180,5.348,5.515,5.681,5.849,6.037,6.209,6.399,6.562,6.725,6.902,7.067,7.235,7.417,7.649,7.809,7.997,8.169,8.350,8.523,8.721,8.920,9.093,9.267,9.435,9.654,9.824,9.991,
1,15,0.149,0.286,0.516,0.689,0.840,1.029,1.203,1.364,1.534,1.692,1.860,2.037,2.177,2.335,2.484,2.624,2.777,2.935,3.071,3.222,3.656,3.790,3.928,4.151,4.275,4.414,4.518,4.618,4.768,4.876,5.115,5.268,5.385,5.538,5.696,5.832,5.970,6.160,6.320,6.466,6.605,6.779,6.939,7.107,7.305,7.462,7.652,7.814,7.983,8.153,
1,16,0.170,0.365,0.546,0.731,0.903,1.057,1.215,1.401,1.535,1.707,1.857,2.021,2.173,2.343,2.499,2.637,2.794,2.936,3.125,3.278,3.443,3.599,3.768,3.931,4.087,4.249,
1,17,0.117,0.274,0.440,0.596,0.768,0.926,1.099,1.290,1.468,1.640,1.785,1.944,2.109,2.269,2.424,2.587,2.728,2.872,3.036,3.246,3.408,3.571,3.733,3.900,4.037,4.195,4.386,4.557,4.718,4.873,5.020,5.153,5.337,5.500,5.668,5.833,5.995,6.151,6.347,6.521,6.674,6.844,7.021,7.188,7.560,7.732,7.903,8.070,8.271,8.468,8.677,8.853,9.022,9.202,9.389,9.561,9.748,9.927,10.100,
1,18,0.063,0.272,0.474,0.653,0.819,1.022,1.200,1.373,1.537,1.664,1.865,2.039,2.217,2.370,2.529,2.672,2.822,2.973,3.140,3.293,3.454,3.610,3.777,3.952,4.099,4.280,4.435,4.622,4.786,4.997,5.163,5.321,5.499,5.656,5.853,6.025,6.181,6.361,6.525,6.673,6.837,6.993,7.176,7.319,7.490,7.696,7.864,8.042,8.216,8.392,8.570,8.718,8.976,9.111,9.280,9.483,9.643,9.783,10.043,10.187,10.357,10.551,10.696,10.858,11.029,11.246,11.433,11.622,11.790,11.977,12.178,12.336,12.526,12.698,12.898,13.099,13.309,13.451,13.645,13.783,13.919,14.293,14.456,14.645,14.805,14.973,15.121,15.296,15.450,15.835,15.960,16.149,
1,19,0.122,0.299,0.493,0.650,0.837,1.042,1.230,1.416,1.570,1.764,1.937,2.147,2.308,2.493,2.647,2.861,3.041,3.238,3.440,3.651,3.831,4.015,4.168,4.333,4.499,4.682,4.846,5.025,5.198,5.369,5.522,5.732,6.119,6.266,6.424,6.559,6.729,6.922,7.068,7.225,7.402,7.588,7.735,7.900,8.080,8.250,8.447,8.650,8.819,8.986,9.179,9.357,9.530,9.726,9.908,10.098,10.285,10.470,10.651,10.834,11.025,11.193,11.365,11.563,11.768,11.944,12.135,12.342,12.536,12.725,12.908,13.100,13.311,13.519,13.706,13.891,14.078,
1,20,0.451,0.641,0.807,0.999,1.190,1.391,1.561,1.775,1.938,2.087,2.290,2.448,2.599,2.758,2.899,3.038,3.186,3.335,3.479,3.627,3.785,3.947,4.108,4.259,
1,21,0.065,0.240,0.406,0.575,0.734,0.900,1.044,1.204,1.357,1.520,1.678,1.835,2.017,2.171,2.343,2.517,2.683,2.838,3.018,3.169,3.335,3.518,3.681,3.848,3.998,4.166,4.328,4.518,4.686,4.892,5.065,5.238,5.456,5.621,5.825,5.935,6.125,6.291,6.471,6.687,6.873,7.051,7.226,7.403,7.573,7.741,7.896,8.069,8.270,8.464,8.643,8.805,8.973,9.166,9.346,9.521,9.706,9.869,10.087,10.271,10.417,10.602,10.771,10.961,11.119,11.430,11.638,11.835,12.022,
1,22,0.033,0.166,0.529,0.699,0.874,1.039,1.157,1.273,1.383,1.544,1.704,1.907,2.105,2.475,2.611,2.811,2.971,3.050,3.200,3.366,3.575,3.745,3.936,4.102,4.268,4.368,4.465,4.555,4.768,4.941,5.018,5.116,5.304,5.478,5.672,5.876,6.085,6.199,6.269,
1,23,0.086,0.174,0.271,0.355,0.440,0.535,0.625,0.866,1.018,1.159,1.268,1.340,1.394,1.559,1.748,1.934,2.117,2.305,2.495,2.687,2.871,3.058,3.291,3.399,3.605,3.791,3.963,4.143,4.286,4.466,4.526,4.603,4.828,4.926,5.020,5.098,5.176,5.364,5.539,5.734,5.937,6.120,6.304,6.500,6.698,6.868,7.050,7.226,7.426,7.622,7.823,8.021,8.144,8.230,8.323,8.428,8.521,8.621,8.811,8.977,9.153,9.255,9.361,9.522,9.610,9.682,9.828,9.895,10.034,10.097,10.203,10.297,10.522,10.782,10.968,11.174,11.372,11.589,11.646,11.773,12.023,12.190,12.390,12.733,12.932,
1,24,0.243,0.411,0.585,0.720,0.788,0.963,1.157,1.327,1.538,1.624,1.796,1.999,2.194,2.274,2.390,2.463,2.582,2.657,2.786,2.996,3.193,3.299,3.423,3.531,3.653,3.774,3.891,3.982,4.104,4.199,4.337,4.441,4.562,4.673,4.794,4.904,5.028,5.148,5.275,5.395,5.525,5.642,5.775,5.892,6.002,6.123,6.276,6.364,6.526,6.609,6.759,6.892,7.036,7.162,7.305,7.420,7.556,7.692,7.828,7.948,8.090,8.226,
1,25,0.106,0.191,0.319,0.528,0.734,0.841,0.962,1.176,1.269,1.416,1.531,1.681,1.781,1.939,2.031,2.172,2.406,2.621,2.774,3.080,3.347,3.460,3.577,3.780,3.980,4.173,4.401,4.596,4.797,5.024,5.225,5.475,5.693,5.970,6.193,6.385,6.597,6.841,7.070,7.283,7.539,7.650,7.798,7.961,8.075,8.175,8.353,8.449,8.588,8.713,8.870,8.971,9.142,9.243,9.403,9.520,9.665,9.770,9.932,10.045,10.217,
1,26,0.182,0.451,0.638,0.861,1.099,1.346,1.483,1.611,1.730,1.875,1.999,2.166,2.280,2.436,2.558,2.735,3.000,3.093,3.270,3.367,3.527,3.637,3.792,4.085,4.352,4.458,4.649,4.771,4.930,5.107,5.307,5.353,5.554,5.737,5.971,6.119,6.306,
1,27,0.227,0.414,0.649,0.870,1.074,1.272,1.516,1.766,1.976,2.235,2.466,2.794,3.053,3.163,3.279,3.479,3.668,3.831,3.987,4.166,4.224,4.351,4.500,4.656,5.067,5.238,5.411,5.579,5.667,5.791,5.901,5.990,6.196,6.305,6.410,6.518,6.645,6.775,6.866,7.083,7.305,7.406,7.538,7.660,7.801,7.903,8.034,8.159,
1,28,0.100,0.227,0.317,0.525,0.724,0.828,0.972,1.095,1.225,1.324,1.466,1.582,1.727,1.829,1.963,2.186,2.289,2.439,2.662,2.893,2.974,3.289,3.522,3.643,3.736,3.893,4.143,4.284,4.418,4.547,4.678,4.792,4.952,5.053,5.203,5.345,5.510,5.644,5.783,5.894,6.016,6.251,6.334,6.461,6.596,6.701,6.836,6.971,7.319,7.449,7.672,7.942,8.052,8.152,8.232,8.344,8.410,8.579,8.652,8.718,8.980,9.126,9.300,9.376,9.536,9.791,9.943,10.049,10.198,10.326,10.468,10.557,10.724,10.865,11.017,11.110,11.267,11.366,11.522,11.662,11.818,11.944,12.159,12.285,12.441,
1,29,0.103,0.273,0.419,0.589,0.730,0.869,1.023,1.252,1.407,1.572,1.738,2.074,2.274,2.452,2.625,2.793,2.964,3.141,3.318,3.474,3.683,3.860,4.052,4.239,4.409,4.603,4.778,4.970,5.142,5.348,5.542,5.837,6.196,6.402,6.617,6.813,7.014,7.206,7.408,7.655,7.900,8.095,8.544,8.787,8.996,9.209,9.492,9.685,9.958,10.232,
1,30,0.397,0.603,0.780,0.960,1.144,1.331,1.529,1.783,2.013,2.276,2.559,2.827,3.211,3.447,3.645,3.857,4.083,
1,31,0.422,0.584,0.762,0.939,1.160,1.360,1.512,1.673,1.902,2.293,2.469,2.646,2.896,3.081,3.272,3.460,3.595,3.744,3.897,4.057,4.189,4.421,4.590,4.806,4.963,5.147,5.296,5.419,5.541,5.816,5.954,6.095,6.237,6.398,6.547,6.658,6.784,6.850,6.940,7.027,7.102,7.179,7.285,7.445,7.648,7.799,7.992,8.190,8.269,8.399,8.571,8.766,8.966,9.181,9.344,9.421,9.516,9.605,9.704,9.900,9.968,10.067,10.238,10.558,10.708,10.900,11.102,11.199,11.339,11.436,11.583,11.684,11.824,11.934,12.070,12.172,12.307,12.423,12.562,12.790,12.874,12.992,13.218,13.446,13.684,13.907,14.152,14.352,14.604,14.885,14.986,15.103,15.288,15.400,15.543,15.788,15.902,16.022,16.116,16.212,16.434,
1,32,0.151,0.309,0.501,0.741,0.829,0.994,1.079,1.139,1.242,1.307,1.413,1.465,1.654,1.854,1.998,2.211,2.300,2.449,2.655,2.730,2.874,2.964,3.085,3.177,3.301,3.402,3.536,3.635,3.781,3.919,4.022,4.269,4.503,4.597,4.713,4.819,4.954,5.056,5.167,5.280,5.417,5.520,5.640,5.864,6.020,6.108,6.225,
1,33,0.200,0.312,0.416,0.510,0.644,0.843,1.053,1.280,1.511,1.584,1.701,1.924,2.127,2.336,2.454,2.573,2.840,2.968,3.310,3.429,3.555,3.660,3.842,3.947,4.018,4.145,4.396,4.545,4.726,4.913,5.146,5.263,5.396,5.499,5.646,5.737,5.875,5.962,6.090,6.330,
1,34,0.039,0.279,0.516,0.715,0.817,0.936,1.032,1.156,1.248,1.369,1.584,1.677,1.798,1.900,2.016,2.236,2.422,2.603,2.690,2.821,3.071,3.177,3.301,3.445,3.549,3.668,3.868,4.027,4.151,4.314,
1,35,0.107,0.218,0.351,0.456,0.580,0.687,0.806,1.036,1.107,1.249,1.332,1.477,1.574,1.726,1.890,1.961,2.105,2.224,2.484,2.559,2.704,2.811,2.951,3.076,3.205,3.404,3.585,3.771,3.887,4.021,4.150,4.271,4.353,4.580,4.955,5.053,5.154,5.240,5.549,5.729,5.902,6.039,6.105,6.233,6.310,6.408,6.491,6.592,6.676,6.776,6.977,7.183,7.338,7.486,7.643,7.785,7.936,8.090,8.273,
1,36,0.082,0.266,0.400,0.689,0.850,1.048,1.150,1.296,1.607,1.767,1.920,2.078,2.231,2.401,2.527,2.678,2.836,2.989,3.151,3.278,3.411,3.551,3.700,3.844,3.995,4.140,4.280,4.351,4.483,4.581,4.647,4.738,4.895,5.038,5.135,5.358,5.458,5.552,5.635,5.699,5.972,6.160,6.323,6.493,6.659,6.836,7.019,7.118,7.201,7.311,7.398,7.520,7.603,7.744,7.838,7.958,8.059,8.217,8.297,8.437,8.643,8.821,8.887,9.020,9.107,9.234,9.336,9.484,9.581,9.729,9.818,9.981,10.085,10.221,10.340,10.469,10.574,10.717,10.803,10.964,11.196,11.415,11.667,11.778,11.918,12.022,12.154,12.272,12.392,12.500,12.639,12.746,12.889,13.022,13.142,13.250,13.396,13.522,13.652,13.968,14.089,14.577,14.684,14.773,15.048,15.205,15.353,15.523,15.670,15.823,15.994,16.140,
1,37,0.150,0.310,0.454,0.582,0.716,0.974,1.117,1.267,1.400,1.517,1.670,1.797,1.932,2.057,2.201,2.350,2.465,2.617,2.746,2.901,3.038,3.181,3.317,3.452,3.595,3.751,3.909,4.069,4.202,4.334,4.466,4.591,4.703,4.825,4.951,5.088,5.235,5.368,5.502,5.636,5.769,5.949,
1,38,0.083,0.270,0.437,0.587,0.728,0.887,1.047,1.185,1.361,1.521,1.641,1.798,1.948,2.097,2.251,2.410,2.563,2.693,2.849,2.997,3.145,3.294,3.436,3.573,3.728,3.873,4.032,4.178,
1,39,0.026,0.187,0.348,0.496,0.643,0.807,0.942,1.126,1.248,1.400,1.561,1.730,1.894,2.077,2.217,2.394,2.523,
1,40,0.215,0.307,0.395,0.571,0.736,0.906,1.022,1.090,1.272,1.372,1.435,1.528,1.621,1.727,1.792,2.055,2.139,2.225,2.416,2.562,2.727,2.889,3.056,3.120,3.234,3.417,3.622,3.675,3.805,3.869,4.027,4.156,4.201,4.299,4.405,4.523,4.581,4.690,4.773,4.870,4.952,5.061,5.140,5.274,5.314,5.429,5.574,5.774,5.924,6.112,6.284,6.485,6.665,6.850,7.031,7.200,7.404,7.590,7.681,7.795,7.892,8.025,8.194,8.282,8.409,8.607,8.731,8.844,8.983,9.073,9.206,9.328,9.441,9.524,9.642,9.745,9.893,9.984,10.102,10.294,10.526,10.643,10.762,10.876,11.001,11.127,11.249,11.369,11.510,11.621,11.777,11.893,12.020,12.161,12.299,12.436,12.587,12.733,12.894,13.027,13.183,13.327,13.431,13.525,13.654,13.745,13.907,14.028,14.169,
1,41,0.072,0.193,0.395,0.581,0.775,0.832,0.933,1.018,1.142,1.226,1.356,1.675,1.793,1.909,2.046,2.164,2.264,2.339,2.526,2.602,2.691,2.793,2.877,2.994,3.043,3.160,3.242,3.363,3.551,3.760,3.979,4.046,4.241,
1,42,0.086,0.275,0.453,0.589,0.679,1.019,1.187,1.311,1.450,1.603,1.786,1.946,2.023,2.296,2.466,2.604,2.954,3.101,3.201,3.319,3.489,3.709,3.910,4.146,4.274,4.396,4.524,4.735,4.868,4.988,5.125,5.212,5.366,5.533,5.656,5.955,6.105,6.271,6.497,6.638,6.850,7.043,7.189,7.473,7.559,7.673,7.857,8.200,8.353,8.522,8.673,8.826,8.977,9.121,9.282,9.430,9.579,9.741,9.900,10.062,10.218,10.371,10.523,10.679,10.830,10.995,11.140,11.308,11.501,11.682,11.835,12.024,12.180,12.362,12.524,12.653,12.796,12.958,13.108,13.275,13.403,13.571,13.789,13.960,14.142,14.288,14.443,14.602,14.775,14.934,15.097,15.286,15.439,15.614,15.803,15.976,16.146,
1,43,,
1,44,0.027,0.202,0.377,0.547,0.705,0.894,1.058,1.233,1.426,1.604,1.783,1.975,2.148,
1,45,0.156,0.309,0.483,0.646,0.821,1.013,1.203,1.370,1.541,1.716,1.897,2.079,2.291,
1,46,0.067,0.273,0.434,0.622,0.818,1.024,1.227,1.400,1.593,1.780,1.986,2.200,2.370,2.557,2.744,2.948,3.144,3.343,3.545,3.775,3.936,4.127,4.305,4.480,4.658,4.849,5.038,5.221,5.449,5.667,5.893,6.080,6.276,6.468,6.672,6.864,7.068,7.238,7.479,7.565,7.765,7.933,8.175,8.406,8.601,8.777,8.965,9.144,9.348,9.525,9.761,9.941,10.154,10.369,10.560,10.765,10.956,11.165,11.402,11.595,11.800,12.030,12.187,12.396,12.580,12.803,13.022,13.207,13.396,13.617,13.823,14.013,14.146,14.397,14.602,14.793,14.996,15.208,15.431,15.692,15.897,16.102,
1,47,0.046,0.243,0.455,0.656,0.819,0.973,1.127,1.297,1.487,1.644,1.807,1.972,2.144,2.319,2.496,2.676,2.850,3.035,3.211,3.355,3.528,3.692,3.895,4.062,4.281,4.462,4.662,4.837,5.012,5.172,5.396,5.558,5.739,5.969,6.153,6.341,6.513,6.698,6.896,7.061,7.247,7.409,7.592,7.778,7.961,8.147,8.352,8.514,8.701,8.865,8.998,9.179,9.398,9.561,9.764,9.984,10.170,10.345,10.518,10.709,10.918,11.148,11.336,11.519,11.703,11.871,12.062,12.322,
1,48,0.208,0.393,0.556,0.678,0.807,0.930,1.144,1.289,1.502,1.700,1.909,2.105,2.287,2.480,2.678,2.898,3.089,3.368,3.552,3.762,3.959,4.161,4.342,4.553,4.810,5.000,5.218,5.418,5.646,5.851,6.102,6.306,6.516,6.752,6.972,7.168,7.359,7.581,7.778,8.050,8.230,8.400,8.570,8.767,8.939,9.147,9.330,9.541,9.746,9.935,10.103,10.288,10.489,10.699,10.898,11.069,11.244,11.477,11.673,11.899,12.091,12.309,12.473,12.667,12.844,13.029,13.250,13.458,13.649,13.830,14.016,14.206,14.422,14.585,14.806,15.017,15.233,15.465,15.657,15.848,16.032,16.252,
1,49,0.089,0.410,0.586,0.792,0.999,1.292,1.518,1.698,1.899,2.089,2.285,2.486,2.725,2.905,3.135,3.344,3.518,3.721,3.954,4.164,
1,50,0.202,0.424,0.679,0.888,0.989,1.116,1.272,1.389,1.522,1.671,1.812,1.945,2.096,2.272,2.399,2.542,2.686,2.856,3.023,3.176,3.315,3.478,3.657,3.837,4.023,4.187,4.390,4.568,4.774,4.947,5.127,5.291,5.476,5.656,5.833,6.024,6.172,
1,51,0.101,0.267,0.440,0.581,0.747,0.918,1.079,1.240,1.401,1.545,1.725,1.909,2.072,2.237,2.424,2.597,2.775,2.946,3.135,3.320,3.502,3.671,3.846,4.023,4.189,4.358,4.537,4.701,4.870,5.052,5.224,5.411,5.593,5.770,5.949,6.121,6.287,6.459,6.608,6.777,6.953,7.127,7.307,7.482,7.661,7.825,7.984,8.161,8.318,8.482,8.647,8.818,8.985,9.147,9.308,9.487,9.638,9.804,9.976,10.148,10.311,10.505,10.688,10.889,11.064,11.272,11.455,11.611,11.773,11.929,12.099,12.273,
1,52,0.153,0.340,0.526,0.702,0.853,1.017,1.157,1.316,1.472,1.651,1.784,1.947,2.103,2.274,2.440,2.581,2.748,2.919,3.081,3.246,3.407,3.594,3.768,3.907,4.069,4.240,
1,53,0.182,0.344,0.495,0.660,0.815,0.993,1.160,1.335,1.491,1.655,1.830,1.999,2.195,2.362,2.544,2.695,2.860,3.019,3.183,3.365,3.535,3.713,3.897,4.035,4.201,
1,54,0.146,0.302,0.459,0.786,0.948,1.105,1.263,1.431,1.611,1.779,1.943,2.113,2.306,2.478,2.815,2.980,3.123,3.458,3.622,3.791,3.954,4.125,4.291,4.437,4.604,4.774,5.000,5.181,5.353,5.542,5.697,5.851,6.015,6.152,6.324,6.491,6.649,6.819,7.038,7.212,7.412,7.594,7.766,7.963,8.156,8.330,8.530,8.738,8.915,9.085,9.267,9.447,9.646,9.858,10.071,10.267,10.438,10.654,10.851,11.069,11.277,11.499,11.700,11.885,12.087,12.268,12.417,12.626,12.825,12.998,13.219,13.404,13.573,13.743,13.922,14.115,14.323,
1,55,0.107,0.270,0.422,0.554,0.688,0.836,0.987,1.122,1.270,1.434,1.647,1.786,1.932,2.110,2.282,
1,56,0.091,0.265,0.426,0.575,0.742,0.899,1.192,1.344,1.526,1.689,1.849,1.994,2.183,2.400,2.544,2.713,2.900,3.095,3.230,3.418,3.578,3.669,3.884,4.048,4.243,4.457,4.651,4.817,4.980,5.137,5.300,5.477,5.664,5.859,6.035,6.231,6.402,6.553,6.716,6.892,7.031,7.192,7.352,7.529,7.670,7.837,7.992,8.145,8.316,8.468,8.636,8.801,8.995,9.186,9.323,9.494,9.676,9.850,10.020,10.216,
1,57,0.035,0.191,0.337,0.496,0.652,0.808,0.964,1.116,1.272,1.427,1.563,1.769,1.963,2.026,2.118,2.197,2.283,2.364,2.450,2.520,2.605,2.770,2.938,3.105,3.270,3.354,3.431,3.597,3.770,3.961,4.117,4.302,4.473,4.637,4.817,4.975,5.171,5.271,5.351,5.525,5.964,6.066,6.237,6.414,6.522,6.578,6.667,6.738,6.908,7.096,7.272,7.448,7.639,7.792,7.967,8.073,8.142,8.224,8.313,8.411,8.489,8.591,8.681,8.776,8.867,9.064,9.155,9.273,9.359,9.450,9.533,9.618,9.698,9.807,9.872,9.973,10.043,10.116,10.196,10.308,10.390,10.484,10.549,10.680,10.731,10.845,10.926,11.034,11.144,11.247,11.357,11.451,11.561,11.774,11.864,12.024,12.094,12.208,
1,58,0.095,0.205,0.295,0.404,0.461,0.598,0.692,0.808,0.904,1.047,1.126,1.249,1.317,1.441,1.521,1.648,1.708,1.828,1.910,2.024,2.214,2.408,2.485,2.599,2.681,2.799,3.015,3.173,3.297,3.398,3.515,3.666,3.779,3.902,4.015,4.149,4.361,4.567,4.649,4.783,4.899,5.060,5.166,5.286,5.374,5.495,5.577,5.709,5.796,5.906,5.985,6.150,6.232,6.365,6.568,6.692,6.826,6.920,7.044,7.125,7.274,7.466,7.573,7.720,7.805,7.950,8.063,8.190,8.322,8.411,8.521,8.651,8.742,8.875,9.002,9.147,9.320,9.438,9.542,9.696,9.885,9.994,10.091,
1,59,0.110,0.205,0.300,0.392,0.524,0.695,0.862,0.976,1.069,1.251,1.355,1.468,1.569,1.682,1.767,1.873,2.060,2.119,2.262,
1,60,0.076,0.263,0.425,0.597,0.672,0.742,0.904,1.072,1.151,1.247,1.404,1.463,1.551,1.647,1.702,1.870,2.039,2.209,2.264,2.366,2.502,2.663,2.803,2.942,3.106,3.268,3.415,3.598,3.723,3.899,4.050,4.201,4.365,4.519,4.676,4.837,4.993,5.149,5.315,5.480,5.649,5.796,5.954,6.121,6.278,6.441,6.600,6.767,6.944,7.107,7.282,7.366,7.468,7.537,7.625,7.706,7.804,7.896,7.981,8.071,8.151,8.292,8.458,8.564,8.646,8.734,8.809,8.896,8.984,9.081,9.168,9.236,9.331,9.417,9.518,9.683,9.839,9.990,10.152,10.315,10.427,10.525,10.621,10.699,10.803,10.900,11.019,11.091,11.187,11.272,11.360,11.453,11.635,11.798,11.886,11.985,12.180,12.296,12.386,12.558,12.779,12.905,12.985,13.143,13.329,13.483,13.684,13.887,14.061,
1,61,0.069,0.275,0.408,0.595,0.683,0.946,1.026,1.178,1.290,1.422,1.609,1.892,2.077,2.210,2.341,2.543,2.718,2.932,3.089,3.180,3.335,3.526,3.660,3.853,3.986,4.153,4.296,4.413,4.547,4.644,4.775,4.876,4.991,5.222,5.436,5.576,5.686,5.816,6.033,6.241,6.443,6.528,6.662,6.924,7.160,7.377,7.645,7.849,7.957,8.063,8.262,8.437,8.595,8.769,8.940,9.111,9.282,9.433,9.593,9.752,9.913,10.069,10.205,10.344,10.488,10.646,10.792,10.954,11.106,11.273,11.419,11.572,11.713,11.866,12.014,12.165,
1,62,0.077,0.278,0.468,0.662,0.851,1.056,1.267,1.444,1.640,1.859,2.076,2.284,2.502,2.714,2.942,3.139,3.368,3.481,3.569,3.778,3.968,4.312,4.491,4.683,4.850,4.897,5.070,5.203,5.388,5.533,5.769,5.941,6.114,6.342,6.519,6.748,6.886,7.039,7.231,7.365,7.571,7.730,7.827,7.946,8.143,8.324,8.520,8.692,8.851,9.030,9.223,9.411,9.461,9.592,9.795,10.021,10.121,10.221,10.375,10.531,10.800,10.971,11.077,11.219,11.333,11.570,11.939,12.138,12.272,12.341,
1,63,0.206,0.428,0.587,0.802,0.964,1.127,1.261,1.428,1.645,1.810,1.895,1.994,2.078,2.182,2.262,2.352,2.543,2.645,2.723,2.896,2.998,3.073,3.168,3.266,3.476,3.586,3.675,3.896,3.997,4.080,4.190,4.284,4.396,4.525,4.646,4.732,4.835,4.926,5.113,5.237,5.343,5.558,5.782,5.919,5.997,6.103,6.199,6.311,6.414,6.615,6.811,7.040,7.194,7.284,7.456,7.574,7.695,7.937,8.148,8.363,8.457,8.655,8.898,9.176,9.279,9.369,9.522,9.775,10.016,10.213,10.653,10.899,11.050,11.288,11.486,11.687,11.877,12.036,12.106,12.267,12.358,12.517,12.609,12.767,12.983,13.070,13.247,13.366,13.500,13.653,13.833,13.939,14.099,14.238,
1,64,0.079,0.211,0.306,0.439,0.572,0.706,0.810,0.961,1.052,1.194,1.286,1.463,1.589,1.707,1.804,1.902,2.067,2.221,2.327,2.476,2.616,2.769,2.896,3.038,3.146,3.288,3.396,3.529,3.794,3.950,4.096,4.203,4.330,4.450,4.600,4.696,4.824,4.927,5.069,5.153,5.342,5.487,5.564,5.703,5.773,5.914,5.981,6.157,6.306,6.434,6.541,6.667,6.764,7.036,7.199,7.283,7.486,7.692,7.848,7.961,8.173,8.398,8.601,8.782,8.899,9.052,9.292,9.460,9.649,9.834,10.029,10.162,10.308,10.490,10.656,10.810,10.899,11.016,11.172,11.400,11.572,11.745,11.959,12.150,12.277,12.552,12.714,12.908,13.084,13.274,13.393,13.492,13.663,13.861,14.062,14.268,
1,65,0.092,0.237,0.369,0.533,0.650,0.777,0.873,1.074,1.174,1.302,1.517,1.703,1.814,1.979,2.105,2.324,2.488,2.639,2.807,2.949,3.094,3.244,3.385,3.525,3.689,3.844,3.991,4.152,4.281,4.377,4.548,4.647,4.789,4.870,5.034,5.276,5.369,5.519,5.613,5.789,6.034,
1,66,0.141,0.376,0.487,0.592,0.795,0.958,1.033,1.134,1.223,1.329,1.545,1.659,1.768,1.830,2.123,2.236,2.332,2.417,2.607,2.772,2.943,3.097,3.222,3.354,3.709,3.886,4.019,4.179,4.340,
1,67,0.050,0.188,0.277,0.443,0.528,0.715,0.814,0.976,1.102,1.267,1.555,1.647,1.814,2.082,2.154,2.347,2.461,2.619,2.828,3.044,3.289,3.521,3.611,3.765,3.974,4.075,4.217,4.307,4.420,4.515,4.670,4.751,4.898,4.989,5.152,5.399,5.472,5.610,5.742,5.871,5.970,6.096,
1,68,0.035,0.169,0.308,0.448,0.576,0.712,0.833,1.002,1.153,1.279,1.389,1.530,1.684,1.826,1.972,2.116,2.228,2.371,2.480,2.613,2.704,2.833,2.914,3.047,3.155,3.298,3.395,3.547,3.643,3.787,3.887,4.040,4.168,4.310,4.562,4.637,4.774,4.887,4.999,5.101,5.203,5.281,5.402,5.615,5.793,5.853,5.965,6.058,6.181,6.231,6.340,6.400,6.556,6.791,6.873,7.097,7.304,7.598,7.716,7.792,7.892,7.991,8.069,8.156,8.272,8.341,8.443,8.549,8.654,8.773,8.865,8.962,9.082,9.173,9.283,9.377,9.675,9.851,9.946,10.047,10.160,10.402,10.523,10.614,10.721,10.832,10.949,11.075,11.202,11.308,11.524,11.621,11.740,11.829,11.957,12.056,12.178,12.281,12.410,12.641,12.850,13.120,13.334,13.552,13.846,14.116,14.235,14.357,14.457,14.574,14.645,14.775,14.833,14.954,15.286,15.433,15.526,15.696,15.832,16.084,16.195,
1,69,0.115,0.195,0.358,0.417,0.613,0.721,0.859,1.105,1.375,1.515,1.675,1.785,1.928,2.049,2.191,2.314,2.460,2.595,2.723,2.845,2.975,3.115,3.250,3.422,3.563,3.679,3.821,3.949,4.150,4.279,4.410,4.517,4.648,4.786,4.957,5.141,5.299,5.443,5.583,5.742,5.884,6.034,6.154,6.323,6.450,6.608,6.749,6.901,7.035,7.144,7.295,7.550,7.780,8.038,8.243,8.397,8.541,8.810,8.894,9.019,9.126,9.352,9.554,9.709,9.863,10.073,10.284,
1,70,0.115,0.268,0.478,0.691,0.843,1.000,1.224,1.425,1.552,1.636,1.734,1.821,1.919,1.996,2.092,2.162,2.269,2.341,2.427,2.519,2.612,2.699,2.801,2.886,2.975,3.069,3.180,3.285,3.462,3.643,3.746,3.839,3.913,4.020,4.108,4.223,4.321,4.428,4.554,4.653,4.770,4.863,4.979,5.063,5.162,5.271,5.466,5.577,5.689,5.901,6.021,6.119,6.221,6.320,6.407,6.613,6.778,6.908,7.022,7.155,7.238,7.529,7.656,7.747,7.998,8.196,
1,71,0.070,0.220,0.343,0.528,0.641,0.825,0.892,1.064,1.154,1.326,1.439,1.579,1.716,1.859,1.961,2.099,2.237,2.369,2.526,2.663,2.830,2.971,3.093,3.240,3.393,3.540,3.646,3.827,3.934,4.106,4.212,4.393,4.643,4.760,4.917,5.020,5.183,5.277,5.406,5.644,5.726,5.950,6.191,6.334,6.476,6.608,6.975,7.061,7.157,7.223,7.329,7.511,7.721,7.832,8.162,8.325,8.481,8.652,8.848,9.145,9.310,9.476,9.646,9.781,9.932,10.090,10.243,10.400,10.551,10.715,10.871,11.039,11.196,11.362,11.513,11.691,11.847,12.017,12.171,12.323,12.517,12.681,12.859,13.021,13.196,13.358,13.531,13.689,13.862,14.024,14.189,14.348,14.515,14.675,14.874,15.034,15.183,15.346,15.490,15.955,16.107,16.272,
1,72,0.094,0.239,0.392,0.560,0.724,0.837,1.000,1.176,1.306,1.452,1.613,1.762,1.915,2.061,2.232,
1,73,0.037,0.193,0.351,0.508,0.648,0.819,0.976,1.142,1.292,1.418,1.582,1.735,1.892,2.075,2.226,2.396,2.556,2.709,2.893,3.212,3.400,3.570,3.731,3.893,4.034,4.197,4.358,4.534,4.688,4.861,5.027,5.181,5.350,5.520,5.685,5.867,6.307,6.443,6.616,6.798,6.994,7.189,7.395,7.572,7.762,7.895,8.110,8.306,8.501,8.668,8.857,9.026,9.188,9.396,9.560,9.751,9.946,10.146,10.334,10.513,10.681,10.877,11.070,11.263,11.451,11.647,11.827,12.017,12.159,12.342,12.530,12.791,12.987,13.174,13.352,13.539,13.765,13.980,14.148,14.319,14.564,14.744,14.926,15.149,15.336,15.525,15.964,16.149,
1,74,0.094,0.267,0.410,0.534,0.720,0.901,1.049,1.202,1.358,1.521,1.678,1.868,2.027,2.210,2.369,2.535,2.703,2.850,2.984,3.196,3.361,3.518,3.682,3.864,4.019,4.158,4.342,4.519,4.684,4.869,5.026,5.208,5.367,5.586,5.769,5.944,6.110,6.284,6.457,6.651,6.807,6.996,7.177,7.376,7.552,7.724,7.926,8.114,8.325,8.521,8.710,8.888,9.053,9.271,9.426,9.612,9.833,10.025,10.191,10.375,10.651,10.806,10.973,11.145,11.338,11.502,11.730,11.921,12.103,12.375,12.540,12.722,12.929,13.111,13.364,13.540,13.713,13.897,14.092,14.274,
1,75,0.048,0.226,0.400,0.544,0.707,0.859,1.024,1.173,1.338,1.495,1.646,1.841,2.092,2.161,2.268,2.441,2.518,2.608,2.768,2.934,3.093,3.173,3.268,3.397,3.497,3.598,3.652,3.748,3.810,3.873,3.951,4.026,4.119,4.198,4.281,4.439,4.589,4.661,4.769,4.833,4.924,5.071,5.219,5.398,5.474,5.566,5.677,5.770,5.813,5.976,6.070,6.282,6.363,6.445,6.532,6.624,6.704,6.797,6.873,6.972,7.046,7.120,7.191,7.274,7.413,7.520,7.603,7.678,7.771,7.844,7.924,8.021,8.098,8.299,8.401,8.461,8.541,8.625,8.692,8.864,9.056,9.274,9.364,9.462,9.561,9.654,9.722,9.813,9.955,10.056,10.138,10.216,
1,76,0.212,0.279,0.389,0.443,0.537,0.639,0.676,0.776,0.833,0.942,1.022,1.107,1.287,1.473,1.597,1.661,1.834,1.939,2.176,2.273,2.393,2.484,2.589,2.821,3.055,3.273,3.356,3.462,3.573,3.707,3.808,3.917,4.024,4.121,4.227,4.350,4.431,4.573,4.707,4.819,4.923,5.049,5.141,5.274,5.356,5.467,5.552,5.684,5.797,5.918,6.025,6.151,6.258,6.391,6.477,6.603,6.728,6.868,6.974,7.106,7.275,7.392,7.518,7.654,7.775,7.912,8.045,8.201,8.365,8.500,8.734,8.834,8.952,9.047,9.165,9.229,9.403,9.617,9.774,9.949,10.069,10.197,
1,77,0.145,0.249,0.395,0.543,0.672,0.813,0.944,1.068,1.197,1.339,1.452,1.563,1.673,1.840,1.967,2.090,2.227,2.364,2.513,2.646,2.772,2.906,3.073,3.205,3.556,3.693,3.822,3.953,4.113,4.267,4.424,4.553,4.686,4.809,5.065,5.245,5.397,5.531,5.647,5.779,5.998,6.118,6.301,
1,78,0.079,0.246,0.491,0.648,0.812,1.045,1.229,1.395,1.586,1.810,1.974,2.099,2.237,2.335,2.473,2.556,2.678,2.821,2.960,3.087,3.218,3.396,3.520,3.664,3.797,3.903,4.042,4.206,4.341,4.514,4.647,4.774,4.897,5.014,5.147,5.210,5.355,5.467,5.593,5.734,5.898,6.094,6.247,
1,79,0.064,0.191,0.312,0.421,0.540,0.752,0.956,1.058,1.188,1.294,1.413,1.659,1.781,1.900,2.016,2.100,2.233,2.311,2.523,2.646,2.736,2.864,2.985,3.100,3.213,3.350,3.461,3.678,3.795,3.911,4.151,4.321,4.432,4.539,4.651,4.739,4.843,5.033,5.183,5.351,5.528,5.679,5.827,5.986,6.152,6.288,6.454,6.602,6.769,6.924,7.107,7.269,7.410,7.570,7.736,7.890,8.051,8.189,8.353,8.482,8.636,8.797,8.949,9.107,9.270,9.400,9.542,9.702,9.851,10.020,10.175,10.354,10.493,10.654,10.810,10.966,11.120,11.280,11.438,11.587,11.771,11.906,12.075,12.238,
1,80,0.158,0.312,0.465,0.611,0.745,0.899,1.028,1.161,1.265,1.649,1.790,1.950,2.108,2.266,2.406,2.558,2.711,2.868,3.023,3.172,3.315,3.464,3.617,3.773,3.905,4.068,4.217,
1,81,0.147,0.290,0.441,0.597,0.764,0.927,1.147,1.305,1.464,1.648,1.789,1.949,2.122,2.288,2.449,2.606,2.772,2.928,3.080,3.243,3.399,3.559,3.712,3.861,4.019,4.176,4.341,4.516,4.686,4.856,5.191,5.352,5.516,5.669,5.827,5.988,6.157,6.330,6.493,6.667,6.814,7.002,7.160,7.348,7.529,7.712,7.908,8.088,8.321,8.518,8.686,8.911,9.104,9.293,9.453,9.616,9.795,9.963,10.152,10.315,10.485,10.659,10.837,11.051,11.218,11.389,11.607,11.784,11.993,12.179,12.335,12.496,12.697,12.886,13.071,13.289,13.469,13.643,13.841,14.020,14.200,
