0,1,0.171,0.295,0.454,0.599,0.764,0.909,1.077,1.227,1.397,1.534,1.689,1.853,2.014,2.172,2.333,2.497,2.658,2.831,2.988,3.158,3.316,3.467,3.648,3.790,3.960,4.116,4.280,4.446,4.613,4.775,4.941,5.116,5.281,5.451,5.622,5.798,5.969,6.150,6.303,6.479,6.653,6.815,6.989,7.160,7.335,7.517,7.682,7.865,8.042,8.232,8.420,8.606,8.782,8.963,9.151,9.342,9.518,9.691,9.885,10.154,10.369,
0,1,0.217,0.518,0.775,1.061,1.385,1.731,2.036,2.367,2.727,3.044,3.377,3.741,4.065,4.397,4.712,5.027,5.371,5.713,6.067,6.394,6.703,7.053,7.373,7.692,7.997,8.336,8.639,8.982,9.307,9.626,9.943,
0,1,0.044,0.366,0.642,0.938,1.244,1.563,1.839,
0,1,0.278,0.572,0.872,1.179,1.478,1.808,
2,1,0.075,0.396,0.716,1.109,
2,2,0.246,0.535,0.893,
2,3,0.266,0.586,0.934,1.300,1.650,
2,4,0.167,0.457,0.801,1.151,1.518,
2,5,0.046,0.401,0.714,1.066,1.450,
2,6,0.033,0.400,0.715,1.052,1.453,
2,7,0.032,0.351,0.649,0.938,1.317,
2,8,0.147,0.437,0.744,1.034,1.398,
2,9,0.266,0.561,0.866,1.173,1.530,
2,10,0.268,0.533,0.824,1.152,1.444,
2,11,0.075,0.390,0.677,0.961,1.296,
2,12,0.075,0.335,0.594,0.871,1.157,
2,13,0.250,0.478,0.701,
2,14,0.434,0.659,0.914,1.127,1.387,
2,15,0.418,0.660,0.898,1.148,1.398,
2,16,0.333,0.579,0.797,1.017,
2,17,0.230,0.442,0.701,0.966,
2,18,0.312,0.531,0.799,1.068,1.355,
2,19,0.261,0.479,0.774,1.054,1.367,
2,20,0.326,0.539,0.774,1.031,1.321,
2,21,0.283,0.543,0.805,1.119,1.402,
2,22,0.312,0.541,0.768,1.053,
2,23,0.220,0.470,0.745,1.016,1.286,
2,24,0.325,0.552,0.835,
2,25,0.227,0.427,0.681,0.922,1.197,
2,26,0.277,0.515,
2,27,0.296,0.537,0.812,1.084,1.354,
2,28,0.169,0.360,0.672,
2,29,0.490,0.704,0.936,1.203,1.456,
2,30,0.266,0.481,0.724,0.968,1.237,1.497,
2,31,0.237,0.450,0.663,0.929,1.215,
2,32,0.105,0.319,0.572,0.836,
2,33,0.244,0.482,0.714,0.962,
2,34,0.304,0.523,
2,35,0.267,0.481,
2,36,0.251,0.474,0.692,0.928,1.148,1.369,1.693,
2,37,0.273,0.494,0.708,0.927,
2,38,0.266,0.450,0.675,0.949,
2,39,0.213,0.475,0.706,0.976,
2,40,0.138,0.389,0.688,1.026,
2,41,0.263,0.532,0.799,1.070,
2,42,0.055,0.322,0.580,0.904,
2,43,0.271,0.478,0.750,1.100,
2,44,0.255,0.492,0.723,1.022,
2,45,0.230,0.460,
2,46,0.224,0.469,0.729,0.992,
2,47,0.274,0.531,0.771,1.052,
2,48,0.199,0.437,0.692,0.967,
2,49,0.238,0.500,
2,50,0.230,0.459,0.699,0.954,
2,51,0.235,0.492,0.717,0.962,
2,52,0.252,0.525,
2,53,0.086,0.310,0.545,0.785,
2,54,0.049,0.304,0.539,0.763,
2,55,0.234,0.469,0.690,0.967,
2,56,0.242,0.492,0.727,0.985,
2,57,0.244,0.485,0.745,
2,58,0.432,0.652,0.933,
2,59,0.265,0.515,0.868,
2,60,0.295,0.548,0.816,1.127,
2,61,0.266,0.485,0.701,0.912,
2,62,0.315,0.538,0.745,0.956,
2,63,0.150,0.348,0.623,1.051,
2,64,0.265,0.616,0.948,1.253,
2,65,0.216,
2,66,0.399,
2,67,0.266,0.543,0.899,1.230,
2,68,0.269,0.519,0.776,1.096,
2,69,0.242,0.523,0.788,1.085,
2,70,0.270,0.496,0.805,1.043,
2,71,0.337,0.626,0.874,1.161,
2,72,0.297,0.546,0.812,1.104,
2,73,0.218,0.457,0.711,0.962,
2,74,0.298,0.613,0.863,
2,75,0.375,0.588,0.819,1.039,
2,76,0.259,0.459,0.709,
2,77,0.247,0.458,0.671,0.899,
2,78,0.267,0.489,
2,79,0.270,0.480,0.695,0.911,
2,80,0.266,0.467,0.664,0.857,
2,81,0.273,0.439,0.640,0.793,
2,82,0.290,0.524,0.746,0.966,
2,83,0.267,0.486,0.741,0.984,
2,84,0.127,0.336,0.544,0.760,
2,85,0.265,0.443,0.649,0.842,
2,86,0.272,0.475,0.709,0.950,1.272,
2,87,0.153,0.338,0.551,0.766,
2,88,0.088,0.267,0.474,
2,89,0.275,0.471,0.665,0.867,
2,90,0.228,0.434,0.642,0.803,
2,91,0.106,0.313,0.494,
2,92,0.262,0.502,0.726,
2,93,0.267,0.491,0.734,0.960,
2,94,0.122,0.336,0.566,0.807,
2,95,0.244,0.547,0.802,1.156,
2,96,0.326,0.572,0.921,
2,97,0.221,0.493,0.837,1.234,1.615,
2,98,0.275,0.543,0.892,1.335,1.751,
2,99,0.238,0.463,0.694,0.948,1.314,
2,100,0.025,0.271,0.525,0.803,1.146,
2,101,0.071,0.333,0.615,0.929,1.284,
2,102,0.252,0.492,0.777,1.062,1.460,
2,103,0.209,0.467,0.751,1.114,1.426,
2,104,0.441,0.688,1.034,1.372,1.760,
2,105,0.150,0.400,0.692,1.017,1.375,
2,106,0.222,0.525,0.775,1.073,1.414,
2,107,0.160,0.411,0.621,0.873,1.201,
2,108,0.193,0.431,0.677,0.894,
2,109,0.293,
2,110,0.142,0.389,0.725,1.125,1.560,
2,111,,
2,112,0.346,0.742,1.148,1.530,
2,113,0.265,0.495,0.812,1.148,1.462,
2,114,0.285,0.555,0.871,1.204,
2,115,0.296,0.490,
2,116,0.330,0.551,0.774,
2,117,0.266,0.485,0.822,1.115,1.438,
2,118,0.275,0.542,0.846,
2,119,0.236,0.474,0.777,1.037,1.360,1.676,
2,120,0.272,0.620,
2,121,0.036,0.320,0.670,0.999,1.368,
2,122,0.245,0.681,0.971,1.311,1.694,
2,123,0.224,0.582,0.936,
2,124,0.104,0.456,0.741,
2,125,0.165,0.420,0.776,1.068,1.396,
2,126,0.270,0.513,0.795,
2,127,0.149,0.399,0.649,0.934,1.266,
2,128,0.281,0.555,0.906,1.240,
2,129,0.026,0.293,0.615,0.920,1.282,
2,130,0.115,0.375,0.690,1.033,1.416,
2,131,0.277,0.532,0.904,
2,132,0.273,
2,133,0.383,0.683,1.044,1.363,
2,134,0.204,0.472,0.771,1.037,1.374,
2,135,0.286,0.620,0.998,1.397,
2,136,0.240,0.625,0.984,1.377,1.784,
2,137,0.206,0.498,0.781,1.071,1.362,
2,138,0.214,0.517,0.918,1.188,1.530,
2,139,0.291,0.711,1.022,1.389,1.799,
2,140,0.272,0.465,0.799,1.112,1.547,1.980,2.308,2.640,
2,141,0.237,0.653,
2,142,0.271,0.681,
2,143,0.293,0.602,1.078,1.511,1.912,
2,144,0.265,0.695,1.173,1.649,2.122,
2,145,0.081,0.433,0.894,1.333,1.780,
2,146,0.275,0.728,1.196,1.654,
2,147,0.289,0.667,1.023,1.355,1.774,2.113,
2,148,0.261,0.491,0.697,0.902,
2,149,0.323,0.581,0.925,1.298,1.717,
2,150,0.226,0.501,0.764,1.066,1.435,1.702,
2,151,0.274,
2,152,0.152,0.422,0.715,
2,153,0.169,0.432,0.738,1.110,1.477,
2,154,0.173,0.608,0.830,1.083,1.308,1.547,1.798,2.038,
2,155,0.240,0.538,0.791,1.057,1.350,1.720,
2,156,0.329,0.613,0.865,
2,157,0.227,0.515,0.749,0.990,1.201,1.416,1.611,
2,158,0.215,0.427,
2,159,0.227,0.473,0.710,0.934,1.176,1.406,
2,160,0.271,0.592,
2,161,0.186,0.520,0.859,1.164,1.491,1.793,
2,162,0.170,0.438,0.712,0.997,1.384,1.698,
2,163,0.188,0.474,0.857,1.170,1.579,
2,164,0.160,0.431,0.700,0.956,1.206,1.453,
2,165,0.267,0.527,
2,166,0.272,0.554,0.809,1.074,1.329,
2,167,0.028,0.265,0.716,0.914,1.127,1.342,
2,168,0.242,0.517,0.843,
2,169,0.234,0.524,0.794,1.088,1.360,1.641,
2,170,0.112,0.355,0.586,0.822,1.054,1.277,1.438,1.674,
2,171,0.227,0.443,0.644,0.851,1.034,1.240,1.421,1.620,1.806,
2,172,0.293,0.538,0.852,1.176,1.563,
2,173,0.181,0.444,0.714,1.000,
2,174,0.251,0.522,0.853,1.218,1.544,
2,175,0.275,0.745,1.180,1.612,
2,176,0.320,0.773,1.219,1.651,
2,177,0.056,0.465,0.825,1.186,1.558,
2,178,0.112,0.479,0.868,1.235,1.608,
2,179,0.176,0.566,0.928,
2,180,0.225,0.552,0.896,
2,181,0.116,0.464,0.845,1.227,1.594,
2,182,0.300,0.649,0.946,1.337,1.766,
2,183,0.150,0.529,0.954,1.415,
2,184,0.233,0.652,1.019,1.449,1.886,
2,185,0.369,
2,186,0.047,0.397,0.794,1.029,1.268,1.514,
2,187,0.207,0.438,0.649,0.852,1.044,1.238,1.431,1.612,
2,188,0.298,0.521,0.806,1.119,
2,189,0.276,0.523,
2,190,0.264,0.492,
2,191,0.227,0.419,0.649,0.855,1.053,1.266,1.429,
2,192,0.270,0.479,
2,193,,
2,194,0.188,0.409,0.639,0.889,1.106,1.502,
2,195,0.270,0.462,0.663,0.845,1.047,1.224,1.420,1.591,1.800,
2,196,0.323,0.547,0.767,0.972,1.188,1.401,1.561,1.737,
2,197,0.198,0.397,0.577,0.707,0.924,1.099,1.294,1.456,1.657,1.845,
2,198,0.231,0.446,0.646,0.827,0.956,1.187,1.368,1.566,1.752,1.967,2.356,
2,199,0.237,0.436,0.647,0.752,0.983,1.162,1.342,1.532,1.724,
2,200,0.068,0.281,0.416,0.641,0.804,0.994,1.170,1.358,1.542,1.731,1.911,2.040,
2,201,0.345,0.544,0.769,0.913,1.136,1.326,1.519,1.697,1.886,2.061,2.251,2.432,2.608,
2,202,0.219,0.428,0.614,0.809,0.994,1.196,1.371,1.565,1.768,
2,203,0.210,0.399,0.589,0.766,0.963,1.149,1.317,1.516,1.714,1.900,2.053,2.418,
2,204,0.042,0.317,0.562,0.812,
2,205,0.247,0.447,0.677,0.929,1.173,1.396,1.621,1.827,
2,206,0.160,0.403,0.561,0.801,1.026,1.229,1.435,1.671,
2,207,0.285,0.517,0.767,0.983,1.241,1.455,1.668,1.820,2.089,
2,208,0.244,0.472,0.727,0.936,
2,209,0.059,0.277,0.493,0.690,0.943,1.161,1.373,1.569,1.783,1.972,
2,210,0.143,0.299,0.554,0.773,0.990,1.207,1.408,1.601,1.792,1.971,2.155,
2,211,0.211,0.401,
2,212,0.209,0.404,0.614,0.838,1.066,1.268,
2,213,0.199,0.452,0.655,0.898,1.068,1.264,1.467,1.658,
2,214,0.040,0.273,0.481,0.694,0.908,1.100,1.306,1.496,1.687,1.891,
2,215,0.284,0.471,0.697,0.908,1.134,1.339,1.527,1.735,
2,216,0.237,0.456,0.686,0.922,1.149,1.366,1.577,
2,217,0.221,0.470,0.828,1.160,
2,218,0.264,0.510,0.809,
2,219,0.268,0.536,0.821,
2,220,0.245,0.465,0.700,0.972,1.237,1.492,1.732,1.958,2.252,
2,221,0.104,0.360,0.600,0.825,1.037,1.233,1.439,1.639,
2,222,0.116,0.353,0.574,0.706,0.966,1.165,1.367,1.577,1.768,
2,223,0.112,0.337,0.538,0.735,0.911,1.089,1.274,1.465,1.643,1.809,1.970,
2,224,0.246,0.447,0.789,0.971,1.150,1.343,1.527,1.727,
2,225,0.199,0.460,0.736,1.016,1.288,1.554,1.817,2.071,
2,226,0.179,0.441,
2,227,0.241,0.471,0.715,0.968,1.191,1.419,1.622,1.942,2.105,2.332,2.531,2.746,2.942,
2,228,0.208,0.419,0.639,0.809,1.000,1.186,1.389,1.562,1.773,1.956,2.127,2.322,2.523,2.684,2.868,
2,229,0.038,0.250,0.476,0.704,0.949,1.166,1.311,1.545,1.721,1.908,2.096,2.272,
2,230,0.150,0.312,0.499,
2,231,0.117,0.305,0.491,
2,232,0.115,0.300,0.523,0.686,0.875,
2,233,0.312,0.497,
2,234,0.192,0.398,0.564,0.765,0.956,1.149,1.338,1.516,1.693,1.899,2.058,2.238,2.542,2.776,
2,235,0.077,0.394,0.598,0.806,1.021,1.213,1.430,1.622,1.816,
2,236,0.092,0.342,0.554,0.749,0.945,1.163,1.343,1.532,1.723,
2,237,0.248,0.434,0.650,0.817,1.017,1.204,1.400,1.590,1.796,2.017,
2,238,0.166,0.393,0.583,0.783,0.996,1.175,1.368,1.576,1.767,1.950,2.151,
2,239,0.082,0.319,0.517,0.690,0.870,1.047,1.234,1.600,1.727,1.901,
2,240,0.224,0.437,
2,241,0.158,0.408,0.571,0.749,0.963,1.146,1.337,1.535,1.730,
2,242,0.042,0.242,0.443,0.649,0.852,1.071,1.303,1.520,1.736,
2,243,0.030,0.240,0.443,0.647,0.839,1.021,1.216,1.401,1.593,1.790,1.991,2.198,
2,244,0.167,0.363,0.554,0.736,0.925,
2,245,0.038,0.225,0.438,0.639,0.821,1.022,1.193,1.406,1.599,1.795,2.000,2.194,2.399,2.594,2.798,2.993,3.211,3.405,
2,246,0.035,0.246,0.469,0.664,0.872,1.118,1.386,1.636,
