0,1,0.188,0.370,0.777,0.963,1.171,1.466,1.698,1.968,2.176,2.414,2.691,2.914,3.111,3.397,3.590,3.813,4.056,4.309,4.534,4.789,5.025,5.282,5.545,5.765,5.967,
0,1,,
0,1,0.162,0.332,0.501,0.676,0.852,
0,1,0.231,0.416,0.637,0.780,1.028,1.201,
2,1,0.163,0.376,0.597,0.836,1.062,1.270,1.562,1.730,2.023,2.264,2.532,2.837,3.095,3.370,3.672,3.957,4.243,4.554,4.784,5.113,5.351,
2,2,0.096,0.396,0.607,0.859,1.107,1.397,1.650,1.924,2.181,2.451,2.764,3.051,3.328,3.648,3.925,4.231,4.571,4.902,5.222,
2,3,0.244,0.443,0.643,0.897,1.100,1.319,1.567,1.769,2.010,2.260,2.511,2.770,3.052,3.317,3.611,3.876,4.145,4.420,4.684,4.954,5.237,5.473,5.741,5.978,6.269,6.519,6.791,7.078,7.361,7.646,7.897,8.163,
2,4,0.245,0.486,0.741,1.197,1.432,1.668,1.942,2.200,2.442,2.708,2.941,3.200,3.448,3.720,3.965,4.220,4.473,4.728,4.966,5.245,
2,5,0.191,0.522,0.796,1.074,1.364,1.618,1.889,2.164,2.434,2.675,2.958,3.204,3.476,3.726,3.986,4.280,4.551,4.828,5.122,5.418,5.707,5.967,6.242,
2,6,0.179,0.464,0.736,0.989,1.267,1.542,1.811,2.079,2.336,2.588,2.866,3.151,3.389,3.642,3.922,4.161,4.428,4.679,4.963,5.209,5.474,5.743,5.993,
2,7,0.094,0.428,0.645,0.892,1.164,1.409,1.664,1.892,2.167,2.409,2.655,2.893,3.143,3.360,3.643,3.846,4.105,4.348,4.591,4.824,5.082,5.319,5.522,5.811,6.057,6.280,6.536,6.787,7.028,7.295,7.564,7.837,
2,8,0.138,0.355,0.531,0.722,0.934,1.145,1.370,1.579,1.804,2.022,2.222,2.426,2.639,2.846,3.064,3.273,3.523,3.738,3.988,4.219,4.481,4.726,4.998,5.274,5.501,5.774,6.081,6.367,6.641,6.948,7.275,7.618,7.909,
2,9,0.360,0.624,0.873,1.133,1.401,1.685,1.990,2.267,2.558,2.894,3.234,3.518,3.830,4.126,4.429,4.711,4.986,
2,10,0.036,0.293,0.603,0.833,1.110,1.427,1.700,1.969,2.282,
2,11,0.152,0.401,0.635,0.885,1.152,1.320,1.613,1.874,2.117,2.386,2.638,2.908,3.206,3.480,3.770,4.020,4.297,4.547,4.859,5.137,5.371,5.637,5.897,6.174,
2,12,0.053,0.270,0.497,0.714,0.941,1.194,1.454,1.675,1.927,2.185,2.499,
2,13,0.211,0.465,0.773,1.018,1.288,1.552,1.894,2.178,2.468,2.761,3.023,3.277,3.575,3.857,4.145,4.396,4.685,4.933,5.195,5.465,5.740,6.020,6.332,6.582,6.853,7.106,7.356,7.647,
2,14,,
2,15,0.212,0.452,0.665,0.899,1.149,1.399,1.649,1.916,2.195,2.501,2.796,3.061,3.318,3.592,3.868,4.194,4.440,4.712,5.024,5.309,5.589,
2,16,0.057,0.312,0.576,0.824,1.065,1.314,1.545,1.807,2.087,2.337,2.580,2.840,3.097,3.360,3.590,3.828,4.041,4.247,
2,17,0.121,0.376,0.649,0.906,1.230,1.565,1.906,2.238,2.536,2.893,3.227,3.578,3.863,4.134,4.406,4.693,4.963,5.245,5.528,5.781,
2,18,0.153,0.395,0.602,0.823,1.036,1.269,1.496,1.734,1.956,2.202,2.450,2.710,2.940,3.192,3.448,3.703,3.962,4.237,4.483,4.711,4.955,5.228,5.487,5.743,6.038,6.303,6.541,6.786,7.022,
2,19,0.219,0.489,0.739,0.974,1.225,1.517,1.767,2.024,2.314,2.586,2.847,3.117,3.397,3.666,3.927,4.197,4.449,4.694,4.954,5.229,5.479,5.743,6.000,6.276,6.569,6.824,7.054,7.309,7.550,
2,20,0.273,0.527,0.794,1.084,1.371,1.665,1.938,2.226,
2,21,0.026,0.299,0.554,0.809,1.073,1.346,1.621,1.900,2.163,2.431,2.681,2.948,3.220,3.485,3.767,4.040,4.304,4.579,4.866,5.145,5.412,5.667,5.945,6.242,6.497,6.751,
2,22,0.277,0.513,0.760,1.020,1.314,1.594,1.914,2.235,2.552,2.816,3.145,3.415,3.690,3.974,4.273,
2,23,0.055,0.372,0.641,0.888,1.162,1.462,1.739,2.000,2.242,2.522,2.772,3.035,3.309,3.574,3.840,4.108,4.337,4.570,4.822,5.065,5.303,5.553,5.823,6.071,6.306,6.544,6.791,
2,24,0.220,0.478,0.729,0.953,1.176,1.400,1.650,1.852,2.107,2.345,2.615,2.856,3.086,3.329,3.593,3.871,4.134,
2,25,0.036,0.315,0.578,0.819,1.068,1.353,1.650,1.920,2.222,
2,26,0.028,0.285,0.523,0.761,1.014,1.261,1.498,1.762,2.023,2.307,2.624,2.896,3.195,3.462,3.763,4.013,4.323,4.615,4.930,5.245,5.551,5.897,6.194,6.514,6.833,7.198,7.522,7.855,8.148,8.494,
2,27,0.250,0.532,0.691,0.974,1.221,1.476,1.723,1.993,2.273,2.542,2.834,3.159,3.434,3.743,4.023,4.322,4.585,4.828,5.073,5.306,5.551,5.811,6.059,6.323,6.603,6.861,7.142,7.392,7.623,7.874,8.102,
2,28,0.274,0.524,0.967,1.198,1.451,1.737,2.027,2.332,2.611,2.895,3.169,3.424,3.679,3.924,4.172,4.449,4.709,4.984,5.251,5.524,5.776,6.043,6.297,6.583,6.837,7.143,7.394,7.647,7.894,8.144,8.394,8.628,8.894,
2,29,0.102,0.361,0.588,0.827,1.085,1.345,1.633,1.894,2.134,2.386,2.797,3.057,3.319,3.589,3.874,4.140,4.436,4.683,4.933,5.176,5.430,5.686,5.932,6.174,6.445,6.710,6.964,
2,30,0.120,0.368,0.616,0.866,1.114,1.365,1.597,1.830,2.060,2.307,2.590,2.845,3.127,3.370,3.622,3.903,4.144,4.413,4.658,4.936,5.192,5.468,5.735,5.988,6.263,
2,31,0.091,0.354,0.603,0.836,1.121,1.395,1.682,1.949,2.246,2.545,2.842,3.122,3.408,3.675,3.948,4.205,4.490,4.763,5.039,5.306,5.568,5.824,6.068,6.314,6.538,6.812,
2,32,0.114,0.394,0.686,0.986,1.214,1.528,1.773,2.020,2.270,2.520,2.795,3.070,3.324,3.557,3.812,4.085,4.341,4.585,4.824,5.080,5.306,5.531,5.772,6.022,6.252,6.500,6.751,
2,33,0.172,0.425,0.663,0.921,1.173,1.411,1.670,1.937,2.191,2.455,2.738,2.981,3.234,3.455,3.697,3.949,4.202,4.469,4.739,4.992,5.272,5.522,5.779,6.026,6.247,6.495,6.773,7.035,7.318,
2,34,0.099,0.322,0.558,0.810,1.070,1.335,1.622,1.895,2.159,2.423,2.699,2.964,3.222,3.522,3.782,4.029,4.273,4.560,4.820,5.089,5.366,5.640,5.872,6.113,
2,35,0.196,0.447,0.714,0.954,1.195,1.432,1.690,1.960,2.207,2.489,2.750,2.997,3.270,3.514,3.766,4.011,4.261,4.558,4.787,5.037,5.293,5.548,5.780,6.043,
2,36,0.268,0.519,0.729,0.952,1.177,1.386,1.603,1.848,2.112,2.415,2.643,2.833,3.065,3.270,3.452,3.664,3.868,4.071,
2,37,0.226,0.466,0.675,0.898,1.083,1.297,1.515,1.701,1.898,2.098,2.280,2.490,2.686,2.899,3.303,3.516,3.711,3.899,4.104,4.311,4.538,4.736,4.934,5.150,5.309,5.517,5.714,5.900,6.178,6.389,6.606,6.819,
2,38,0.286,0.533,0.764,0.973,1.191,1.425,1.705,2.018,2.281,2.582,2.996,3.359,3.718,4.075,4.399,4.699,5.016,5.323,5.591,5.784,5.968,6.162,6.341,
2,39,0.047,0.280,0.496,0.717,0.915,1.141,1.360,1.574,1.789,1.997,2.215,2.436,2.651,2.861,3.072,3.279,3.525,3.723,3.928,4.142,4.366,4.609,4.842,5.075,5.301,5.559,5.774,5.992,6.247,
2,40,0.093,0.321,0.550,0.767,0.982,1.203,1.429,1.664,1.894,2.124,2.302,2.560,2.775,2.998,3.216,3.458,3.694,3.932,4.189,
2,41,0.193,0.441,0.679,0.895,1.145,1.543,1.762,2.023,2.280,2.573,2.850,3.125,3.413,3.646,3.896,4.121,4.350,4.605,4.851,5.113,5.364,5.611,5.897,6.147,6.377,6.605,6.835,7.063,7.296,7.514,7.738,7.973,8.190,8.413,8.652,8.875,9.120,9.369,9.614,9.839,10.075,10.300,10.543,
2,42,0.176,0.426,0.664,0.902,1.154,1.414,1.675,1.918,2.170,2.422,2.724,2.957,3.206,3.450,3.724,3.959,4.195,4.419,4.666,4.876,5.102,5.322,5.542,5.731,
2,43,0.081,0.312,0.554,0.821,1.044,1.272,1.517,1.752,1.973,2.196,2.412,2.645,2.851,3.087,3.320,3.558,3.821,4.049,4.262,4.486,4.698,4.928,5.161,5.396,5.618,5.829,6.041,6.242,6.446,6.647,6.857,7.063,7.264,
2,44,0.240,0.475,0.674,0.922,1.105,1.355,1.595,1.833,2.091,2.331,2.608,2.807,3.032,3.282,3.493,3.696,3.911,4.125,4.354,4.564,4.785,5.018,5.241,5.461,5.689,5.907,6.097,6.286,6.519,
2,45,0.083,0.304,0.521,0.750,0.984,1.232,1.527,1.736,1.968,2.213,2.433,2.661,2.892,3.124,3.342,3.591,3.840,4.078,4.288,4.519,4.729,4.954,5.168,5.386,5.610,5.868,6.209,6.467,6.703,6.908,
2,46,0.161,0.420,0.668,0.894,1.126,1.375,1.601,1.822,2.064,2.227,2.463,2.689,2.895,3.112,3.335,3.546,3.746,3.964,4.145,4.399,4.606,4.813,5.029,5.234,5.458,5.673,5.896,6.127,6.338,
2,47,0.150,0.447,0.730,0.940,1.244,1.479,1.698,1.928,2.161,2.391,2.641,2.863,3.104,3.344,3.575,3.810,4.021,4.264,4.526,4.751,4.988,5.214,5.425,5.616,5.804,6.010,6.217,6.420,6.621,6.836,7.049,7.248,7.461,7.669,7.945,
2,48,0.044,0.295,0.544,0.763,0.997,1.231,1.458,1.699,1.917,2.147,2.397,2.647,2.860,3.105,3.347,3.581,3.811,4.027,4.246,
2,49,0.214,0.427,0.677,0.900,1.170,1.429,1.673,2.077,2.268,2.496,2.768,3.045,3.325,3.525,3.781,3.996,4.249,4.498,4.746,4.981,5.217,5.437,5.668,5.891,6.110,6.341,6.566,6.812,7.062,7.322,7.569,7.837,8.106,8.490,8.771,8.985,9.214,9.451,9.659,
2,50,0.034,0.261,0.475,0.690,0.919,1.145,1.362,1.582,1.812,2.033,2.271,2.493,2.716,2.952,3.161,3.372,3.605,3.843,4.085,4.309,4.540,4.763,4.987,5.179,5.426,5.627,5.845,6.068,6.288,6.517,6.749,6.982,7.165,7.425,7.626,7.836,8.071,8.304,8.540,8.777,9.015,9.455,9.691,9.858,10.108,10.329,
2,51,0.216,0.427,0.670,0.898,1.167,1.425,1.682,1.955,2.244,2.517,2.785,2.996,3.210,3.434,3.663,3.909,4.188,4.447,4.676,4.915,5.117,5.347,5.588,5.826,6.069,
2,52,0.123,0.343,0.561,0.773,1.017,1.242,1.476,1.690,1.950,2.198,2.423,2.666,2.918,3.151,3.404,3.662,3.905,4.147,4.419,4.650,4.885,5.115,5.352,5.600,5.886,6.090,6.331,6.554,6.794,7.020,7.270,7.465,7.695,7.918,8.143,8.387,8.604,8.825,9.051,9.288,9.502,9.735,9.968,10.174,
2,53,0.119,0.372,0.648,0.858,1.105,1.326,1.538,1.768,1.996,2.215,2.467,2.695,2.909,3.149,3.356,3.584,3.818,4.064,
2,54,0.196,0.439,0.663,0.903,1.150,1.400,1.646,1.926,2.171,2.438,2.718,2.951,3.196,3.439,3.682,3.944,4.189,4.432,4.680,4.939,5.171,5.437,5.670,5.915,6.150,
2,55,0.157,0.390,0.635,0.870,1.110,1.333,1.568,1.789,2.019,2.270,2.520,2.770,3.023,3.300,3.547,3.800,4.059,4.310,4.555,4.822,5.053,5.281,5.521,5.743,5.964,6.209,
2,56,0.108,0.353,0.646,0.900,1.174,1.400,1.669,1.909,2.172,2.444,2.687,2.952,3.199,3.432,3.687,3.942,4.173,4.418,4.661,4.905,5.152,5.399,5.596,5.820,6.033,6.266,6.489,6.725,6.975,7.226,7.483,7.741,7.979,8.236,8.461,8.678,8.923,9.170,9.418,9.653,9.884,10.096,10.324,10.550,10.768,10.985,11.199,11.405,11.652,11.869,
2,57,0.266,0.516,0.748,1.016,1.240,1.485,1.729,1.963,2.200,2.444,
2,58,0.114,0.388,0.638,0.865,1.141,1.417,1.675,1.990,2.240,
2,59,0.189,0.459,0.719,0.930,1.398,1.610,1.856,2.115,2.298,2.599,2.844,3.077,3.315,3.605,3.899,4.149,
2,60,0.051,0.319,0.527,0.774,0.999,1.242,1.488,1.729,1.983,2.245,2.518,2.706,2.902,3.145,3.367,3.597,3.830,4.093,
2,61,0.040,0.281,0.527,1.024,1.498,1.774,1.977,2.242,2.465,2.724,2.933,3.232,3.525,3.734,4.009,4.498,4.776,5.063,5.301,5.572,5.816,6.093,6.346,6.591,6.834,7.059,7.336,7.545,7.800,8.070,8.327,8.572,8.822,9.041,9.273,9.540,9.806,10.033,10.278,10.526,10.798,11.055,11.323,11.568,11.797,12.034,12.280,12.513,12.722,12.953,13.198,13.439,13.647,
2,62,0.223,0.466,0.707,0.950,1.180,1.407,1.650,1.901,2.125,2.368,2.601,2.866,3.126,3.362,3.611,3.869,4.135,4.385,4.621,4.885,5.135,5.405,5.658,5.914,6.156,
2,63,0.052,0.282,0.513,0.750,0.975,1.208,1.456,1.701,1.939,2.188,2.420,2.674,2.902,3.148,3.398,3.648,3.898,4.118,4.373,4.610,4.856,5.084,5.347,5.570,5.785,6.031,6.280,6.516,6.766,6.981,7.220,7.464,7.712,7.979,8.211,8.445,8.686,8.915,9.171,9.406,9.651,9.901,10.127,10.364,10.606,10.846,11.082,11.320,11.555,
2,64,0.225,0.465,0.696,0.932,1.167,1.400,1.647,1.897,2.114,2.335,2.584,2.828,3.036,3.212,3.472,3.685,3.930,4.152,
2,65,0.069,0.290,0.516,0.817,1.042,1.288,1.514,1.780,1.996,2.243,2.496,2.764,2.994,3.274,3.514,3.765,4.015,4.265,4.497,4.765,5.022,5.265,5.522,5.766,6.016,6.266,6.526,6.766,6.998,7.243,7.459,7.687,7.927,8.163,8.400,8.643,8.891,9.123,9.389,9.609,9.834,10.064,10.287,10.555,10.812,11.067,11.327,11.577,11.828,12.073,
2,66,0.160,0.405,0.660,0.913,1.173,1.445,1.686,1.948,2.213,2.480,2.733,2.995,3.250,3.487,3.726,3.985,4.238,4.481,4.714,4.947,5.180,5.419,5.648,5.877,6.108,6.346,6.570,6.800,7.065,7.278,7.486,7.718,7.942,8.157,8.399,8.622,8.900,9.165,9.406,9.660,9.903,10.154,
2,67,0.031,0.309,0.574,0.825,1.237,1.501,1.746,1.986,2.234,2.484,2.736,2.974,3.246,3.538,3.771,4.013,4.263,4.516,4.772,5.065,5.315,5.609,5.847,6.105,6.345,6.582,6.843,7.076,7.335,7.595,7.833,8.074,8.309,8.579,8.831,9.067,9.300,9.572,9.803,10.045,10.305,10.535,10.775,11.016,11.431,11.656,11.900,12.120,
2,68,0.182,0.457,0.750,1.029,1.300,1.621,1.948,2.184,2.441,2.823,3.147,3.412,3.709,4.044,4.303,4.546,4.839,5.085,5.398,5.648,5.905,6.170,6.366,6.652,6.899,7.149,7.416,7.664,7.924,8.162,8.422,8.682,8.919,9.170,9.432,9.672,9.937,10.197,
2,69,0.179,0.459,0.680,0.922,1.182,1.415,1.908,2.158,2.435,2.637,3.082,3.330,3.580,3.867,4.138,4.424,4.687,4.989,5.247,5.529,5.809,6.052,6.293,
2,70,0.219,0.464,0.702,0.956,1.231,1.467,1.719,1.974,2.252,
2,71,0.199,0.450,0.689,0.910,1.141,1.383,1.634,1.863,2.108,2.368,2.608,2.884,3.081,3.346,3.564,3.797,4.057,4.298,4.573,4.810,5.036,5.293,5.543,5.818,6.076,6.326,6.569,6.801,7.051,7.304,7.542,7.802,8.064,
2,72,0.208,0.463,0.704,0.957,1.198,1.438,1.681,1.949,2.237,
2,73,0.134,0.443,0.654,0.914,1.162,1.428,1.664,1.902,2.167,2.427,2.686,2.942,3.202,3.473,3.769,4.019,4.289,
2,74,0.194,0.454,0.716,0.944,1.192,1.456,1.724,2.014,2.312,2.571,2.844,3.091,3.331,3.576,3.827,4.069,4.336,4.597,4.840,5.102,5.350,5.602,5.850,6.106,6.400,6.638,6.917,7.189,7.458,7.767,8.001,8.302,8.566,8.802,9.065,9.305,9.567,9.827,10.070,10.322,10.588,10.835,11.068,11.296,11.519,11.719,11.927,12.155,12.410,12.636,
2,75,0.068,0.353,0.575,0.811,1.073,1.331,1.608,1.873,2.179,2.435,2.720,2.963,3.225,3.518,3.839,4.085,
2,76,0.109,0.334,0.619,0.838,1.067,1.318,1.612,1.858,2.150,2.415,2.665,2.942,3.212,3.462,3.724,3.975,4.208,4.460,4.708,4.962,5.208,5.454,5.699,5.929,6.163,6.400,6.655,6.904,7.167,7.408,7.704,7.976,8.209,8.461,8.770,8.989,9.231,9.491,9.770,10.030,10.285,10.572,10.865,11.166,11.459,11.716,11.999,12.271,12.541,12.801,13.044,13.278,13.522,13.712,13.911,
2,77,0.107,0.348,0.626,0.871,1.120,1.394,1.644,1.876,2.106,2.315,2.535,2.768,2.995,3.233,3.458,3.706,3.944,4.210,4.459,4.746,4.989,5.239,5.484,5.725,5.967,6.234,6.497,6.750,6.992,7.245,7.513,7.781,8.060,8.306,8.553,8.818,9.092,9.331,9.546,9.806,10.065,10.294,10.534,10.802,11.049,11.300,11.802,12.030,12.248,
2,78,0.135,0.387,0.635,0.869,1.117,1.375,1.645,1.889,2.360,
2,79,0.096,0.360,0.590,0.845,1.088,1.353,1.583,1.816,2.038,2.282,2.527,2.799,3.030,3.270,3.474,3.715,3.984,4.250,4.475,4.745,4.973,5.208,5.426,5.684,5.912,6.147,6.395,6.601,6.830,7.055,7.262,7.548,7.781,8.036,8.293,8.593,8.793,9.077,9.327,9.584,9.839,10.103,
2,80,0.177,0.445,0.702,1.110,1.365,1.557,1.853,2.094,2.323,2.565,2.834,3.018,3.303,3.554,3.802,4.060,4.312,
2,81,0.149,0.376,0.607,0.817,1.297,1.583,1.766,2.070,2.373,2.650,2.900,3.195,3.452,3.722,4.042,4.319,4.584,4.889,5.159,5.441,5.730,6.022,
2,82,0.306,0.545,0.799,1.059,1.283,1.517,1.776,2.058,2.293,2.536,2.781,3.046,3.316,3.567,3.846,4.113,4.398,4.648,4.898,5.149,5.402,5.661,5.902,6.149,6.406,6.686,6.940,7.199,7.444,7.714,7.976,8.249,8.499,8.767,9.017,9.284,9.517,9.752,9.980,10.212,
2,83,0.231,0.494,0.727,0.954,1.193,1.465,1.770,2.045,2.337,2.610,2.891,3.194,3.500,3.731,3.960,4.224,4.472,4.710,4.966,5.252,5.546,5.772,6.077,6.359,
2,84,0.249,0.502,0.730,0.990,1.279,1.513,1.775,2.020,2.278,
2,85,0.069,0.344,0.560,0.790,1.033,1.288,1.518,1.748,2.001,2.231,2.464,2.690,2.931,3.408,3.609,3.868,4.113,4.360,4.603,4.839,5.072,5.287,5.520,5.749,6.001,6.230,6.480,6.745,6.973,7.219,7.465,7.694,7.946,8.184,
2,86,0.069,0.295,0.524,0.790,1.245,1.478,1.701,1.925,2.138,2.364,2.600,2.828,3.071,3.319,3.569,3.817,4.054,4.309,4.544,4.782,5.026,5.276,5.498,5.720,5.964,6.197,6.427,6.665,6.932,7.195,7.442,7.660,7.891,8.095,8.306,8.524,8.737,8.968,9.200,9.458,9.681,9.936,10.154,10.392,10.615,10.852,11.089,11.343,11.580,11.831,
2,87,0.092,0.340,0.619,0.892,1.158,1.393,1.643,1.876,2.125,2.346,2.595,2.842,3.073,3.312,3.564,3.807,4.028,4.266,4.498,4.761,4.998,5.261,5.511,5.738,5.961,6.199,6.431,6.670,6.927,7.145,7.363,7.608,7.836,8.068,8.308,8.545,8.786,9.030,9.287,9.530,9.763,10.000,10.246,10.478,10.716,10.949,11.184,11.430,11.675,11.910,12.118,
2,88,0.263,0.495,0.763,0.981,1.223,1.468,1.711,1.954,2.199,2.447,2.706,2.966,3.234,3.494,3.727,3.993,4.227,4.472,4.715,4.962,5.220,5.453,5.715,5.948,6.216,6.474,6.711,6.956,7.192,7.434,7.672,7.901,8.151,
2,89,0.468,0.705,0.985,1.239,1.530,1.871,2.122,2.365,2.572,2.818,3.031,3.294,3.549,3.794,4.047,4.287,
2,90,0.059,0.292,0.522,0.744,0.992,1.230,1.456,1.718,1.937,2.155,2.395,2.645,2.895,3.145,3.375,3.649,3.899,4.183,4.435,4.656,4.917,5.146,5.366,5.600,5.849,6.077,6.317,6.556,6.779,7.014,7.264,7.486,7.718,7.942,8.177,8.415,8.658,8.902,9.168,9.408,9.648,9.899,10.149,
2,91,0.150,0.403,0.650,0.870,1.123,1.367,1.606,1.848,2.086,2.367,2.611,2.844,3.062,3.295,3.521,3.750,3.990,4.248,4.518,4.786,5.046,5.330,5.600,5.875,6.066,6.301,6.551,6.792,7.035,7.270,7.501,7.770,7.982,8.214,8.487,8.743,8.968,9.224,9.463,9.709,9.938,10.172,10.415,10.638,10.875,11.115,11.340,11.570,11.815,12.053,12.299,12.548,12.787,13.045,13.273,
2,92,0.150,0.403,0.650,0.908,1.193,1.421,1.654,1.911,2.156,2.408,2.654,2.909,3.135,3.352,3.601,3.820,4.063,4.332,4.563,4.813,5.058,5.299,5.534,5.784,6.029,6.269,6.489,6.729,6.972,7.225,7.479,7.770,8.020,8.228,
2,93,0.077,0.400,0.650,0.869,1.119,1.413,1.692,1.957,2.179,2.426,2.649,2.884,3.106,3.329,3.555,3.793,4.028,4.268,4.488,4.728,4.948,5.196,5.426,5.653,5.886,6.110,6.348,6.581,6.831,7.084,7.319,7.557,7.785,8.035,8.286,8.527,8.747,9.021,9.271,9.521,9.745,9.990,10.221,10.435,10.667,10.865,11.086,11.321,11.551,11.779,12.022,12.200,
2,94,0.090,0.388,0.648,0.925,1.161,1.389,1.576,1.864,2.081,2.295,2.523,2.738,2.973,3.237,3.486,3.736,4.023,4.274,4.499,4.774,5.030,5.294,5.576,5.806,6.056,6.307,6.537,6.775,7.025,7.278,7.550,7.788,8.032,8.279,8.519,8.761,9.009,9.259,9.473,9.731,10.214,10.460,10.705,10.979,11.168,11.487,11.732,11.964,12.394,12.669,12.926,
2,95,0.104,0.354,0.595,0.813,1.035,1.251,1.481,1.701,1.927,2.155,2.375,2.598,2.819,3.063,3.290,3.520,3.746,3.995,4.428,4.644,4.870,5.074,5.295,5.524,5.747,5.971,6.204,6.435,6.678,6.972,7.182,7.423,7.668,7.920,8.142,8.389,8.618,8.868,9.099,9.319,9.550,9.773,9.997,10.218,10.432,10.644,10.870,11.097,11.296,11.501,11.712,11.915,12.141,12.391,12.615,12.855,13.076,13.299,13.525,
