0,1,0.153,0.403,0.656,0.896,1.108,1.336,1.559,1.797,2.050,2.301,2.548,2.806,3.060,3.308,3.563,3.808,4.049,4.294,4.553,4.823,5.106,5.378,5.649,5.899,6.149,6.399,6.656,6.899,7.153,7.399,7.653,7.903,8.150,8.400,8.650,8.872,9.125,9.400,9.651,9.908,10.161,
0,1,,
0,1,0.183,0.467,0.750,1.025,1.285,1.550,1.834,2.107,2.385,2.640,2.917,3.189,3.453,3.731,3.995,4.294,
0,1,0.151,0.438,0.710,0.997,1.247,
2,1,0.294,0.579,0.877,1.186,1.490,1.779,2.104,2.401,2.690,2.993,3.294,3.583,3.898,4.197,4.489,4.768,5.068,5.353,5.649,5.911,6.220,
2,2,0.028,0.346,0.648,0.949,1.237,1.495,1.762,2.082,
2,3,0.094,0.410,0.711,1.017,1.300,1.622,1.932,2.234,
2,4,0.219,0.549,0.826,1.149,1.438,1.734,2.047,2.354,2.653,2.965,3.266,3.584,3.900,4.189,4.517,4.838,5.136,5.440,5.746,6.050,
2,5,0.088,0.397,0.730,1.058,1.360,1.681,1.988,2.281,2.605,2.922,3.228,3.547,3.865,4.179,4.520,4.846,5.159,5.455,5.746,6.050,6.359,6.669,6.987,7.327,7.655,7.957,8.304,8.605,8.892,9.227,9.548,9.834,10.120,
2,6,0.238,0.552,0.869,1.182,1.528,1.835,2.162,2.468,2.773,3.102,3.413,3.770,4.083,4.402,4.731,5.077,5.387,5.708,6.027,6.373,6.684,7.025,7.349,7.665,7.983,8.313,8.655,8.960,9.272,9.581,9.896,10.218,10.535,10.856,11.160,11.456,11.793,12.092,
2,7,0.091,0.426,0.726,1.036,1.366,1.660,2.023,
2,8,0.195,0.510,0.841,1.193,1.496,1.809,2.103,2.424,2.737,3.035,3.361,3.691,3.999,4.302,4.620,4.922,5.234,5.548,5.852,6.166,6.491,6.796,7.101,7.426,7.730,8.020,8.373,8.680,8.992,9.301,9.597,9.922,
2,9,0.170,0.524,0.891,1.224,1.544,1.865,2.198,2.525,2.873,3.184,3.495,3.849,4.182,4.468,4.813,5.143,5.469,5.818,6.147,6.466,6.778,7.068,7.409,7.742,8.074,8.395,8.716,9.045,9.371,9.672,9.988,10.284,10.626,
2,10,0.062,0.402,0.713,1.038,1.352,1.709,2.039,2.342,2.668,2.983,3.302,3.620,3.952,4.270,4.555,4.875,5.189,5.521,5.849,6.170,6.486,6.801,7.151,7.440,7.772,8.086,8.406,8.713,9.023,9.330,9.655,9.935,10.280,10.598,10.924,11.230,11.548,11.855,12.148,12.464,
2,11,0.278,0.642,0.942,1.275,1.606,1.912,2.276,2.550,2.842,3.167,3.468,3.811,4.109,
2,12,0.079,0.400,0.711,1.035,1.338,1.651,1.950,2.268,2.578,2.892,3.208,3.525,3.834,4.147,4.473,4.820,5.119,5.438,5.769,6.102,6.406,6.728,7.049,7.387,7.703,7.981,8.300,8.654,8.935,9.271,9.575,9.871,10.200,10.498,10.789,11.142,11.447,11.776,12.103,12.406,12.727,13.045,13.339,13.656,13.966,14.291,
2,13,0.220,0.554,0.847,1.189,1.491,1.823,2.115,2.415,2.765,3.076,3.399,3.705,4.016,4.314,4.649,4.948,5.266,5.578,5.900,6.223,
2,14,0.026,0.345,0.658,0.979,1.289,1.622,1.925,2.261,2.579,2.911,3.220,3.540,3.848,4.169,4.472,4.780,5.097,5.402,5.715,6.071,6.370,6.680,6.994,7.321,7.615,7.911,8.239,8.565,8.897,9.201,9.490,9.799,10.148,10.424,10.728,11.044,11.405,
2,15,0.043,0.367,0.674,0.993,1.306,1.627,1.948,2.246,2.559,2.894,3.198,3.517,3.838,4.145,4.495,4.783,5.101,5.427,5.726,6.052,6.369,6.675,6.989,7.293,7.600,7.901,8.217,
2,16,0.285,0.608,0.937,1.272,1.570,1.922,2.246,2.590,2.896,3.204,3.540,3.860,4.188,4.502,4.838,5.121,5.436,5.739,6.066,6.398,6.709,7.045,7.398,7.709,8.015,8.331,8.649,8.957,9.269,9.560,9.899,10.198,
2,17,0.325,0.650,0.964,1.271,1.569,1.901,2.235,
2,18,0.286,0.623,0.956,1.270,1.572,1.900,2.219,2.529,2.865,3.168,3.474,3.782,4.093,4.411,4.710,5.018,5.308,5.635,5.944,6.244,6.552,6.852,7.141,7.452,7.770,8.118,8.386,8.699,9.020,9.319,9.670,9.972,10.300,
2,19,0.346,0.682,1.001,1.310,1.585,1.905,2.226,2.541,2.862,3.163,3.522,3.804,4.139,4.460,4.742,5.071,5.373,5.699,6.057,6.345,6.665,6.974,7.274,7.564,7.865,8.186,
2,20,0.153,0.466,0.772,1.064,1.351,1.673,1.955,2.273,2.555,2.854,3.166,3.461,3.791,4.120,4.413,4.721,5.024,5.303,5.612,5.935,6.227,6.525,6.836,7.121,7.411,7.735,8.026,8.325,
2,21,0.055,0.359,0.667,0.998,1.309,1.610,1.884,2.180,2.518,2.794,3.108,3.399,3.693,4.002,4.298,4.635,4.937,5.230,5.544,5.859,6.172,
2,22,0.145,0.396,0.714,1.049,1.396,1.763,2.111,2.433,2.780,3.168,3.566,3.897,4.276,4.667,5.042,5.437,5.828,6.193,6.576,6.974,7.329,7.722,8.149,
2,23,0.327,0.669,1.068,1.443,1.828,
2,24,0.301,0.588,0.926,1.272,1.639,1.933,2.325,2.652,2.980,3.317,3.713,4.102,4.461,4.818,5.209,5.573,5.971,6.338,6.661,7.049,7.440,7.846,8.240,8.550,8.932,9.269,9.643,10.034,10.410,10.813,11.154,11.580,11.863,
2,25,0.113,0.451,0.824,1.190,1.566,1.984,2.399,2.749,3.176,3.599,3.988,4.400,4.806,5.224,5.651,6.038,6.418,6.840,7.268,7.683,8.097,8.525,8.961,9.357,9.769,10.185,
2,26,0.122,0.563,0.934,1.348,1.724,2.125,2.521,2.947,3.332,3.723,4.126,4.519,4.907,5.347,5.714,6.145,
2,27,0.303,0.738,1.078,1.499,1.891,2.275,2.681,3.067,3.446,3.876,4.298,4.696,5.093,5.515,5.893,6.316,6.770,7.079,7.494,7.839,8.240,8.674,9.085,9.470,9.952,
2,28,0.289,0.644,0.969,1.318,1.644,1.977,2.324,2.694,3.080,3.441,3.793,4.188,
2,29,0.315,0.676,1.085,1.467,1.868,2.301,2.722,3.098,3.494,3.889,4.300,4.643,5.072,5.456,5.783,6.182,
2,30,0.216,0.574,0.977,1.342,1.774,2.085,2.484,2.863,3.207,3.608,3.970,4.371,4.708,5.094,5.497,5.861,6.276,6.655,7.020,7.425,7.788,8.202,8.551,8.921,9.361,9.736,10.084,10.453,10.857,11.231,11.618,
2,31,0.358,0.722,1.109,1.478,1.869,2.286,2.660,3.064,3.415,3.843,4.200,4.574,4.977,5.314,5.735,6.114,6.499,6.857,7.299,7.646,8.036,8.413,
2,32,0.266,0.599,0.900,1.305,1.690,2.066,2.433,2.814,3.203,3.552,3.949,4.322,4.663,5.048,5.473,5.840,6.231,6.730,7.064,7.430,7.784,8.171,8.550,8.978,9.334,9.739,10.155,10.521,10.921,11.302,11.678,12.060,12.467,12.850,13.204,13.557,13.972,
2,33,0.454,0.765,1.148,1.515,1.899,2.309,2.717,3.118,3.523,3.922,4.284,4.677,5.066,5.430,5.856,6.235,6.624,6.998,7.385,7.836,8.249,8.635,9.019,9.425,9.798,10.231,10.585,
2,34,0.087,0.488,0.920,1.294,1.668,2.088,2.518,2.902,3.295,3.719,4.092,4.491,4.895,5.269,5.718,6.136,6.489,6.906,7.334,7.719,8.123,8.548,8.911,9.271,9.609,10.031,
2,35,0.086,0.460,0.890,1.251,1.657,2.064,2.415,2.778,3.178,3.537,3.953,4.373,4.674,5.026,5.392,5.735,6.104,6.435,6.814,7.087,7.498,7.828,8.209,8.620,8.994,9.294,9.702,10.031,10.427,
2,36,0.278,0.657,0.998,1.424,1.782,2.187,2.568,2.947,3.367,3.712,4.124,4.520,4.887,5.319,5.700,6.067,6.425,6.830,7.275,7.563,7.958,8.373,
2,37,0.092,0.548,0.848,1.237,1.585,1.943,2.364,
2,38,0.329,0.698,1.095,1.519,1.888,2.291,2.711,3.078,3.445,3.840,4.228,
2,39,0.108,0.523,0.858,1.201,1.606,2.000,
2,40,0.273,0.693,1.048,1.438,1.808,2.196,2.561,2.918,3.321,3.666,4.049,4.460,4.848,5.218,5.642,6.032,6.420,6.801,7.175,7.539,7.928,8.330,8.719,9.101,9.445,9.865,10.249,10.597,
2,41,0.215,0.581,0.930,1.298,1.671,2.054,2.400,2.748,3.169,3.449,3.831,4.223,4.599,4.966,5.333,5.683,6.031,6.432,
2,42,0.032,0.423,0.800,1.175,1.609,1.958,2.313,
2,43,0.271,0.685,0.996,1.415,1.789,2.166,2.593,2.948,3.338,3.734,4.161,4.573,4.938,5.328,5.691,6.085,6.524,6.859,7.247,7.641,7.997,
2,44,0.290,0.684,1.038,1.466,1.830,2.296,2.687,3.150,3.463,3.933,4.321,
2,45,0.221,0.540,0.944,1.283,1.686,2.070,2.462,2.904,3.296,3.685,4.092,4.467,4.916,5.298,5.703,6.095,6.488,6.873,7.273,7.696,8.024,8.397,8.774,9.126,9.486,9.910,10.278,10.642,10.995,11.392,11.715,12.106,12.478,12.893,13.272,13.655,14.013,14.454,14.894,15.244,15.644,16.046,
2,46,0.247,0.571,0.965,
2,47,0.326,0.668,1.018,1.364,1.694,2.132,2.426,2.776,3.156,3.516,3.836,4.228,4.523,4.877,5.267,5.568,5.918,6.274,6.651,6.953,7.292,7.647,8.018,8.320,
2,48,0.080,0.403,0.710,1.041,1.397,1.737,2.058,2.407,2.764,3.093,3.452,3.840,4.176,4.498,4.852,5.226,5.579,5.926,6.289,6.616,6.999,7.325,7.691,8.066,8.427,8.803,9.151,9.530,9.915,10.285,10.661,11.050,
2,49,0.309,0.640,1.022,1.385,1.721,2.106,2.538,2.871,3.269,3.672,4.102,4.403,4.770,5.190,5.552,5.887,6.295,6.771,7.055,7.392,7.782,8.164,8.452,8.857,9.195,9.529,9.851,10.215,10.579,10.955,11.308,11.718,
2,50,0.051,0.433,0.839,1.161,1.496,1.899,2.240,2.669,3.027,3.432,3.798,4.117,4.541,4.927,5.316,5.719,6.042,6.450,6.809,7.215,7.608,8.053,8.412,8.769,9.143,9.590,10.036,10.377,
2,51,0.345,0.650,0.975,1.343,1.691,2.061,2.448,2.807,3.202,3.596,3.940,4.286,
2,52,0.265,0.568,0.905,1.266,1.623,1.977,2.288,2.654,2.966,3.308,3.654,3.954,4.291,4.613,4.911,5.232,5.545,5.926,6.240,6.545,6.864,7.213,7.519,7.835,8.136,8.532,8.854,9.175,9.520,9.833,10.196,10.498,10.860,11.203,11.498,11.843,12.175,
2,53,0.251,0.590,0.904,1.261,1.591,1.961,2.236,2.563,2.908,3.240,3.585,3.906,4.275,4.559,4.872,5.183,
2,54,0.344,0.616,0.925,1.204,1.541,1.840,2.152,2.480,2.776,3.098,3.457,3.767,4.106,4.414,4.738,5.036,5.422,5.764,6.088,
2,55,0.050,0.342,0.711,1.048,1.392,1.769,2.063,2.446,2.702,3.076,3.410,3.741,
2,56,0.101,0.424,0.738,1.062,1.360,1.689,2.030,2.346,2.684,2.995,3.320,
2,57,0.166,0.436,0.732,1.028,1.405,1.738,2.148,2.546,2.866,
2,58,0.036,0.358,0.690,1.020,1.369,1.661,2.020,2.331,2.637,3.021,3.288,3.616,3.929,4.271,4.551,4.857,5.151,5.469,5.779,6.095,6.389,6.715,7.044,7.375,7.689,7.978,8.305,8.609,8.890,9.221,9.556,9.842,10.151,10.479,10.781,11.066,11.391,11.734,12.025,12.343,12.681,13.026,13.332,13.643,13.976,14.296,
2,59,0.305,0.587,0.899,1.246,1.573,1.857,2.173,2.484,2.806,3.113,3.409,3.742,4.068,4.374,4.680,4.988,5.271,5.606,5.945,6.210,
2,60,0.087,0.398,0.698,0.983,1.279,1.589,1.890,2.218,2.535,2.844,3.159,3.524,3.890,4.274,4.556,4.981,5.274,5.571,5.895,6.188,6.525,6.824,7.142,7.475,7.810,8.119,8.457,8.745,9.034,9.323,9.643,10.032,10.343,10.668,10.972,11.273,11.581,11.894,
2,61,,
2,62,0.239,0.536,0.845,1.172,1.474,1.743,2.052,2.343,2.623,2.926,3.237,3.535,3.819,4.111,4.406,4.728,5.031,5.319,5.614,5.937,6.267,6.556,6.858,7.171,7.474,7.788,8.057,8.329,8.596,8.885,9.249,9.531,9.791,10.080,10.358,10.639,10.948,
2,63,0.092,0.410,0.720,1.037,1.336,1.615,1.901,2.215,2.521,2.786,3.065,3.366,3.674,3.981,4.293,
2,64,,
2,65,0.033,0.353,0.663,0.979,1.249,1.564,1.858,2.164,2.441,2.739,3.059,3.356,3.670,4.012,4.288,4.567,4.862,5.175,5.471,5.763,6.063,6.373,6.653,6.950,7.225,7.583,7.850,8.177,8.535,8.939,9.218,9.547,9.859,10.155,10.442,10.765,11.083,11.399,11.666,11.955,12.273,12.568,12.873,13.171,
2,66,0.267,0.589,0.895,1.145,1.407,1.686,1.976,2.271,2.566,2.838,3.111,3.425,3.685,3.964,4.248,4.520,4.797,5.073,5.337,5.626,5.917,6.159,6.439,6.716,6.999,7.264,7.539,7.838,8.114,
2,67,0.280,0.650,0.946,1.267,1.552,1.817,2.150,2.454,2.744,3.017,3.304,3.654,3.923,4.245,4.531,4.815,5.138,5.436,5.772,6.075,6.386,6.703,6.989,7.316,7.602,7.926,8.225,
2,68,0.087,0.356,0.645,0.940,1.241,1.560,1.902,2.184,2.539,2.829,3.153,3.476,3.769,4.103,4.414,4.696,5.002,5.313,5.648,5.925,6.197,6.539,6.823,7.148,7.438,7.746,8.086,8.346,8.656,8.958,9.269,9.553,9.866,10.160,10.463,10.767,11.041,11.337,11.650,11.943,
2,69,0.272,0.561,0.826,1.089,1.414,1.708,1.972,2.249,2.547,2.857,3.144,3.441,3.750,4.024,
2,70,0.332,0.614,0.900,1.157,1.444,1.722,2.067,2.363,2.600,2.863,3.149,3.438,3.735,4.045,4.330,4.601,4.885,5.170,5.443,5.721,6.032,6.304,
2,71,0.418,0.624,0.874,1.148,1.415,1.739,1.998,2.239,2.530,2.824,3.079,3.368,3.649,3.903,4.196,4.475,4.766,5.051,5.337,5.597,5.855,6.117,6.400,6.673,6.935,7.185,7.469,7.728,8.001,8.268,8.530,8.795,9.053,9.310,9.587,9.869,10.136,10.397,10.680,10.944,11.214,11.500,11.770,12.047,
2,72,0.071,0.333,0.603,0.873,1.139,1.446,1.728,2.067,2.339,2.643,2.894,3.206,3.491,3.840,4.102,4.391,4.651,4.967,5.227,5.525,5.778,6.041,6.305,6.589,6.856,7.142,7.396,7.692,7.961,8.221,8.485,8.726,9.032,9.289,9.552,9.824,10.105,10.394,10.663,10.943,11.198,11.480,11.761,12.037,12.328,12.599,12.878,13.148,13.402,13.670,13.949,14.236,14.512,14.795,15.058,15.324,15.621,15.900,16.174,
2,73,0.111,0.417,0.670,0.962,1.201,1.457,1.721,2.024,2.294,2.593,2.860,3.164,3.431,3.693,3.982,4.275,4.567,4.820,5.099,5.393,5.649,5.922,6.192,6.499,6.774,7.027,7.304,7.578,7.848,8.120,8.394,8.664,8.951,9.216,9.482,9.750,10.051,10.326,10.625,10.899,11.167,11.449,11.724,11.982,12.222,12.503,12.769,13.057,13.356,13.647,13.911,14.213,14.465,14.764,15.024,15.299,15.556,15.798,16.104,
2,74,0.211,0.438,0.710,0.999,1.258,1.538,1.800,2.084,
2,75,0.230,0.476,0.773,1.035,1.339,1.606,1.876,2.160,2.415,2.704,2.969,3.244,3.501,3.778,4.040,4.319,4.591,4.843,5.123,5.402,5.675,5.950,6.225,
2,76,0.033,0.298,0.573,0.832,1.092,1.345,1.619,1.868,2.127,2.400,2.703,2.976,3.246,3.542,3.818,4.079,4.327,
2,77,0.121,0.408,0.677,0.945,1.231,1.488,1.774,2.042,2.296,2.566,2.867,3.171,3.472,3.740,3.993,4.303,4.619,4.864,5.126,5.415,5.733,6.076,6.345,6.643,6.913,7.358,7.668,7.997,8.304,8.601,8.855,9.164,9.478,9.808,10.059,10.319,10.601,10.912,11.243,11.550,
2,78,0.271,0.537,0.873,1.144,1.404,1.661,1.960,2.225,2.487,2.744,3.011,3.269,3.518,3.786,4.048,4.291,4.519,4.820,5.082,5.351,5.646,5.896,6.156,
2,79,0.189,0.452,0.722,0.991,1.274,1.541,1.801,2.076,2.344,2.642,2.902,3.169,3.431,3.694,3.966,4.259,4.526,4.796,5.055,5.281,5.558,5.830,6.110,6.375,6.644,6.911,7.183,7.440,7.720,7.982,8.261,
2,80,0.033,0.303,0.550,0.843,1.112,1.369,1.650,1.910,2.177,2.462,2.731,3.017,3.285,3.557,3.836,4.110,4.387,
2,81,0.267,0.541,0.818,1.092,1.372,1.647,1.920,2.158,2.463,2.738,3.015,3.309,3.591,3.872,4.174,4.463,4.732,5.026,5.330,5.550,5.827,6.092,6.400,6.650,6.918,7.182,7.457,7.736,7.993,8.274,8.527,8.979,9.268,9.524,9.780,10.067,10.371,10.642,10.859,11.145,11.462,11.733,12.026,
2,82,0.082,0.344,0.619,0.893,1.143,1.413,1.683,1.967,2.251,2.493,2.760,3.010,3.272,3.528,3.792,4.066,4.336,4.593,4.861,5.115,5.395,5.670,5.927,6.177,6.447,6.719,6.984,7.247,7.513,7.763,8.016,8.293,8.558,8.829,9.084,9.341,9.613,9.865,
2,83,0.241,0.513,0.766,1.013,1.267,1.539,1.808,2.073,2.322,2.597,2.839,3.113,3.367,3.648,3.913,4.178,
2,84,0.102,0.376,0.641,0.913,1.185,1.438,1.733,2.028,
2,85,0.143,0.400,0.663,0.913,1.210,1.458,1.744,2.039,2.332,2.618,2.919,3.213,3.500,3.790,4.077,4.373,4.652,4.935,5.221,5.530,5.802,6.071,6.367,6.670,6.931,7.193,7.465,7.764,8.014,8.305,8.582,8.861,9.095,9.398,9.655,9.925,10.155,10.437,10.677,10.950,11.215,
2,86,0.202,0.478,0.765,1.032,1.311,1.610,1.899,2.168,2.419,2.708,2.994,3.240,3.516,3.786,4.055,4.298,4.602,4.900,5.187,5.444,5.736,6.042,6.343,6.610,6.923,7.208,7.467,7.737,7.992,8.268,8.555,8.876,9.182,9.461,9.722,10.026,
2,87,0.160,0.466,0.745,1.047,1.335,1.603,1.916,2.203,2.485,2.713,
2,88,0.264,0.514,0.771,1.054,1.321,1.583,1.844,2.113,2.399,2.666,2.936,3.181,3.472,3.735,3.995,4.266,4.526,4.801,5.058,5.345,5.650,5.857,6.151,6.447,6.721,6.974,7.249,7.528,7.800,8.079,
2,89,0.245,0.522,0.772,1.054,1.310,1.574,1.862,2.148,2.425,2.745,3.052,3.356,3.617,3.914,
2,90,0.100,0.361,0.606,0.899,1.182,1.447,1.747,2.026,2.276,2.529,2.781,3.034,3.321,3.565,3.853,4.144,4.406,4.700,4.989,5.275,5.517,5.795,6.144,6.395,6.610,6.907,7.191,7.486,7.764,8.033,8.287,
