0,1,0.208,0.588,1.030,1.397,1.897,
0,1,0.280,0.530,0.863,1.213,1.502,1.814,2.145,2.476,2.810,3.112,3.481,3.769,4.097,4.353,4.662,4.925,5.239,5.545,5.858,6.137,6.428,
0,1,0.342,0.595,0.917,1.220,1.556,1.842,2.165,2.439,2.739,3.046,
0,1,0.275,0.597,0.885,1.218,1.522,1.813,2.078,2.325,
2,1,0.241,0.499,0.824,1.109,1.579,1.817,2.162,2.468,2.817,3.085,3.398,3.654,3.930,4.215,4.474,4.765,5.015,5.307,5.621,5.899,6.102,6.409,6.656,6.956,7.235,7.516,7.798,8.070,8.340,8.623,8.883,9.170,
2,2,0.123,0.453,0.737,1.002,1.277,1.577,1.864,2.170,2.444,2.740,3.015,3.297,3.576,3.877,4.152,4.450,4.734,5.016,5.302,5.589,5.899,6.176,6.441,6.750,7.041,7.319,
2,3,0.182,0.502,0.825,1.119,1.446,1.802,2.085,2.420,2.711,3.015,3.321,3.608,3.932,4.217,4.487,4.789,5.048,5.342,5.649,5.915,6.194,6.491,6.779,7.059,7.360,
2,4,0.243,0.486,0.778,1.067,1.352,1.665,1.942,2.232,2.525,2.809,3.106,3.392,3.671,3.952,4.242,4.511,4.815,5.097,5.393,5.663,5.962,6.236,6.529,6.829,7.106,
2,5,0.250,0.519,0.794,1.078,1.359,1.650,1.941,2.203,2.496,2.812,3.118,3.433,3.747,4.054,4.354,4.680,4.976,5.294,5.639,5.954,6.272,6.581,6.892,7.200,7.529,
2,6,0.171,0.484,0.764,1.038,1.351,1.643,1.966,2.267,2.554,2.848,3.200,3.474,3.803,4.164,4.511,4.795,5.145,5.436,5.738,6.048,6.395,6.677,7.016,
2,7,0.293,0.619,0.937,1.245,1.524,1.827,2.120,2.425,2.765,3.076,3.370,3.685,3.994,4.349,
2,8,0.217,0.516,0.838,1.100,1.426,1.703,2.022,2.357,2.650,2.907,3.218,3.517,3.784,4.071,4.372,4.651,4.962,5.268,5.576,5.889,6.200,6.518,6.849,7.123,7.455,
2,9,0.202,0.486,0.896,1.146,1.448,1.737,2.013,2.297,
2,10,0.216,0.517,0.800,1.090,1.410,1.700,2.027,2.326,2.644,2.975,3.332,3.652,3.989,4.281,4.570,4.908,5.198,5.519,5.830,6.146,6.449,6.770,7.078,7.360,7.677,
2,11,0.143,0.403,0.728,1.058,1.394,1.707,2.010,2.291,2.606,2.904,3.228,3.538,3.863,4.211,
2,12,0.362,0.653,0.988,1.306,1.650,1.939,2.248,2.549,2.904,3.190,3.564,3.856,4.181,4.522,4.833,5.199,5.502,5.835,6.138,
2,13,0.276,0.568,0.917,1.235,1.573,1.913,2.251,2.596,2.898,3.222,3.522,3.855,4.176,4.478,4.848,5.166,5.516,5.877,6.208,6.517,6.853,7.187,7.521,7.873,8.180,8.530,
2,14,0.302,0.580,0.924,1.238,1.582,1.907,2.216,2.546,2.889,3.177,3.455,3.808,4.118,4.448,4.773,5.062,5.397,5.708,6.030,6.342,6.653,6.991,7.304,7.624,7.976,8.299,8.593,8.902,9.222,
2,15,0.344,0.646,0.968,1.289,1.627,1.927,2.270,2.614,2.945,3.271,3.637,4.024,4.441,4.747,5.105,5.392,5.718,5.987,6.318,6.671,6.991,7.307,7.639,7.973,8.294,
2,16,0.309,0.610,0.906,1.215,1.538,1.838,2.144,2.429,2.764,3.042,3.352,3.662,3.980,4.281,4.646,4.899,5.232,5.494,5.792,6.079,6.396,6.691,6.995,7.277,7.583,7.897,8.154,8.434,8.711,8.917,9.103,9.264,9.471,9.621,9.782,
2,17,0.406,0.649,0.939,1.203,1.498,1.793,2.061,2.400,2.704,2.974,3.292,3.576,3.874,4.106,4.424,4.683,4.985,5.268,5.585,5.849,6.126,6.434,6.709,7.019,7.296,7.595,7.886,8.157,8.458,
2,18,0.190,0.496,0.760,1.015,1.300,1.540,1.799,2.020,2.305,2.528,2.765,2.983,3.218,3.444,3.652,3.895,4.065,4.283,
2,19,0.200,0.437,0.645,0.842,1.043,1.232,1.427,1.612,1.818,2.013,2.201,2.396,2.586,2.773,2.955,3.093,3.305,3.492,3.676,3.848,4.030,4.184,4.397,4.563,4.740,4.897,5.094,5.279,5.471,5.651,5.828,6.014,6.195,6.368,6.537,6.717,6.905,7.088,7.268,7.441,7.649,7.824,8.015,8.186,8.367,8.548,8.727,8.906,
2,20,0.204,0.393,0.585,0.776,0.959,1.143,1.325,1.501,1.685,1.873,2.049,2.224,2.397,2.564,2.736,2.894,3.081,3.260,3.448,3.627,3.807,3.985,4.151,4.334,4.511,4.689,4.836,4.950,5.157,5.342,5.541,5.735,5.927,6.115,6.293,6.477,6.655,6.816,6.995,7.172,7.351,7.545,7.722,
2,21,0.093,0.294,0.475,0.656,0.848,1.028,1.208,1.348,1.558,1.735,1.926,2.111,2.290,2.466,2.652,2.810,3.024,3.207,3.393,3.577,3.743,3.915,4.076,4.193,4.393,4.560,4.729,4.908,5.080,5.277,5.480,5.661,5.836,6.011,6.176,6.363,6.537,6.721,6.904,7.089,7.266,7.456,7.645,7.827,7.998,8.165,8.336,
2,22,0.219,0.405,0.595,0.794,0.988,1.187,1.372,1.564,1.760,1.940,2.144,2.323,2.515,2.702,2.894,3.077,3.261,3.455,3.644,3.814,4.011,4.201,4.395,4.576,4.769,4.956,5.145,5.337,5.597,5.809,5.991,6.192,6.396,6.580,6.774,6.967,7.156,7.345,7.537,7.719,7.909,8.089,8.481,
2,23,0.174,0.397,0.605,0.803,1.014,1.192,1.398,1.568,1.765,1.950,2.148,2.353,2.545,2.736,2.938,3.121,3.324,3.519,3.716,3.906,4.099,4.303,4.495,4.703,4.909,5.118,5.323,5.546,5.740,5.939,6.153,6.436,
2,24,0.215,0.412,0.610,0.823,1.020,1.212,1.412,1.607,1.799,1.991,2.177,2.375,2.556,2.765,2.952,3.148,3.341,3.525,3.707,3.899,4.073,4.272,4.467,4.662,4.849,5.034,5.242,5.436,5.649,5.830,6.020,6.221,6.429,6.622,6.825,7.028,7.209,7.404,7.605,7.799,7.989,8.193,8.394,8.605,8.802,9.018,9.208,9.387,9.562,9.744,
2,25,0.210,0.406,0.600,0.784,0.989,1.192,1.396,1.595,1.791,1.979,2.160,2.343,2.549,2.736,2.925,3.118,3.317,3.518,3.720,3.911,4.102,4.290,4.518,4.704,4.895,5.096,5.305,5.519,5.713,5.919,6.112,6.328,6.534,6.734,6.934,7.126,7.331,7.529,7.732,7.932,8.137,8.321,8.523,8.719,8.910,9.091,9.288,9.490,9.700,9.887,10.073,10.271,10.444,10.609,
2,26,0.042,0.248,0.439,0.624,0.823,1.026,1.219,1.414,1.615,1.806,2.027,2.211,2.413,2.610,2.829,3.027,3.225,3.431,3.619,3.818,4.028,4.223,4.421,4.645,4.826,5.035,5.243,5.449,5.665,5.864,6.061,6.250,6.458,6.665,6.860,7.051,7.251,7.460,7.671,7.875,8.061,8.251,8.438,8.626,8.824,9.013,9.198,9.377,9.548,9.713,
2,27,0.095,0.267,0.438,0.634,0.830,1.024,1.226,1.413,1.598,1.780,1.958,2.142,2.344,2.545,2.743,2.936,3.135,3.323,3.519,3.715,3.914,4.109,4.301,4.519,4.699,4.889,5.086,5.276,5.457,5.658,5.857,6.064,6.270,6.479,6.687,6.887,7.082,7.277,7.470,7.652,7.845,8.048,8.250,8.450,8.648,8.843,9.056,9.248,9.445,9.641,9.834,10.041,10.247,10.442,10.639,10.834,11.035,11.235,11.438,11.639,11.837,12.023,12.206,12.363,
2,28,0.246,0.438,0.645,0.827,1.030,1.232,1.421,1.616,1.802,1.998,2.196,2.392,2.572,2.786,2.994,3.187,3.393,3.576,3.779,3.979,4.192,4.393,4.591,4.788,5.002,5.188,5.394,5.588,5.792,6.011,
2,29,0.214,0.415,0.608,0.794,0.998,1.187,1.384,1.576,1.771,1.972,2.173,2.384,2.587,2.785,2.977,3.176,3.385,3.584,3.786,3.985,4.183,4.392,4.604,4.803,4.998,5.204,5.404,5.609,5.798,5.991,6.204,6.407,6.599,6.787,6.975,7.154,7.360,7.564,7.770,7.960,8.161,
2,30,0.228,0.410,0.605,0.808,1.027,1.234,1.430,1.625,1.821,2.028,2.237,2.433,2.625,2.819,3.025,3.183,3.375,3.550,3.737,3.934,4.116,4.322,4.531,4.725,4.912,5.109,5.303,5.526,5.703,5.899,6.097,6.299,6.512,6.721,6.918,7.143,7.348,7.556,7.768,7.967,8.159,8.350,8.545,8.730,8.924,9.123,9.320,9.525,9.720,9.912,10.116,10.319,
2,31,0.200,0.392,0.572,0.761,0.956,1.167,1.348,1.543,1.737,1.949,2.143,2.350,2.526,
2,32,0.084,0.270,0.454,0.658,0.855,1.056,1.249,1.440,1.634,1.819,2.018,2.193,
2,33,0.198,0.394,0.580,0.774,0.949,1.140,1.323,1.524,1.707,1.910,2.098,2.294,2.489,2.673,2.862,3.056,3.275,3.465,3.658,3.859,4.057,4.252,4.451,4.652,4.851,5.038,5.231,5.427,5.621,5.816,6.009,6.199,6.410,6.602,6.806,7.010,7.205,7.423,7.644,7.834,8.041,8.246,8.453,8.657,8.855,9.055,9.251,9.445,9.644,9.847,
2,34,0.122,0.315,0.516,0.698,0.900,1.112,1.312,1.494,1.695,1.903,2.102,
2,35,0.175,0.393,0.573,0.763,0.955,1.147,1.338,1.537,1.733,1.926,2.144,2.323,2.520,2.713,2.907,3.090,3.297,3.493,3.692,3.895,4.085,4.265,4.452,4.645,4.762,4.993,5.173,5.360,5.558,5.752,5.947,6.146,6.343,
2,36,0.114,0.323,0.520,0.715,0.901,1.101,1.287,1.482,1.670,1.851,2.040,2.238,2.414,2.621,2.820,3.028,3.221,3.431,3.626,3.820,4.028,4.250,
2,37,0.213,0.406,0.549,0.749,0.942,1.172,1.346,1.537,1.734,1.932,2.116,2.315,2.521,2.680,2.887,3.080,3.281,3.460,3.652,3.830,4.021,4.214,4.418,4.617,4.804,4.999,5.178,5.389,5.557,5.742,5.944,6.125,6.326,6.526,6.713,6.917,7.105,7.298,7.494,7.686,7.890,8.076,
2,38,0.034,0.225,0.409,0.592,0.797,0.973,1.173,1.364,1.551,1.733,1.920,2.103,2.296,
2,39,0.071,0.205,0.415,0.605,0.800,0.991,1.180,1.359,1.542,1.737,1.914,2.096,2.301,2.472,2.647,2.850,3.044,3.230,3.428,3.621,3.822,4.019,4.219,4.411,4.609,4.818,4.986,5.186,5.371,5.568,5.769,5.959,6.143,6.331,6.523,6.721,6.915,7.116,7.313,7.520,7.707,7.911,8.101,8.304,8.470,8.674,8.888,9.078,9.275,9.476,9.670,9.864,10.056,10.408,
2,40,0.209,0.368,0.565,0.752,0.932,1.125,1.313,1.513,1.703,1.903,2.087,2.284,2.477,2.674,2.872,3.050,3.264,3.448,3.618,3.792,3.976,4.169,4.370,4.556,4.744,4.898,5.081,5.271,5.457,5.648,5.831,6.032,6.204,6.399,6.586,6.788,6.992,7.188,7.399,7.540,7.746,7.948,8.149,8.327,8.516,8.690,8.867,9.046,9.241,9.439,9.633,9.801,10.017,10.197,10.401,10.554,10.737,10.940,11.110,11.319,11.518,
2,41,0.306,0.578,0.773,0.940,1.111,1.302,1.517,1.693,1.901,2.059,2.236,2.377,2.557,2.734,2.911,3.087,3.268,3.433,3.602,3.778,3.941,4.135,4.330,4.522,4.710,4.886,5.056,5.241,5.425,5.676,5.886,6.078,6.270,6.455,6.643,6.817,7.020,7.192,7.393,7.591,7.788,7.973,8.164,8.358,8.553,8.741,8.940,9.144,9.342,9.536,
2,42,0.269,0.428,0.617,0.806,0.983,1.172,1.360,1.539,1.734,1.915,2.098,2.285,2.466,2.653,2.836,3.020,3.195,3.370,3.552,3.735,3.903,4.079,4.271,4.426,4.611,4.796,4.978,5.158,5.347,5.525,5.716,5.905,6.102,6.294,6.479,6.665,6.845,7.034,7.221,7.413,7.606,7.799,7.999,8.198,8.399,8.586,8.773,8.953,9.140,9.315,9.493,9.663,9.837,10.023,10.209,10.400,10.587,10.783,10.974,11.168,11.365,11.562,11.750,11.942,12.113,12.327,
2,43,0.122,0.313,0.494,0.674,0.862,1.056,1.247,1.428,1.615,1.815,2.013,2.197,2.396,2.560,2.747,2.934,3.147,3.315,3.514,3.698,3.897,4.097,4.271,4.468,4.651,4.843,5.034,5.231,5.425,5.610,5.797,5.992,6.173,6.398,6.576,6.769,6.962,7.152,7.353,7.555,7.766,7.950,8.159,8.361,8.553,8.745,8.924,9.125,9.315,9.516,9.682,9.874,10.078,10.286,
2,44,0.033,0.225,0.407,0.586,0.781,0.978,1.158,1.352,1.546,1.733,1.920,2.098,2.289,2.482,2.672,2.869,3.049,3.242,3.432,3.781,3.969,4.149,4.339,4.516,4.710,4.919,5.119,5.305,5.497,5.686,5.867,6.048,6.400,
2,45,0.150,0.328,0.517,0.692,0.876,1.063,1.247,1.443,1.620,1.819,2.018,2.193,2.376,2.567,2.768,2.943,3.135,3.312,3.518,3.705,3.892,4.028,4.249,4.444,4.639,4.832,5.019,5.223,5.417,5.609,5.788,5.975,6.184,6.393,6.593,6.799,7.003,7.187,7.393,7.577,7.783,8.004,8.186,8.396,8.589,8.777,9.004,9.179,9.388,9.575,9.778,9.981,10.176,10.388,10.585,10.792,11.005,11.188,11.389,11.571,11.772,11.953,12.139,12.324,12.523,12.722,12.914,13.100,13.300,13.500,13.684,13.890,14.075,14.273,14.468,14.644,14.857,15.055,15.251,15.457,15.647,15.833,16.037,16.227,
2,46,0.246,0.440,0.623,0.812,1.015,1.200,1.399,1.579,1.766,1.953,2.149,2.334,2.533,2.735,2.924,3.111,3.296,3.494,3.687,3.876,4.051,4.229,4.581,4.767,4.964,5.160,5.341,5.517,5.715,5.908,6.123,6.319,6.521,6.730,6.933,7.124,7.320,7.518,7.691,7.868,8.070,8.248,8.451,8.635,8.835,9.023,9.207,9.397,9.596,9.776,9.952,10.140,10.355,10.544,10.736,10.937,11.148,11.354,11.552,11.743,11.943,12.121,12.312,
2,47,0.148,0.331,0.530,0.727,0.911,1.095,1.282,1.490,1.701,1.867,2.062,2.276,2.466,2.652,2.862,3.059,3.238,3.430,3.609,3.786,3.969,4.155,4.338,
2,48,0.062,0.412,0.615,0.818,1.022,1.219,1.432,1.620,1.814,2.022,2.214,2.411,2.615,2.802,2.994,3.188,3.389,3.560,3.751,3.934,4.140,4.332,4.523,4.716,4.905,5.109,5.305,5.500,5.704,5.908,6.105,6.299,6.496,6.701,6.898,7.093,7.284,7.485,7.678,7.852,8.044,8.227,8.434,8.642,8.836,9.038,9.249,9.443,9.642,9.830,10.021,10.208,10.393,
2,49,0.115,0.297,0.497,0.695,0.899,1.099,1.293,1.478,1.664,1.840,2.031,2.216,2.400,2.580,2.773,2.958,3.150,3.343,3.537,3.731,3.920,4.086,4.274,4.448,4.646,4.853,5.054,5.249,5.425,5.635,5.839,6.035,6.234,6.425,6.626,6.832,7.043,7.233,7.425,7.600,7.789,7.990,8.181,8.386,8.582,8.784,8.978,9.172,9.369,9.581,9.782,9.974,10.153,10.343,
2,50,0.083,0.284,0.479,0.675,0.850,1.044,1.247,1.428,1.644,1.829,2.024,2.209,2.394,2.569,2.761,2.955,3.150,3.321,3.511,3.701,3.907,4.100,4.293,4.495,4.687,4.895,5.088,5.290,5.488,5.685,5.865,6.055,6.263,
2,51,0.226,0.415,0.616,0.809,1.026,1.234,1.410,1.624,1.821,2.024,2.224,2.423,2.651,2.821,3.022,3.200,3.540,3.741,3.933,4.123,4.300,4.485,4.667,4.864,5.053,5.214,5.396,5.585,5.787,5.978,6.180,6.368,6.566,6.769,6.942,7.150,7.341,7.527,7.726,7.923,8.106,8.300,8.520,8.705,8.903,9.077,9.271,9.447,9.637,9.817,10.021,10.204,10.388,10.572,10.741,10.919,11.115,
2,52,0.185,0.390,0.570,0.771,0.955,1.151,1.339,1.543,1.742,1.946,2.141,2.330,2.539,2.740,2.931,3.124,3.289,3.472,3.663,3.836,4.026,4.235,4.440,4.646,4.849,5.048,5.273,5.454,5.656,5.869,6.058,6.242,6.415,6.548,6.774,6.976,7.172,7.350,7.539,7.736,7.908,8.088,8.290,
2,53,0.183,0.369,0.562,0.766,0.951,1.149,1.341,1.528,1.706,1.900,2.088,2.266,2.446,2.650,2.833,3.031,3.243,3.440,3.654,3.860,4.056,4.251,4.447,4.636,4.821,5.024,5.210,5.402,5.584,5.781,5.977,6.159,6.338,6.533,6.735,6.910,7.108,7.308,7.519,7.696,7.895,8.090,8.301,8.519,8.723,8.925,9.136,9.326,9.503,9.684,9.861,10.048,10.387,10.581,10.774,10.925,
2,54,0.164,0.304,0.498,0.696,0.895,1.078,1.268,1.464,1.665,1.850,2.053,2.234,2.415,2.627,2.840,3.012,3.207,3.396,3.585,3.787,3.977,4.161,4.365,4.549,4.748,4.941,5.147,5.340,5.556,5.764,5.971,6.172,6.376,6.575,6.781,6.981,7.190,7.414,7.608,7.820,8.032,8.229,
2,55,0.236,0.433,0.634,0.839,1.038,1.240,1.438,1.644,1.813,2.019,2.162,2.355,2.551,2.728,2.922,3.105,3.296,3.496,3.690,3.892,4.083,4.270,4.439,4.636,4.829,4.999,5.197,5.398,5.602,5.802,6.020,6.220,
2,56,0.127,0.274,0.455,0.651,0.834,1.024,1.218,1.399,1.579,1.746,1.936,2.121,2.320,
2,57,0.149,0.285,0.475,0.659,0.851,1.035,1.220,1.406,1.597,1.788,1.982,2.184,2.375,2.579,2.769,2.977,3.162,3.354,3.555,3.767,3.957,4.151,4.297,4.517,4.722,4.909,5.113,5.302,5.499,5.701,5.885,6.077,6.268,6.460,6.644,6.835,7.018,7.216,7.392,7.609,7.820,8.023,8.221,8.413,8.625,8.819,9.019,9.224,9.422,9.625,9.836,10.040,10.244,10.442,10.637,10.812,10.969,11.173,
2,58,0.309,0.463,0.657,0.852,1.061,1.246,1.432,1.624,1.814,1.996,2.177,2.364,2.562,2.765,2.962,3.161,3.358,3.547,3.748,3.945,4.149,4.342,
2,59,0.071,0.247,0.446,0.640,0.812,1.023,1.215,1.415,1.594,1.803,2.024,2.199,
2,60,0.040,0.233,0.420,0.597,0.774,0.966,1.155,1.345,1.539,1.717,1.910,2.091,2.274,2.461,2.645,2.829,2.995,3.176,3.368,3.569,3.771,3.976,4.164,
2,61,0.144,0.313,0.502,0.693,0.894,1.076,1.280,1.470,1.679,1.871,2.074,2.285,2.486,2.660,2.854,3.044,3.248,3.464,3.672,3.866,4.068,4.262,4.452,4.646,4.835,5.029,5.225,5.431,5.646,5.849,6.047,6.263,6.468,6.650,6.857,7.055,7.273,7.459,7.660,7.859,8.062,8.248,8.454,8.651,8.848,9.054,9.265,9.443,9.648,9.812,10.030,10.216,10.402,10.608,10.812,11.022,11.217,11.409,11.649,11.847,12.053,12.266,12.451,12.650,12.843,13.029,13.233,13.440,13.646,13.850,14.042,14.242,
2,62,0.302,0.492,0.689,0.862,1.043,1.221,1.407,1.592,1.762,1.952,2.125,2.306,2.492,2.678,2.872,3.054,3.238,3.428,3.627,3.819,4.010,4.198,
2,63,0.044,0.219,0.418,0.619,0.803,0.982,1.163,1.321,1.528,1.712,1.903,2.089,2.281,2.460,2.653,2.844,3.041,3.216,3.404,3.593,3.774,3.973,4.160,4.350,4.556,4.764,4.971,5.172,5.353,5.556,5.751,5.952,6.148,6.346,6.543,6.747,6.961,7.156,7.351,7.528,7.723,7.903,
2,64,0.086,0.285,0.473,0.667,0.869,1.064,1.264,1.453,1.654,1.847,2.039,2.240,2.469,
2,65,0.196,0.395,0.558,0.742,0.932,1.145,1.325,1.502,1.690,1.876,2.065,2.262,2.447,2.646,2.806,2.996,3.186,3.358,3.513,3.723,3.914,4.106,4.298,4.497,4.679,4.897,5.078,5.274,5.467,5.665,5.871,6.080,6.281,6.479,6.670,6.851,7.030,7.212,7.398,7.589,7.795,7.993,8.173,8.366,8.552,8.752,8.936,9.149,9.347,9.523,9.718,9.931,10.150,10.330,10.523,10.726,10.932,11.126,11.326,11.517,11.700,11.910,12.119,
2,66,0.146,0.331,0.516,0.715,0.914,1.094,1.280,1.468,1.654,1.844,2.037,2.235,2.437,2.622,2.826,3.018,3.220,3.427,3.621,3.814,4.015,4.201,4.413,4.596,4.800,4.991,5.189,5.399,5.574,5.775,5.970,6.183,6.365,6.568,6.769,6.963,7.183,7.359,7.563,7.773,7.988,8.183,8.400,8.583,8.751,8.942,9.116,9.287,9.460,9.651,9.823,10.018,10.199,10.401,10.578,10.780,10.970,11.152,11.337,11.518,11.701,11.888,12.070,
2,67,0.107,0.297,0.489,0.659,0.847,1.025,1.220,1.399,1.596,1.769,1.948,2.119,2.283,2.475,2.649,2.818,2.953,
2,68,0.239,0.418,0.590,0.780,0.967,1.156,1.349,1.531,1.725,1.923,2.116,2.304,2.480,2.674,2.861,3.048,3.243,3.439,3.621,3.813,4.014,4.187,4.375,4.564,4.748,4.945,5.148,5.331,5.528,5.724,5.917,6.102,6.286,6.474,6.661,6.846,7.026,7.210,7.403,7.596,7.786,7.973,8.159,8.347,8.541,8.750,8.906,9.102,9.288,9.469,9.680,9.900,10.059,10.238,10.433,10.625,10.821,11.018,11.203,11.396,11.572,11.768,
2,69,0.153,0.337,0.531,0.736,0.910,1.107,1.296,1.493,1.680,1.900,2.081,2.289,2.484,2.681,2.875,3.069,3.251,3.443,3.616,3.802,3.987,4.176,4.385,4.584,4.781,4.973,5.173,5.369,5.578,5.779,5.981,6.201,6.386,6.583,6.776,6.951,7.136,7.343,7.526,7.726,7.910,8.113,8.312,8.520,8.715,8.913,9.099,9.295,9.499,9.712,9.908,10.095,10.283,10.488,10.679,10.888,11.092,11.289,11.471,11.669,11.855,12.044,12.219,
2,70,0.181,0.400,0.565,0.766,0.947,1.150,1.333,1.527,1.702,1.896,2.056,2.234,2.413,2.594,2.767,2.952,3.146,3.329,3.518,3.713,3.911,4.097,4.300,4.497,4.693,4.897,5.099,5.298,5.492,5.693,5.889,6.081,6.269,6.435,6.636,6.821,7.019,7.204,7.386,7.588,7.797,7.996,8.184,8.346,
2,71,0.082,0.272,0.455,0.645,0.833,1.022,1.217,1.411,1.601,1.772,1.965,2.139,2.326,2.523,2.688,2.889,3.064,3.273,3.458,3.646,3.834,4.048,4.273,4.458,4.655,4.832,5.024,5.195,5.401,5.600,5.796,6.024,6.201,6.395,6.603,6.796,6.996,7.188,7.372,7.560,7.745,7.915,
2,72,0.077,0.251,0.446,0.643,0.830,1.012,1.202,1.393,1.570,1.760,1.932,2.092,2.262,2.432,2.606,2.782,2.953,3.110,3.292,3.473,3.661,3.841,4.030,4.193,4.362,4.531,4.706,4.898,5.064,5.237,5.434,5.645,5.821,5.992,6.204,6.417,6.620,6.827,7.019,7.212,7.408,7.586,7.781,7.965,8.171,8.338,
2,73,0.091,0.280,0.484,0.688,0.890,1.082,1.273,1.464,1.640,1.830,1.967,2.141,2.306,2.494,2.689,2.834,3.052,3.234,3.413,3.587,3.775,3.943,4.119,4.299,
2,74,0.113,0.293,0.468,0.669,0.871,1.065,1.252,1.447,1.642,1.837,2.021,2.225,2.422,2.607,2.782,2.961,3.160,3.326,3.524,3.722,3.925,4.113,4.360,
2,75,0.102,0.281,0.464,0.648,0.831,1.015,1.186,1.341,1.518,1.698,1.868,2.044,2.212,2.399,2.582,2.766,2.955,3.149,3.332,3.526,3.725,3.919,4.114,4.303,4.481,4.666,4.829,4.999,5.165,5.338,5.517,5.689,5.876,6.064,6.242,6.430,6.613,6.767,6.972,7.144,
2,76,0.143,0.327,0.522,0.688,0.864,1.051,1.222,1.425,1.623,1.801,2.023,2.187,
2,77,0.066,0.270,0.430,0.615,0.810,0.987,1.169,1.346,1.521,1.686,1.861,2.045,2.250,
2,78,0.111,0.297,0.495,0.680,0.866,1.056,1.240,1.421,1.609,1.805,1.988,2.181,2.388,2.563,2.781,2.975,3.152,3.338,3.522,3.710,3.906,4.115,4.316,4.484,4.663,4.846,5.032,5.235,5.417,5.606,5.780,5.957,6.159,6.342,6.527,6.696,6.875,7.070,7.274,7.405,
2,79,0.045,0.242,0.432,0.635,0.806,1.003,1.186,1.350,1.539,1.725,1.897,2.093,2.304,2.485,2.668,2.848,3.023,3.198,3.387,3.567,3.770,3.962,4.153,
2,80,0.246,0.438,0.651,0.834,1.018,1.198,1.374,1.559,1.768,1.953,2.137,2.334,2.521,2.708,2.900,3.089,3.275,3.451,3.645,3.835,4.036,4.233,4.420,4.612,4.794,4.978,5.170,5.357,5.544,5.743,5.925,6.125,
2,81,0.027,0.212,0.406,0.578,0.760,0.943,1.113,1.292,1.472,1.659,1.845,2.045,2.238,2.434,2.645,2.828,3.018,3.218,3.405,3.593,3.776,3.964,4.145,4.330,4.512,4.692,4.896,5.075,5.263,5.448,5.646,5.833,6.016,6.176,
2,82,0.037,0.227,0.422,0.620,0.812,0.987,1.332,1.521,1.703,1.892,2.070,2.271,2.445,2.638,2.818,2.997,3.187,3.364,3.536,3.732,3.920,4.139,4.321,4.522,4.706,4.892,5.079,5.272,5.458,5.659,5.836,6.023,6.208,6.393,6.570,
2,83,0.055,0.244,0.420,0.598,0.780,0.963,1.151,1.326,1.518,1.696,1.847,2.038,2.228,2.421,2.580,2.769,2.934,3.125,3.308,3.492,3.684,3.860,4.056,4.249,4.430,4.622,4.814,5.001,5.194,5.386,5.567,5.745,5.939,6.137,6.329,6.520,6.688,6.846,7.021,7.241,
2,84,0.092,0.284,0.472,0.649,0.828,1.022,1.207,1.396,1.566,1.749,1.926,2.147,2.335,2.526,2.718,2.907,3.104,3.296,3.493,3.672,3.866,4.063,4.245,4.429,4.609,4.796,4.981,5.163,5.344,5.518,
2,85,0.083,0.266,0.469,0.664,0.854,1.059,1.263,1.456,1.647,1.844,2.046,2.216,2.397,2.566,2.723,2.907,3.077,3.195,
2,86,0.192,0.386,0.601,0.768,0.953,1.144,1.341,1.525,1.708,1.897,2.090,2.281,2.469,2.655,2.842,3.019,
2,87,0.079,0.267,0.434,0.619,0.806,0.979,1.156,1.328,1.517,1.683,1.853,2.024,2.185,2.348,2.527,2.699,2.887,3.060,3.242,3.429,3.618,3.803,3.976,
2,88,0.171,0.343,0.517,0.693,0.868,1.054,1.240,1.421,1.599,1.782,1.970,2.151,2.341,2.511,2.677,2.839,2.999,3.181,3.395,3.572,3.762,3.957,4.146,4.335,4.525,4.708,4.896,5.068,5.231,5.413,
2,89,0.119,0.293,0.479,0.655,0.841,1.039,1.232,1.418,1.649,1.827,2.015,2.198,2.399,2.567,2.744,2.926,3.115,3.313,3.516,3.699,3.900,4.076,
2,90,0.046,0.208,0.389,0.553,0.747,0.929,1.122,1.315,1.523,1.701,1.890,2.070,2.235,
2,91,0.106,0.283,0.474,0.664,0.837,1.025,1.214,1.405,1.600,1.775,1.982,2.167,2.360,2.552,2.750,2.943,3.142,3.333,3.523,3.728,3.932,4.121,4.322,4.529,4.720,4.917,5.114,5.312,5.523,5.694,5.861,6.081,
2,92,0.169,0.366,0.558,0.759,0.942,1.124,1.325,1.509,1.700,1.893,2.081,2.272,2.460,2.650,2.842,3.027,3.220,3.416,3.610,3.809,3.980,4.159,4.368,4.545,4.744,4.929,5.123,5.334,5.511,
2,93,0.141,0.329,0.517,0.685,0.884,1.079,1.268,1.468,1.656,1.853,2.055,2.247,
2,94,0.050,0.270,0.452,0.663,0.848,1.037,1.234,1.408,1.581,1.780,1.954,2.140,2.324,2.521,2.699,2.887,3.092,3.283,3.489,3.694,3.888,4.095,4.308,
2,95,0.056,0.226,0.419,0.593,0.787,0.978,1.165,1.352,1.542,1.725,1.908,2.108,2.290,2.487,2.688,2.885,3.083,3.275,3.476,3.677,3.885,4.080,
3,1,0.271,0.470,0.635,0.807,0.978,1.135,1.307,1.477,1.645,1.818,2.019,2.172,2.350,2.523,2.692,2.864,3.046,3.220,3.389,3.566,3.741,3.931,4.105,4.270,
3,2,0.150,0.294,0.454,0.623,0.777,0.956,1.134,1.310,1.484,1.661,1.829,2.001,2.183,2.363,2.562,2.744,2.930,3.079,3.252,3.408,3.594,3.768,3.921,4.080,4.252,4.410,4.573,4.724,
3,3,0.045,0.223,0.377,0.533,0.731,0.892,1.063,1.235,1.415,1.583,1.759,1.925,2.092,2.271,2.450,2.643,2.814,2.991,3.188,3.364,3.540,3.710,3.894,4.079,4.252,4.433,4.622,4.800,4.968,
3,4,0.063,0.244,0.412,0.590,0.774,0.949,1.120,1.292,1.482,1.661,1.822,2.025,2.191,2.372,2.542,2.725,2.892,3.077,3.261,3.449,3.642,3.815,4.009,4.182,
3,5,0.167,0.340,0.517,0.702,0.901,1.064,1.245,1.433,1.611,1.768,1.953,2.125,2.307,2.483,2.669,2.849,3.028,3.218,3.390,3.570,3.769,3.946,4.135,4.313,4.476,
3,6,0.038,0.225,0.412,0.594,0.776,0.947,1.112,1.297,1.472,1.647,1.827,2.017,2.192,
3,7,0.058,0.244,0.422,0.591,0.784,0.959,1.134,1.309,1.462,1.634,1.816,1.989,2.154,2.336,2.518,2.715,2.898,3.077,3.268,3.443,3.626,3.800,3.963,
3,8,0.110,0.289,0.477,0.659,0.836,1.022,1.208,1.389,1.579,1.743,1.941,2.140,2.323,2.488,2.676,2.876,3.058,3.273,3.429,3.616,3.801,3.969,4.144,4.327,4.524,4.695,4.853,5.028,
3,9,0.159,0.351,0.548,0.733,0.931,1.114,1.293,1.475,1.654,1.832,2.020,2.207,2.397,2.585,2.768,2.976,3.148,3.323,3.515,3.675,3.862,4.059,
3,10,0.101,0.286,0.461,0.654,0.852,1.032,1.229,1.426,1.612,1.815,2.022,2.215,2.411,2.596,2.773,2.902,3.084,3.283,3.470,3.640,3.827,4.023,4.206,4.397,4.574,4.787,4.966,5.180,5.345,5.524,5.695,
3,11,0.029,0.211,0.408,0.585,0.787,0.989,1.178,1.364,1.549,1.717,1.896,2.051,2.224,2.396,2.594,2.763,2.956,3.150,3.330,3.514,3.703,3.909,4.075,4.267,4.464,4.647,4.833,5.027,5.216,5.398,5.566,
3,12,0.169,0.360,0.539,0.707,0.898,1.073,1.246,1.437,1.648,1.838,2.018,2.222,2.423,2.622,2.824,2.997,3.191,3.361,3.545,3.718,3.914,4.103,4.286,4.493,4.655,4.842,5.041,5.201,5.371,5.567,5.751,5.923,
3,13,0.191,0.394,0.574,0.749,0.934,1.112,1.312,1.481,1.677,1.853,2.051,2.248,2.430,2.613,2.814,2.999,3.197,3.396,3.590,3.783,3.960,4.150,4.345,4.543,4.717,4.921,5.109,5.304,5.495,5.694,5.875,6.057,
3,14,0.057,0.273,0.490,0.703,0.893,1.072,1.293,1.524,1.711,1.910,2.122,2.334,2.574,2.774,2.962,3.156,3.358,3.534,3.727,3.918,4.108,
3,15,0.098,0.284,0.468,0.655,0.836,1.019,1.207,1.399,1.590,1.778,1.965,2.156,2.363,2.529,2.720,2.912,3.097,3.288,3.473,3.657,3.862,4.034,4.221,4.408,4.597,4.784,4.949,
3,16,0.100,0.294,0.517,0.700,0.906,1.108,1.309,1.518,1.695,1.884,2.071,2.268,
3,17,0.076,0.246,0.429,0.616,0.801,0.984,1.168,1.351,1.544,1.729,1.921,2.108,2.304,
3,18,0.056,0.263,0.438,0.620,0.821,1.002,1.166,1.351,1.538,1.728,1.926,2.123,2.322,2.514,2.701,2.897,3.083,3.268,3.439,3.622,3.809,3.991,4.177,4.367,4.524,4.702,4.898,5.086,5.265,5.443,
3,19,0.097,0.271,0.442,0.624,0.796,0.954,1.139,1.309,1.499,1.847,2.045,2.235,2.426,2.639,2.824,3.001,3.198,3.390,3.533,3.728,3.870,4.107,
3,20,0.094,0.267,0.459,0.648,0.796,0.969,1.148,1.314,1.515,1.692,1.898,2.075,2.265,2.443,2.621,
3,21,0.066,0.249,0.427,0.616,0.801,0.988,1.177,1.368,1.555,1.736,1.912,2.095,2.284,2.459,2.646,2.847,3.046,3.229,3.425,3.617,3.814,4.010,4.175,4.363,4.557,4.760,4.933,5.117,5.302,5.489,5.681,5.873,
3,22,0.067,0.242,0.417,0.595,0.771,0.934,1.107,1.294,1.474,1.656,1.835,2.022,2.190,
3,23,0.102,0.271,0.454,0.648,0.799,0.974,1.148,1.308,1.479,1.648,1.806,1.969,2.148,2.319,2.494,2.673,2.861,3.035,3.215,3.421,3.604,3.793,3.969,4.167,4.350,4.531,4.706,4.900,5.056,5.237,5.419,5.602,
3,24,0.035,0.212,0.404,0.587,0.771,0.964,1.161,1.364,1.562,1.741,1.932,2.096,2.265,2.455,2.648,2.829,3.015,3.214,3.399,3.579,3.775,3.963,4.149,
3,25,0.149,0.319,0.516,0.688,0.872,1.043,1.235,1.409,1.604,1.801,1.986,2.174,2.355,2.538,2.736,2.917,3.110,3.304,3.476,3.661,3.845,4.017,4.212,
3,26,0.071,0.271,0.447,0.645,0.822,1.022,1.192,1.360,1.538,1.695,1.861,2.029,2.198,2.370,2.559,2.735,2.921,3.094,3.246,3.429,3.611,3.802,4.023,4.196,4.390,4.548,4.774,4.935,
3,27,0.114,0.312,0.522,0.719,0.904,1.091,1.283,1.455,1.650,1.823,1.996,2.174,2.359,2.540,2.722,2.903,3.100,3.284,3.462,3.644,3.830,4.024,4.219,4.404,4.587,4.774,4.957,5.148,5.341,5.513,5.702,5.871,6.047,6.220,6.399,
3,28,0.192,0.397,0.591,0.794,0.991,1.174,1.356,1.539,1.700,1.894,2.045,2.203,2.377,2.561,2.747,2.944,3.145,3.330,3.525,3.716,3.902,4.094,4.281,4.461,4.652,4.835,5.016,5.185,5.396,5.573,5.766,5.958,6.146,6.343,6.516,
3,29,0.095,0.273,0.476,0.653,0.839,1.022,1.188,1.343,1.500,1.684,1.864,2.040,2.217,2.400,2.592,2.781,2.964,3.147,3.340,3.546,3.731,3.924,4.120,4.289,4.479,4.673,4.877,5.069,5.269,5.463,5.664,5.863,6.065,6.242,
3,30,0.122,0.307,0.501,0.701,0.890,1.069,1.250,1.434,1.621,1.798,1.983,2.173,2.368,
3,31,0.160,0.341,0.539,0.714,0.888,1.065,1.237,1.422,1.599,1.781,1.960,2.155,2.345,2.528,2.704,2.872,3.068,3.272,3.455,3.627,3.824,4.029,4.230,4.399,4.581,4.779,4.973,5.152,5.354,5.543,5.757,5.933,6.124,
3,32,0.097,0.285,0.474,0.656,0.852,1.067,1.283,1.477,1.664,1.855,2.051,2.241,2.433,2.619,2.821,3.027,3.224,3.434,3.618,3.824,4.021,4.227,4.434,4.634,4.839,5.047,5.268,5.466,5.649,5.839,6.043,6.240,6.435,6.650,6.852,7.038,7.224,7.397,
3,33,0.044,0.235,0.430,0.626,0.833,1.021,1.233,1.440,1.626,1.813,1.996,2.183,2.367,2.549,2.730,2.916,3.089,3.279,3.458,3.651,3.849,4.033,4.221,4.409,4.599,4.786,4.963,5.143,5.335,5.524,5.709,5.905,6.075,6.274,6.445,6.624,6.806,6.984,
3,34,0.119,0.304,0.496,0.675,0.865,1.053,1.244,1.430,1.620,1.803,1.992,2.183,2.374,2.567,2.775,2.946,3.142,3.322,3.526,3.682,3.862,4.046,4.230,4.411,4.598,4.793,5.001,5.204,5.397,5.583,5.779,5.980,6.188,6.394,6.583,6.784,6.987,7.193,7.394,7.592,7.783,7.946,
3,35,0.107,0.302,0.492,0.683,0.875,1.048,1.237,1.421,1.606,1.786,1.966,2.147,2.325,2.514,2.701,2.866,3.061,3.264,3.481,3.672,3.871,4.074,4.515,4.697,4.898,5.074,5.239,5.416,5.579,5.765,5.941,6.149,6.329,6.516,6.715,6.919,7.116,
3,36,0.150,0.352,0.553,0.767,0.949,1.150,1.321,1.517,1.702,1.900,2.073,2.267,2.443,2.651,2.831,3.030,3.205,3.396,3.587,3.771,3.958,4.144,4.337,4.522,4.713,4.907,5.107,5.303,5.489,5.669,5.850,6.034,6.234,6.434,6.639,6.843,7.081,
3,37,0.205,0.416,0.654,0.849,1.043,1.228,1.436,1.640,1.836,2.024,2.199,2.407,2.575,2.751,2.937,3.115,3.316,3.524,3.707,3.898,4.100,4.295,4.479,4.656,4.844,5.018,5.213,5.392,5.584,5.773,5.970,6.167,6.362,6.529,
3,38,,
3,39,,
3,40,0.025,0.200,0.373,0.543,0.713,0.892,1.072,1.245,1.417,1.590,1.767,1.946,2.125,2.311,2.510,2.687,2.893,3.059,3.248,3.432,3.606,3.775,3.950,4.144,4.321,4.500,4.664,4.837,5.020,5.199,5.394,5.574,5.761,5.944,6.145,6.322,6.512,6.697,
3,41,0.115,0.290,0.468,0.649,0.824,1.016,1.185,1.362,1.538,1.708,1.899,2.072,2.266,2.442,2.622,2.806,2.985,3.173,3.370,3.549,3.728,3.910,4.095,4.282,4.470,4.663,4.846,5.040,5.234,5.431,5.623,5.811,5.994,6.168,
