0,1,0.104,0.175,0.282,0.396,0.499,0.612,0.716,0.823,0.935,1.042,1.164,1.266,1.396,1.513,1.615,1.726,1.840,1.953,2.067,2.186,2.317,2.446,2.562,2.686,2.803,2.929,3.048,3.157,3.291,3.419,3.561,3.699,3.832,3.967,4.105,4.242,4.360,4.483,4.624,4.777,4.925,5.057,5.187,5.341,5.497,5.648,5.802,5.960,6.109,6.265,6.411,6.569,6.712,6.859,7.019,7.174,7.325,7.474,7.649,7.793,7.936,8.093,8.266,8.422,8.584,8.744,8.900,9.031,9.174,9.331,9.490,9.650,9.799,9.964,10.124,10.277,
0,1,0.038,0.176,0.317,0.464,0.610,0.732,1.018,1.152,1.298,1.454,1.615,1.769,1.914,2.060,2.202,2.331,2.449,2.593,2.769,2.926,3.098,3.248,3.408,3.556,3.715,3.877,4.052,4.220,4.387,4.547,4.696,4.841,5.020,5.185,5.339,5.500,5.658,5.818,5.968,6.137,6.283,6.443,6.595,6.771,6.934,7.105,7.285,7.460,7.638,7.813,7.969,8.138,8.299,8.473,8.625,8.797,8.963,9.125,9.295,9.441,9.597,9.742,9.901,10.051,10.181,10.329,
0,1,0.275,0.408,0.555,0.691,
0,1,0.268,0.411,0.559,0.708,0.822,
2,1,0.158,0.466,0.614,0.784,1.146,1.263,1.396,1.498,1.610,1.837,1.970,2.086,2.193,2.308,2.445,2.573,2.691,2.812,2.934,3.058,3.186,3.313,3.444,3.588,3.722,3.870,4.014,4.155,4.281,4.398,4.855,
2,2,0.233,0.390,0.545,0.688,
2,3,0.230,0.336,0.501,0.647,0.810,0.961,1.120,1.268,1.420,1.563,1.733,1.888,2.058,2.227,2.374,2.541,2.698,2.842,3.019,3.168,3.328,3.486,3.639,3.797,3.963,
2,4,0.038,0.196,0.339,0.521,0.654,0.811,0.971,1.138,1.305,1.466,1.639,1.792,1.961,2.125,2.306,2.464,2.653,2.821,2.995,3.175,3.359,3.533,3.702,3.868,4.043,4.208,4.390,4.562,4.725,4.890,5.043,5.204,5.344,
2,5,0.145,0.295,0.463,0.621,0.779,0.923,1.089,1.247,1.413,1.572,1.727,1.903,2.063,2.263,2.396,2.546,2.698,2.867,3.032,3.196,3.359,3.526,3.698,3.868,4.043,4.203,4.397,4.553,4.718,
2,6,0.069,0.232,0.394,0.555,0.720,0.877,1.027,1.188,1.339,1.496,1.659,1.819,1.978,2.151,2.307,2.466,2.645,2.790,2.956,3.112,3.278,3.417,3.567,3.724,3.896,4.038,4.204,4.359,4.513,4.646,
2,7,0.248,0.415,0.590,
2,8,0.084,0.250,0.452,0.625,0.801,0.975,1.163,1.333,1.522,1.693,1.862,2.031,2.220,2.394,2.566,2.747,2.921,3.086,3.273,3.446,3.617,3.802,3.992,4.169,4.354,4.532,4.708,4.895,5.067,5.235,5.415,
2,9,0.088,0.247,0.396,0.539,0.686,0.831,0.980,1.146,1.270,1.397,1.517,1.647,1.777,
2,10,0.150,0.296,0.455,0.598,0.733,0.861,1.017,1.163,1.319,1.465,1.613,1.768,1.904,2.047,2.207,2.346,2.518,2.664,2.819,3.001,3.146,3.302,3.446,3.607,3.768,3.905,4.060,4.223,4.375,4.531,4.665,4.811,4.964,5.097,5.229,
2,11,0.101,0.271,0.431,0.591,0.736,0.891,1.043,
2,12,0.108,0.260,0.416,0.566,0.719,0.894,1.050,1.203,1.359,1.520,1.676,1.829,1.989,2.157,2.302,2.473,2.645,2.788,2.942,3.077,3.232,3.395,3.545,3.690,3.842,3.994,4.152,4.301,4.445,4.607,4.763,4.896,5.036,
2,13,0.030,0.168,0.301,0.428,0.561,0.670,0.777,0.903,1.054,1.289,1.431,1.601,1.760,1.900,2.067,2.202,2.358,2.511,2.659,2.795,2.919,3.060,3.225,3.395,3.535,3.711,3.838,3.993,4.145,4.280,4.427,4.574,
2,14,0.115,0.271,0.419,0.580,0.699,0.855,0.994,1.235,1.388,1.652,1.751,1.901,2.063,2.236,2.405,2.554,2.716,2.889,3.044,3.208,3.377,3.523,3.672,3.827,3.994,4.189,4.349,4.540,4.773,4.941,5.108,
2,15,0.163,0.316,0.467,0.624,0.802,0.962,1.105,1.265,1.418,1.569,1.735,1.899,2.050,2.208,2.353,2.516,2.674,2.833,2.980,3.120,3.251,3.409,3.548,3.776,3.932,4.085,4.236,4.370,4.573,
2,16,0.027,0.215,0.426,0.584,0.746,
2,17,0.052,0.245,0.456,0.625,0.784,0.946,1.107,1.268,1.432,1.578,1.765,2.190,2.347,2.542,2.697,2.868,3.064,3.252,3.421,3.580,
2,18,0.099,0.245,0.412,0.560,
2,19,0.145,0.279,0.415,0.562,
2,20,0.055,0.208,0.364,0.524,0.670,0.830,0.995,1.141,1.294,1.457,1.602,1.739,1.877,2.024,2.151,2.299,2.438,2.574,2.717,2.876,3.035,3.195,3.336,3.508,3.664,3.794,3.946,4.079,4.227,4.366,4.509,4.642,
2,21,0.049,0.196,0.358,0.523,0.677,
2,22,0.098,0.273,0.421,0.574,0.729,0.890,1.033,
2,23,0.161,0.304,0.458,0.612,0.773,0.931,1.101,1.273,1.424,1.594,1.747,1.910,2.065,2.241,2.408,2.585,2.742,2.908,3.073,3.244,
2,24,0.272,0.408,0.565,0.724,0.872,1.014,1.176,1.335,1.470,1.626,1.787,1.919,2.068,2.223,2.374,2.525,2.681,2.829,2.978,3.145,3.300,3.466,3.645,3.808,4.012,4.145,4.298,4.466,4.645,4.789,4.930,5.079,5.220,5.406,
2,25,0.081,0.240,0.396,0.553,0.708,0.876,1.040,1.208,1.377,1.536,1.712,1.877,2.041,2.218,2.391,2.556,2.710,2.876,3.041,3.222,3.391,3.566,3.729,3.891,4.110,
2,26,0.067,0.230,0.397,0.536,0.706,0.870,1.046,1.231,1.401,1.573,1.768,
2,27,0.121,0.280,0.424,0.576,0.723,0.874,1.034,1.199,1.360,1.530,1.686,1.841,2.018,2.148,2.291,2.456,2.648,2.765,2.932,3.103,3.265,3.416,3.544,3.700,3.877,4.032,4.188,4.332,4.472,4.748,4.899,
2,28,0.164,0.269,0.373,0.516,0.627,0.719,0.912,1.020,1.126,1.232,1.353,1.479,1.581,1.691,1.796,1.883,2.023,2.160,2.297,2.429,2.571,2.714,2.867,2.983,3.115,3.267,
2,29,0.290,0.416,0.552,0.810,0.899,1.016,1.159,1.290,1.591,1.708,1.845,2.070,2.187,2.325,2.436,2.551,2.672,2.794,2.908,3.024,3.162,3.267,3.400,3.530,3.618,4.115,4.240,4.370,4.408,4.559,4.739,4.869,5.159,5.353,5.484,5.820,5.932,6.043,6.176,6.317,6.519,6.660,6.837,7.019,7.167,7.325,7.476,7.639,7.789,
2,30,,
2,31,0.118,0.273,0.434,0.594,0.761,0.917,1.100,1.271,1.432,1.601,1.785,1.932,2.097,2.273,2.442,2.625,2.787,2.960,3.146,3.301,3.439,3.596,3.732,3.896,4.020,4.124,4.247,4.600,
2,32,0.041,0.187,0.329,0.478,0.618,0.762,0.902,1.039,1.185,1.318,1.449,1.598,1.745,1.899,2.052,2.188,2.468,2.646,2.795,2.945,3.083,3.234,
2,33,0.320,0.448,0.584,0.719,0.870,1.015,1.148,1.290,1.437,1.590,1.730,1.895,2.038,2.189,2.352,2.526,2.700,2.851,3.000,3.165,3.321,
2,34,0.273,0.404,0.577,0.773,0.938,1.107,1.288,1.451,1.644,1.810,1.979,2.141,2.301,2.485,2.678,2.862,3.041,3.212,3.391,3.548,3.745,3.891,4.064,4.249,4.416,4.601,4.788,4.955,5.142,5.322,5.495,5.667,5.817,
2,35,0.175,0.338,0.524,0.663,0.809,0.967,1.126,1.297,1.465,1.641,1.802,1.969,2.142,2.289,2.455,2.617,2.798,2.973,3.142,3.300,3.470,3.627,3.779,3.917,4.067,4.214,4.343,4.501,4.643,4.731,4.847,4.970,5.063,
2,36,0.147,0.290,0.448,0.607,0.781,0.947,1.112,1.289,1.468,1.658,1.824,1.994,2.158,2.331,2.515,2.660,2.829,3.002,3.178,3.326,
2,37,0.037,0.208,0.371,0.525,0.691,0.859,1.030,1.206,1.388,1.555,1.732,1.909,2.068,2.238,2.422,2.578,2.772,2.926,3.096,3.272,3.448,3.623,3.804,3.989,4.187,4.389,4.547,4.695,4.841,4.998,5.143,5.327,5.465,5.620,5.793,5.961,6.123,6.274,6.390,
2,38,0.090,0.251,0.412,0.589,0.767,0.920,1.101,1.286,1.455,1.641,1.816,1.999,2.168,2.351,2.534,2.720,2.901,3.071,3.243,3.436,3.635,3.809,4.018,4.203,4.363,4.535,4.685,4.769,
2,39,0.093,0.320,0.520,0.650,0.796,0.929,1.074,1.213,1.366,1.520,1.688,1.859,2.032,2.232,2.413,2.569,2.724,2.930,3.114,3.285,3.465,3.651,3.788,3.954,4.114,4.285,4.429,4.563,4.696,4.819,4.927,5.046,5.145,5.269,5.362,5.482,5.602,5.714,5.828,5.935,
2,40,0.034,0.182,0.330,0.535,0.646,0.767,0.874,0.980,1.081,1.187,1.290,1.401,1.495,1.620,1.735,1.846,1.950,2.171,2.295,2.395,2.518,2.638,2.768,2.858,2.992,3.104,3.317,3.393,3.519,3.650,3.772,3.885,3.996,4.119,4.238,4.366,4.492,4.624,4.750,4.858,4.999,5.136,5.299,5.457,5.606,5.770,5.925,6.086,6.237,6.354,6.468,
2,41,0.107,0.235,0.355,0.472,0.584,0.817,0.967,1.091,1.205,
2,42,0.093,0.207,0.346,0.572,0.719,0.853,0.990,
2,43,0.137,0.288,0.596,0.742,0.888,1.031,1.176,1.313,1.471,1.589,1.711,1.818,1.932,2.049,2.163,2.308,2.465,2.639,2.806,2.963,3.139,3.297,3.499,3.682,3.877,4.026,4.174,4.337,4.495,4.647,4.800,4.973,5.120,5.290,5.480,5.624,5.791,5.920,
2,44,0.069,0.236,0.396,0.555,0.727,0.893,1.078,1.209,1.352,1.480,1.589,1.677,1.808,1.930,2.054,2.138,2.273,2.371,2.496,2.600,2.715,2.825,2.959,3.069,3.367,3.520,3.637,3.773,3.915,3.992,4.137,4.244,4.356,4.478,4.596,4.698,4.807,4.940,5.038,
2,45,0.040,0.202,0.362,0.521,0.706,0.898,1.044,
2,46,0.037,0.180,0.335,0.456,0.602,0.741,0.936,1.079,1.210,1.330,1.440,1.535,1.679,1.771,1.874,2.028,2.154,2.275,2.395,2.551,2.717,2.895,3.042,3.221,3.389,3.552,3.690,3.867,4.022,4.188,4.351,4.624,4.801,4.896,5.023,
2,47,0.033,0.191,0.338,0.650,0.802,0.981,1.127,1.297,1.457,1.658,1.846,
2,48,0.176,0.336,0.520,
2,49,0.151,0.314,0.480,0.646,0.816,0.995,1.174,1.337,1.498,1.652,1.946,2.096,2.268,2.408,2.573,2.769,2.964,3.143,3.320,3.484,3.655,3.825,3.971,4.124,4.269,4.388,4.489,4.595,4.815,4.943,
2,50,0.096,0.366,0.509,0.662,0.813,0.935,1.100,1.245,1.405,1.578,1.728,1.851,1.990,2.120,2.276,2.410,2.576,2.736,2.893,3.049,3.209,
2,51,0.116,0.433,0.569,0.723,0.865,1.030,
2,52,0.080,0.235,0.397,0.533,0.677,0.811,0.934,1.063,1.172,1.286,1.386,1.519,1.619,1.729,1.838,
2,53,0.101,0.230,0.343,0.475,0.692,0.807,0.948,1.074,1.184,1.297,1.530,1.672,1.974,2.150,2.314,2.485,2.654,2.813,2.987,3.151,3.312,3.483,3.691,3.842,3.998,4.163,4.326,4.461,4.622,4.792,4.915,5.113,5.265,5.399,5.515,5.618,
2,54,0.048,0.207,0.358,0.519,0.673,0.829,0.995,1.147,1.305,1.494,1.653,1.828,2.014,2.198,2.369,2.543,2.701,2.861,3.018,3.182,3.336,3.514,3.692,3.874,4.069,4.231,4.413,4.606,4.772,4.914,5.052,5.180,5.282,5.399,
2,55,0.037,0.204,0.368,0.546,0.716,0.873,1.069,1.234,1.409,1.552,1.732,1.906,2.054,2.221,2.389,2.518,2.691,2.873,3.057,3.211,3.410,3.596,3.769,3.936,4.127,4.300,4.476,4.586,4.709,4.834,4.937,5.039,5.155,
2,56,0.057,0.242,0.408,0.569,0.723,0.862,0.977,1.094,1.205,1.310,1.426,1.627,1.765,1.904,2.057,2.207,2.366,2.521,2.680,2.827,2.972,3.118,3.268,3.427,3.597,3.811,3.921,4.103,4.298,4.472,4.625,4.783,4.983,5.127,5.293,5.453,5.601,5.749,5.890,6.029,6.160,6.270,6.550,
2,57,0.266,0.429,0.609,0.799,1.016,
2,58,0.161,0.376,0.584,0.769,0.969,1.169,1.356,1.545,1.766,1.939,2.150,2.325,2.517,2.723,2.923,3.097,3.284,3.467,3.678,3.901,4.061,4.268,4.447,4.637,4.841,5.033,5.222,5.463,5.652,5.815,6.018,
2,59,0.082,0.209,0.316,0.431,0.547,0.679,0.812,0.938,1.064,1.153,1.276,1.400,1.516,1.626,1.738,1.843,1.975,2.100,2.225,2.351,2.466,2.577,2.682,2.809,2.935,3.056,3.170,3.289,3.416,3.517,3.717,3.842,3.968,4.168,4.322,4.445,4.571,4.706,4.948,5.097,5.239,5.393,5.562,5.733,5.910,6.048,6.212,6.393,6.560,6.786,6.964,7.150,7.318,7.519,7.672,7.835,
2,60,0.165,0.353,0.524,0.714,0.928,
2,61,0.206,0.377,0.577,
2,62,0.140,0.316,0.530,0.907,1.105,1.298,1.508,1.698,
2,63,0.228,0.390,0.582,0.790,0.984,
2,64,0.088,0.274,0.475,
2,65,0.189,0.397,0.584,0.767,0.979,1.183,1.365,1.564,1.751,1.940,2.145,2.347,2.557,2.764,2.975,3.204,3.402,3.604,3.805,4.012,4.236,4.422,4.646,4.860,5.030,5.229,5.411,5.588,5.741,5.897,6.037,
2,66,0.051,0.232,0.417,0.623,0.819,1.025,1.214,1.401,1.597,1.803,1.987,2.199,2.376,2.562,2.761,2.947,3.145,3.349,3.536,3.728,3.902,4.091,4.292,4.512,4.673,4.847,5.029,5.180,
2,67,0.070,0.271,0.493,0.814,0.989,
2,68,0.268,0.433,0.618,0.799,0.991,1.166,1.356,1.547,1.728,1.920,2.114,2.313,2.490,2.684,2.895,3.072,3.262,3.452,3.646,3.835,4.031,4.217,4.396,4.575,4.763,4.933,
2,69,0.127,0.307,0.502,0.703,0.895,1.083,1.270,1.468,1.657,1.836,2.021,2.215,2.372,2.540,2.716,2.895,3.082,3.262,
2,70,0.202,0.365,0.530,0.693,0.863,1.047,1.223,1.409,1.601,1.786,
2,71,0.029,0.213,0.396,0.566,0.747,0.936,1.111,1.298,1.490,1.657,1.832,2.037,2.198,2.397,2.577,2.783,2.967,3.154,
2,72,0.050,0.220,0.403,0.594,0.764,0.942,1.118,1.279,1.452,1.643,
2,73,0.037,0.202,0.372,0.546,0.721,0.900,1.065,1.238,1.429,1.598,1.767,
2,74,0.032,0.202,0.399,0.565,0.739,0.940,
2,75,0.150,0.328,0.525,0.660,0.842,1.025,1.193,1.392,1.583,1.776,1.964,2.162,2.356,2.567,2.748,2.971,3.143,3.498,3.650,3.825,4.202,4.393,4.559,4.712,4.873,5.039,5.217,5.411,
2,76,0.179,0.400,0.561,
2,77,0.058,0.241,0.417,0.605,0.789,0.978,1.165,1.353,1.526,1.719,
2,78,0.052,0.236,0.412,0.583,0.769,0.959,1.163,1.360,1.541,1.729,1.928,2.111,2.319,2.489,2.677,2.868,3.064,3.270,3.436,3.613,3.820,3.977,4.151,4.331,4.528,4.718,4.910,5.083,5.271,5.391,
2,79,0.046,0.235,0.433,0.611,0.808,1.013,1.193,1.406,1.603,1.789,
2,80,0.208,0.403,0.609,0.810,0.982,1.168,1.354,1.548,1.721,1.908,2.107,2.281,2.470,2.665,2.863,3.046,3.233,3.435,3.622,3.811,4.025,4.202,4.398,4.599,4.782,4.963,5.149,
2,81,0.142,0.305,0.494,0.673,0.892,1.068,1.259,1.447,1.643,1.833,
2,82,0.141,0.314,0.525,0.704,0.895,1.089,1.275,1.464,1.664,1.832,2.026,2.219,2.396,2.591,2.788,2.981,3.167,3.349,3.546,3.724,3.906,4.091,4.282,4.462,
2,83,0.195,0.397,0.579,0.763,0.950,1.147,1.336,1.542,1.729,1.906,2.088,2.281,2.460,2.648,2.833,2.997,3.187,3.365,3.546,3.717,3.898,4.047,4.195,
2,84,0.093,0.270,0.438,0.608,0.785,0.959,1.152,1.339,1.521,1.678,1.851,2.021,2.181,2.321,2.499,2.661,2.816,2.969,3.112,3.272,3.421,3.588,3.739,3.906,4.059,4.220,4.389,4.538,4.683,4.821,4.932,
2,85,0.124,0.284,0.430,0.581,0.773,0.932,1.101,1.273,1.451,1.615,1.776,1.944,2.109,2.273,2.449,2.593,2.773,2.927,3.091,3.274,3.454,3.641,3.802,3.970,4.097,4.208,4.331,
2,86,0.151,0.327,0.489,0.659,0.807,0.958,1.115,1.275,1.416,1.570,1.729,1.892,2.043,2.214,2.365,2.526,2.692,2.865,3.026,3.185,3.361,3.526,3.677,3.835,3.974,4.117,4.238,4.331,4.453,
2,87,0.292,0.442,0.610,0.773,0.928,1.086,1.273,1.440,1.601,1.773,1.940,2.094,2.250,2.403,2.571,2.724,2.890,3.033,3.177,3.357,3.495,3.641,3.793,3.945,4.102,4.274,4.417,4.576,4.706,4.803,
2,88,0.091,0.248,0.411,0.568,0.722,0.888,1.055,1.205,1.361,1.532,1.687,1.845,
2,89,0.092,0.251,0.410,0.576,0.737,0.913,1.086,1.267,1.440,1.564,1.738,1.916,2.069,2.246,2.429,2.651,2.812,3.001,3.164,3.364,
2,90,0.307,0.436,0.604,0.751,0.913,1.079,1.250,1.412,1.594,1.746,1.916,2.072,2.240,2.398,2.570,2.746,2.918,3.085,3.271,3.406,3.562,3.728,3.912,4.071,4.223,4.354,4.549,4.687,
2,91,0.041,0.200,0.384,0.543,0.712,0.901,1.062,1.244,1.401,1.564,1.698,1.858,2.022,2.189,2.368,2.533,2.707,2.885,3.056,3.236,3.405,3.568,3.744,3.918,4.093,4.236,4.358,4.472,
2,92,0.177,0.340,0.517,0.687,0.860,1.029,1.205,1.375,1.555,1.727,1.906,2.076,2.241,2.396,2.584,2.737,2.909,3.082,3.249,
2,93,0.182,0.354,0.526,0.686,0.854,1.028,1.198,1.354,1.531,1.696,1.853,2.045,2.203,2.368,2.537,2.702,2.876,3.073,3.240,3.411,3.577,
2,94,0.244,0.390,0.558,0.713,0.865,1.018,1.206,1.334,1.518,1.683,1.847,1.990,2.135,2.275,2.437,2.597,2.779,2.952,3.141,3.331,3.519,3.702,3.888,4.155,4.282,4.449,4.611,4.770,4.911,5.066,5.207,
2,95,0.165,0.327,0.510,0.680,0.844,1.013,1.180,1.347,1.522,1.683,1.843,2.014,2.166,2.349,2.538,2.712,2.904,3.103,3.268,3.437,3.589,3.749,3.917,4.073,4.228,4.501,4.645,
2,96,0.150,0.289,0.474,0.651,0.809,0.979,1.151,1.333,1.518,1.703,1.875,2.050,2.206,2.374,2.560,2.689,2.861,3.050,3.198,3.363,3.538,3.704,3.905,4.044,4.225,4.386,4.544,4.706,4.886,5.044,5.218,5.386,5.551,5.714,
2,97,0.336,0.479,0.647,0.809,0.966,1.115,1.274,1.436,1.590,1.771,1.943,2.113,2.278,2.441,2.603,2.779,2.935,3.096,3.272,3.459,3.639,3.796,3.969,4.142,4.328,4.522,4.699,4.859,5.026,5.200,5.389,5.533,5.686,
2,98,0.220,0.360,0.530,0.687,0.860,1.018,1.177,1.350,1.522,1.723,1.885,2.069,2.236,2.427,2.594,2.772,2.953,3.117,3.269,
2,99,0.320,0.424,0.599,0.747,0.914,1.085,1.251,1.426,1.599,1.786,1.964,2.164,2.340,2.517,2.707,2.900,3.088,3.249,3.427,3.623,3.814,4.017,4.202,4.401,4.555,4.722,4.901,5.040,5.195,5.361,5.525,5.672,5.793,5.914,6.041,6.179,6.268,6.385,
2,100,0.267,0.417,0.580,0.751,0.922,1.105,1.289,1.462,1.620,1.809,1.996,2.151,2.329,2.533,2.701,2.870,3.035,3.208,
2,101,0.293,0.424,0.608,0.777,0.923,1.076,
2,102,0.033,0.191,0.399,0.531,0.703,0.871,1.033,1.184,1.344,1.517,1.677,1.850,2.052,2.238,2.400,2.554,2.716,2.901,3.069,3.245,
2,103,0.335,0.489,0.645,0.810,0.974,1.126,1.279,1.439,1.598,1.772,1.910,2.066,2.232,2.419,2.582,2.773,2.944,3.124,3.302,3.486,3.664,3.841,4.023,4.177,4.327,4.477,
2,104,0.062,0.234,0.399,0.554,0.709,0.877,1.059,1.214,1.376,1.574,1.732,1.896,2.051,2.217,2.397,2.552,2.735,2.903,3.106,3.290,3.463,3.622,3.798,3.973,4.147,4.318,4.486,4.624,4.716,
2,105,0.151,0.306,0.470,0.647,0.843,1.014,1.192,1.381,1.539,1.697,1.863,2.032,2.199,2.361,2.530,2.693,2.863,3.037,3.197,3.341,3.525,3.713,3.869,4.045,4.208,4.383,
2,106,0.072,0.225,0.399,0.580,0.741,0.900,1.073,1.238,1.406,1.573,1.746,1.937,2.150,2.267,2.418,2.582,2.751,2.911,3.077,3.239,3.411,3.574,3.741,3.906,4.072,4.228,4.394,4.584,4.772,4.931,
2,107,0.126,0.268,0.416,0.569,
2,108,0.124,0.285,0.439,0.589,0.765,0.913,1.059,
2,109,0.033,0.150,0.289,0.439,0.593,0.767,0.920,1.086,1.267,1.413,1.591,1.767,1.935,2.102,2.268,2.414,2.583,2.731,2.901,3.075,3.203,3.357,3.518,3.689,3.847,4.002,4.176,4.347,4.501,4.650,4.793,4.937,5.070,5.185,
2,110,0.373,0.519,0.675,
2,111,0.098,0.273,0.439,0.589,0.741,0.900,1.074,1.220,1.407,1.594,1.773,1.912,2.082,2.274,2.440,2.598,2.799,2.972,3.141,3.303,
2,112,0.163,0.271,0.419,0.566,0.720,
2,113,0.053,0.208,0.377,0.534,0.709,0.886,1.076,1.246,1.407,1.573,1.739,1.913,2.080,2.244,2.409,2.571,2.732,2.901,3.040,3.208,3.369,3.518,3.674,3.829,3.969,4.135,4.281,4.446,4.610,4.769,4.925,5.066,5.198,5.318,
2,114,0.124,0.287,0.460,0.624,0.788,0.941,1.115,1.275,1.443,1.623,1.798,1.980,2.159,2.330,2.519,2.679,2.840,3.019,3.195,3.373,3.554,3.729,3.886,4.052,4.208,4.351,4.473,
2,115,0.115,0.281,0.464,0.615,0.799,0.952,
2,116,0.084,0.252,0.413,0.576,0.745,0.906,1.092,1.260,1.438,1.606,1.768,1.929,2.110,2.285,2.475,2.669,2.844,3.011,3.181,3.349,3.537,3.684,3.858,4.029,4.187,4.362,4.535,4.702,4.874,5.046,5.196,
2,117,0.094,0.265,0.418,0.588,0.766,0.938,1.127,1.313,1.489,1.672,1.858,2.031,2.189,2.362,2.526,2.696,2.862,3.020,3.197,3.400,3.565,3.736,3.904,4.088,4.220,
2,118,0.108,0.261,0.407,0.565,0.720,0.907,1.080,
2,119,0.233,0.365,0.522,0.700,0.864,1.034,1.193,1.349,1.516,1.691,1.865,
2,120,0.286,0.419,0.580,0.736,0.900,1.071,1.234,1.401,1.590,1.767,
2,121,0.149,0.316,0.473,0.650,
2,122,0.105,0.269,0.435,0.594,0.766,0.929,1.094,1.267,1.430,1.600,1.767,1.945,2.134,2.267,2.428,2.605,2.771,2.955,3.134,3.314,3.489,3.671,3.850,4.018,4.203,4.374,4.547,
2,123,0.069,0.269,0.409,0.577,0.739,0.932,1.095,1.269,1.440,1.636,1.840,2.020,2.173,2.358,2.539,2.719,2.908,3.079,3.270,3.431,3.605,3.780,3.973,4.127,4.295,4.453,
2,124,0.144,0.312,0.473,0.642,0.817,1.018,
2,125,0.036,0.233,0.400,0.542,0.711,0.900,1.071,
2,126,0.099,0.263,0.451,0.594,0.770,0.961,1.119,1.303,1.475,1.648,1.846,2.020,2.186,2.363,2.543,2.710,2.895,3.055,3.228,
2,127,0.150,0.298,0.466,0.650,0.799,0.979,1.160,1.328,1.494,1.671,1.852,2.024,2.198,2.384,2.552,2.745,2.913,3.105,3.268,3.438,3.621,3.790,3.966,4.138,4.296,4.449,4.580,4.694,4.795,
2,128,0.197,0.298,0.452,0.617,
2,129,0.312,0.457,0.637,0.807,0.972,1.138,1.308,1.652,1.833,1.995,2.169,2.343,2.534,2.717,2.895,3.088,3.276,3.444,3.607,3.785,3.965,4.139,4.319,4.481,4.618,
2,130,0.086,0.227,0.390,0.574,0.749,0.930,1.119,1.296,1.456,1.638,1.817,1.993,2.164,2.356,2.543,2.709,2.888,3.070,3.233,3.404,3.575,3.739,3.889,4.054,4.205,4.353,4.456,
2,131,0.080,0.242,0.408,0.567,0.765,0.923,1.100,1.275,1.457,1.649,1.812,2.015,2.159,2.342,2.516,2.700,2.872,3.048,3.235,3.421,3.625,3.791,3.966,4.150,4.308,4.462,4.616,
2,132,0.052,0.220,0.406,0.568,0.735,0.924,1.116,1.298,1.476,1.650,1.801,
2,133,0.149,0.313,0.480,0.650,0.811,0.983,1.153,1.323,1.481,1.650,1.855,1.997,2.180,2.373,2.556,2.722,2.913,3.103,3.292,3.518,3.644,3.822,3.991,4.178,4.385,4.550,4.730,4.917,5.092,5.268,5.388,
2,134,0.223,0.395,0.550,0.714,0.902,1.055,1.234,1.411,1.593,1.769,1.938,2.146,2.313,2.470,2.653,2.817,3.013,3.178,3.349,3.497,3.701,3.846,4.035,4.220,4.359,4.546,4.723,
2,135,0.065,0.219,0.391,0.541,0.705,0.891,1.061,1.212,1.398,1.550,1.725,1.898,2.072,2.228,2.407,2.594,2.782,2.968,3.142,3.315,3.509,3.709,3.893,4.070,4.251,4.435,4.609,4.774,4.945,5.113,5.287,5.418,
2,136,0.275,0.416,0.589,0.775,0.929,1.118,1.266,1.441,1.580,1.726,1.877,2.039,2.204,2.376,2.529,2.731,2.893,3.053,3.241,
2,137,0.076,0.234,0.396,0.559,0.719,0.887,1.059,1.225,1.390,1.548,1.723,1.888,2.060,2.208,2.390,2.556,2.736,2.910,3.078,3.250,3.407,3.564,3.731,3.886,
2,138,0.033,0.213,0.356,0.517,0.682,0.852,1.021,1.192,1.401,1.561,1.767,1.901,2.059,2.215,2.401,2.572,2.751,2.923,3.111,3.317,
2,139,0.272,0.438,0.609,0.788,0.980,1.149,1.317,1.519,1.691,1.863,2.046,2.223,2.403,2.607,2.766,2.936,3.082,3.273,3.449,3.650,3.828,4.017,4.177,4.400,4.585,4.767,4.933,5.151,5.288,5.436,
2,140,0.246,0.402,0.571,0.750,0.917,1.091,1.246,1.416,1.584,1.751,1.914,2.082,2.269,2.458,2.649,2.815,3.016,3.186,3.352,3.520,3.689,3.857,4.036,4.252,4.422,4.600,4.751,4.915,5.073,5.311,
2,141,0.446,0.594,0.751,0.909,1.078,1.271,1.410,1.585,1.750,1.945,2.107,2.281,2.450,2.625,2.804,2.962,3.118,3.287,3.443,3.603,3.772,3.923,4.096,4.273,4.398,4.552,4.669,
2,142,0.117,0.284,0.467,0.636,0.804,0.995,
2,143,0.077,0.223,0.398,0.575,0.741,0.925,1.115,1.289,1.464,1.626,1.790,1.960,2.123,2.297,2.470,2.639,2.805,2.980,3.147,3.337,3.518,3.703,3.885,4.055,4.220,4.388,4.565,4.731,4.892,5.043,5.201,5.304,
2,144,0.328,0.499,0.664,
2,145,0.241,0.392,0.581,
2,146,0.115,0.298,0.464,0.638,0.808,1.022,1.183,1.347,1.544,1.720,1.889,2.069,2.421,2.584,2.772,2.931,3.103,3.273,3.458,3.661,3.815,4.000,4.179,4.364,4.555,4.731,4.893,5.048,
2,147,0.110,0.292,0.455,0.625,0.817,1.008,1.228,1.395,1.587,1.776,1.941,2.114,2.292,2.461,2.662,2.845,3.029,3.206,3.393,3.571,3.741,3.915,4.095,4.211,4.400,4.562,
2,148,0.299,0.424,0.585,0.765,0.923,1.083,1.251,1.440,1.602,1.765,1.925,2.105,2.280,2.444,2.627,2.805,2.975,3.149,3.315,3.495,3.681,3.861,4.053,4.240,4.406,4.575,4.747,
2,149,0.035,0.189,0.360,0.554,0.716,0.855,1.019,1.152,1.306,1.456,1.603,1.746,1.903,
2,150,0.127,0.276,0.406,0.541,0.677,0.828,0.978,1.122,1.294,1.452,1.592,1.752,
2,151,0.054,0.203,0.369,0.525,0.673,0.829,0.991,1.152,1.288,1.441,1.603,1.766,1.938,2.090,2.246,2.412,2.551,2.723,2.883,3.048,3.197,
2,152,0.080,0.235,0.401,0.559,0.833,0.990,1.151,1.304,1.455,1.570,1.770,
2,153,0.111,0.269,0.421,0.561,0.718,0.900,1.016,1.174,1.332,1.495,1.648,1.806,1.957,2.100,2.247,2.400,2.544,2.685,2.850,3.017,3.158,3.319,3.473,3.657,3.836,4.018,4.171,4.329,4.518,4.671,
2,154,0.071,0.207,0.362,0.498,0.646,0.798,0.948,1.086,1.239,1.409,1.563,1.722,1.867,2.013,2.147,2.277,2.429,2.596,2.764,2.914,3.063,3.209,3.364,
2,155,0.152,0.295,0.437,0.588,0.735,0.871,1.019,
3,1,0.111,0.234,0.417,0.548,0.768,0.885,0.992,1.098,1.310,1.410,1.536,1.649,1.775,1.885,1.997,2.116,2.230,2.333,2.558,2.696,2.850,3.019,3.150,3.291,3.444,3.574,3.804,3.891,4.020,4.136,4.346,4.488,4.615,4.728,4.817,4.934,5.045,5.159,5.270,
3,2,0.095,0.226,0.347,0.561,0.693,0.821,0.935,1.032,1.158,1.289,1.386,1.501,1.651,1.854,1.965,2.075,2.188,2.305,2.421,2.540,2.639,2.768,2.863,2.980,3.074,3.201,3.344,
3,3,0.052,0.192,0.325,0.451,0.576,
3,4,0.031,0.152,0.265,0.365,0.485,0.591,0.706,0.846,1.031,1.167,1.289,1.373,1.502,1.604,1.709,1.838,1.925,2.068,2.223,2.354,2.483,2.785,3.102,3.284,3.445,3.592,3.722,3.860,3.990,4.147,4.297,4.570,4.722,4.846,4.985,5.078,5.187,5.296,
3,5,0.034,0.195,0.480,0.626,0.785,0.931,1.058,
3,6,0.102,0.235,0.400,0.514,0.627,0.743,0.947,
3,7,0.146,0.293,0.428,0.592,0.724,0.896,1.041,1.188,1.356,1.532,1.683,1.838,2.013,2.159,2.315,2.781,2.941,3.104,3.264,
3,8,0.070,0.213,0.400,0.546,0.687,0.833,0.966,1.114,1.267,1.420,1.560,1.727,1.891,2.251,2.411,2.573,2.729,2.872,3.047,3.217,3.401,3.518,3.693,3.867,4.018,4.158,4.326,4.518,4.690,4.855,
3,9,0.144,0.271,0.421,0.568,0.725,0.894,1.053,1.206,1.372,1.689,1.844,2.012,2.162,2.332,2.490,2.626,2.793,2.961,3.111,3.279,3.428,3.586,3.746,3.913,4.070,4.228,4.396,4.558,4.712,4.872,5.013,5.120,
3,10,0.033,0.180,0.334,0.496,0.655,0.815,0.988,1.147,1.316,1.467,1.596,1.760,1.894,2.036,2.207,2.377,2.544,2.717,2.894,3.043,3.210,3.370,3.545,3.703,3.864,3.991,4.176,4.336,4.471,4.592,4.716,4.838,4.946,
3,11,0.186,0.354,0.521,0.677,0.843,0.996,1.162,1.340,1.474,1.648,1.815,1.989,2.149,2.307,2.472,2.649,2.815,2.980,3.149,3.300,3.467,3.649,3.816,3.995,4.124,4.288,4.445,4.609,4.766,4.911,5.150,
3,12,0.063,0.217,0.389,0.550,0.727,0.889,
3,13,,
3,14,0.031,0.187,0.352,0.530,0.703,0.876,1.052,1.226,1.410,1.599,1.765,1.925,2.103,2.272,2.440,2.602,2.775,2.951,3.108,3.274,3.448,3.617,3.783,3.947,4.099,4.266,4.406,4.566,4.696,4.816,
3,15,0.063,0.206,0.370,0.551,0.717,0.874,1.044,1.224,1.395,1.572,1.730,1.901,
3,16,0.114,0.276,0.441,0.607,0.774,0.920,1.102,1.267,1.440,1.613,1.777,1.948,2.122,2.267,2.418,2.593,2.733,2.875,3.052,3.239,3.415,3.599,3.768,3.924,4.102,4.268,4.449,4.587,4.769,4.932,5.102,5.269,5.432,
3,17,0.171,0.334,0.520,0.668,0.839,1.030,1.180,1.359,1.521,1.714,1.857,2.024,2.185,2.349,2.499,2.657,2.835,2.974,3.145,3.315,3.481,3.645,3.816,3.977,4.145,4.311,4.432,4.549,4.649,
3,18,0.169,0.327,0.474,0.616,
3,19,0.044,0.198,0.356,0.524,0.667,0.818,0.971,1.138,1.291,1.432,1.568,1.704,1.833,
3,20,0.214,0.314,0.498,
3,21,0.038,0.188,0.337,0.505,0.659,0.818,0.977,1.123,1.275,1.436,1.604,1.772,1.923,2.078,2.272,2.421,2.591,2.772,2.926,3.103,3.282,3.463,3.623,3.795,3.961,4.140,4.297,4.454,4.582,4.704,4.922,
3,22,0.083,0.236,0.400,0.538,0.696,0.859,1.023,1.165,1.346,1.517,1.675,1.843,2.017,2.165,2.336,2.498,2.678,2.863,3.047,3.230,3.394,3.567,3.805,3.946,4.085,4.173,
3,23,0.207,0.337,0.510,0.666,0.821,0.978,1.144,1.292,1.445,1.614,1.783,1.963,2.128,2.293,2.455,2.615,2.777,2.939,3.092,3.246,3.411,3.560,3.732,4.048,4.224,4.395,4.537,4.675,4.773,
3,24,0.121,0.271,0.431,0.556,0.732,0.917,1.075,1.232,1.407,1.569,1.729,1.889,2.049,2.199,2.357,2.522,2.703,2.872,3.037,3.200,3.363,3.523,3.688,3.851,4.023,4.146,
3,25,0.037,0.191,0.342,0.497,0.654,0.771,0.926,1.079,1.250,1.407,1.570,1.709,1.844,1.978,2.145,2.298,2.457,2.613,2.778,2.939,3.095,3.247,3.405,
3,26,0.205,0.328,0.465,0.623,0.772,0.925,1.079,
3,27,0.118,0.293,0.453,0.601,0.768,0.925,1.087,1.223,1.414,1.595,1.762,1.927,2.075,2.234,2.410,2.550,2.707,3.012,3.175,3.341,3.503,3.695,3.896,4.046,4.220,4.396,4.551,4.725,
3,28,0.270,0.392,0.558,0.711,0.896,1.225,1.405,1.580,1.718,1.888,2.025,2.138,2.281,2.415,2.544,2.683,2.789,2.920,3.046,3.183,3.287,3.389,3.522,3.639,3.743,3.846,3.954,4.069,4.168,4.272,4.369,4.457,4.569,4.659,4.773,4.889,5.002,
3,29,0.065,0.230,0.400,0.561,0.709,
3,30,0.490,0.612,0.785,0.943,1.094,1.249,1.410,1.561,1.733,1.893,2.048,2.219,2.393,2.544,2.711,2.869,3.049,3.204,3.373,3.541,3.715,3.894,4.043,4.213,4.375,4.537,4.707,4.895,5.057,5.226,
3,31,0.303,0.446,0.611,0.769,0.923,1.087,
3,32,0.146,0.276,0.403,0.567,0.725,0.897,1.038,1.208,1.365,1.540,1.701,1.857,2.024,2.186,2.347,2.514,2.680,2.855,2.999,3.168,3.341,3.515,3.660,3.816,3.979,4.148,4.287,4.428,4.547,
3,33,0.182,0.305,0.475,0.649,0.781,0.939,1.096,1.275,1.434,1.594,1.766,1.927,2.096,2.267,2.444,2.609,2.777,2.942,3.110,3.279,3.452,3.615,3.774,3.941,4.106,4.268,4.425,4.574,4.703,4.807,4.911,
3,34,0.024,0.167,0.318,0.466,0.625,0.810,0.949,1.125,
3,35,0.166,0.314,0.466,0.649,0.784,0.947,1.120,1.288,1.447,1.621,1.798,1.964,2.117,2.266,2.433,2.602,2.773,2.949,3.124,3.296,3.443,3.616,3.777,3.947,4.127,4.303,4.463,4.634,4.789,4.960,5.118,5.287,5.434,5.600,5.734,
3,36,0.074,0.232,0.399,0.569,0.730,0.899,1.057,1.223,1.399,1.550,1.703,1.861,
3,37,0.095,0.270,0.425,0.572,0.724,0.887,1.055,1.220,1.400,1.565,1.725,1.888,2.033,2.199,2.366,2.521,2.659,2.815,2.960,3.138,3.314,3.481,3.645,3.816,3.975,4.155,4.303,4.455,4.618,4.772,4.918,5.084,5.241,5.406,
3,38,0.032,0.186,0.339,0.491,0.649,0.798,0.946,1.100,1.246,1.434,1.585,1.767,1.900,2.056,2.202,2.370,2.537,2.687,2.851,2.999,3.175,3.351,3.517,3.682,3.846,4.018,4.181,4.336,4.478,4.690,4.822,4.912,5.021,
3,39,0.150,0.279,0.429,0.583,0.767,0.901,1.084,1.235,1.391,1.552,1.729,1.908,2.091,2.271,2.458,2.626,2.778,2.958,3.135,3.293,3.483,3.669,3.849,4.033,4.197,4.347,4.519,4.701,4.823,4.965,5.207,
3,40,0.053,0.216,0.372,0.535,0.675,0.834,1.173,1.345,1.520,1.671,1.832,2.000,2.178,2.375,2.543,2.698,2.854,3.035,3.210,3.397,3.535,3.680,3.844,4.041,4.187,4.336,4.463,4.588,
3,41,0.106,0.270,0.426,0.596,0.748,0.919,1.104,1.250,1.412,1.575,1.776,1.910,
3,42,0.161,0.310,0.478,0.649,0.789,0.941,
3,43,0.058,0.212,0.391,0.581,0.693,0.898,1.076,1.242,1.411,1.572,1.734,1.892,2.052,2.218,2.392,2.559,2.714,2.868,3.026,3.189,3.345,3.484,3.643,3.817,3.987,4.143,4.304,4.450,4.624,4.789,4.950,5.093,5.222,
3,44,0.063,0.244,0.561,0.721,0.888,1.034,
3,45,0.138,0.296,0.445,0.594,0.770,0.919,1.045,1.226,1.391,1.537,1.697,1.846,
3,46,0.298,0.451,0.606,0.773,0.940,1.089,1.250,1.415,1.565,1.734,1.894,
3,47,0.029,0.183,0.339,0.497,0.646,0.770,0.963,1.126,1.282,1.438,1.603,1.773,1.926,2.078,2.264,2.429,2.600,2.764,2.924,3.080,3.241,3.398,3.551,3.704,3.865,4.051,4.216,4.398,4.559,4.717,4.870,5.037,5.184,5.346,5.489,
3,48,0.045,0.193,0.343,0.491,0.642,0.788,0.959,1.143,1.303,1.442,1.595,1.739,1.900,2.046,2.192,2.341,2.527,2.690,2.913,3.117,3.273,
3,49,0.113,0.278,0.418,0.575,0.725,0.891,1.043,1.199,1.371,1.536,1.704,1.841,
3,50,0.154,0.299,0.456,0.609,0.761,0.910,1.074,1.238,1.405,1.563,1.736,1.895,2.053,2.248,2.415,2.587,2.744,2.903,3.076,3.232,3.396,3.538,3.685,3.822,3.982,4.158,4.330,4.440,
3,51,0.153,0.316,0.472,
3,52,0.082,0.267,0.408,0.563,0.717,0.873,1.032,1.194,1.348,1.500,1.661,1.829,1.996,2.156,2.329,2.483,2.651,2.818,2.972,3.140,3.315,3.750,3.905,
