0,1,0.236,0.364,0.494,0.618,0.763,0.896,1.030,1.168,1.297,1.414,1.548,1.671,1.817,1.965,2.105,2.248,2.397,2.558,2.706,2.867,3.014,3.167,3.320,3.469,3.612,3.751,3.898,4.023,4.158,4.294,4.446,4.594,4.729,4.898,5.031,5.190,5.345,5.515,5.663,5.824,5.972,6.119,6.266,6.421,6.582,6.737,6.875,7.039,7.188,7.352,7.516,7.664,7.821,7.987,8.145,8.301,8.461,8.617,8.767,8.918,9.060,9.217,9.365,9.524,9.672,9.836,9.983,10.125,10.268,
0,1,0.268,0.416,0.568,0.726,0.885,1.033,1.164,1.320,1.471,1.624,1.769,1.899,2.019,2.169,2.417,2.590,2.742,2.886,3.036,3.175,3.326,3.467,3.624,3.770,3.908,4.059,4.190,4.324,4.450,4.597,4.770,4.911,5.055,5.210,5.342,5.491,5.656,5.815,5.973,6.122,6.283,6.446,6.585,6.740,6.900,7.063,7.230,7.388,7.536,7.714,7.858,8.025,8.180,8.338,8.480,8.651,8.814,8.982,9.159,9.326,9.493,9.659,9.802,9.960,10.140,10.273,
0,1,,
0,1,0.220,0.384,0.528,0.669,0.822,0.983,1.097,1.215,
2,1,0.282,0.438,0.568,0.703,0.838,0.957,1.077,1.195,1.320,1.445,1.591,1.715,1.853,1.975,2.116,2.242,2.397,2.514,2.662,2.803,2.946,3.093,3.216,3.341,3.449,3.588,3.734,3.874,4.015,4.160,4.316,4.456,4.594,4.727,4.869,4.977,5.116,5.265,5.409,5.554,5.715,5.899,6.032,6.173,6.334,6.490,6.649,6.805,6.961,7.119,7.273,7.437,7.604,7.766,7.900,8.057,8.201,8.348,8.481,8.650,8.751,
2,2,0.225,0.399,0.528,0.669,0.800,0.941,1.085,
2,3,,
2,4,,
2,5,0.032,0.178,0.331,0.487,0.649,0.782,0.928,
2,6,0.238,0.412,0.548,0.699,0.840,0.972,
2,7,0.231,0.398,0.522,0.652,0.807,0.957,1.106,1.269,1.421,1.550,1.712,1.863,2.016,2.310,2.452,2.603,2.766,2.939,3.102,3.266,3.429,3.595,3.767,3.909,4.063,4.207,4.364,4.486,4.650,4.791,4.937,5.073,5.226,5.356,5.524,5.811,
2,8,0.229,0.355,0.485,0.622,0.772,0.906,1.035,1.192,1.338,1.456,1.593,1.748,1.893,2.023,2.152,2.276,2.529,2.693,2.890,3.038,3.186,3.327,3.469,3.640,3.773,3.915,4.082,4.245,4.394,4.561,4.840,5.024,5.160,5.318,5.470,5.673,5.870,6.010,
2,9,0.336,0.485,0.621,0.822,0.978,1.149,1.305,1.466,1.622,1.779,1.934,2.095,2.249,2.400,2.544,2.721,2.876,3.042,3.197,3.360,3.524,3.699,3.864,4.027,4.218,4.322,4.370,4.546,4.715,4.901,5.072,5.221,5.406,5.573,5.778,5.946,6.119,6.300,6.493,6.693,6.885,7.065,7.239,7.420,7.569,
2,10,0.268,0.412,0.514,0.670,0.866,1.047,1.221,1.398,1.561,1.696,1.898,
2,11,,
2,12,0.299,0.467,0.627,0.819,1.000,1.181,1.330,1.514,1.679,1.848,2.031,2.235,2.454,2.609,2.848,3.021,3.211,3.433,3.608,3.799,3.969,4.162,4.547,4.733,4.899,5.102,5.285,5.451,5.597,5.766,5.963,6.153,6.347,6.520,6.686,6.850,7.033,7.209,7.400,7.558,7.727,
2,13,0.061,0.227,0.399,
2,14,0.218,0.400,0.556,
2,15,0.244,0.442,0.596,0.778,0.921,1.060,
2,16,0.245,0.429,0.599,0.766,0.905,1.058,1.184,1.325,1.488,1.650,1.796,1.966,2.115,2.279,2.442,2.603,2.780,2.925,3.103,3.268,3.436,3.594,3.768,3.933,4.114,4.271,4.421,4.599,4.772,4.939,5.116,5.269,5.440,5.619,5.775,5.949,6.119,6.289,6.456,6.627,6.811,6.986,7.175,7.360,7.532,7.696,
2,17,0.209,0.372,0.527,0.672,0.837,1.024,1.153,1.313,1.493,1.641,1.774,1.908,2.113,2.281,2.430,2.596,2.792,2.923,3.076,3.243,
2,18,0.238,0.396,0.516,0.666,0.817,0.953,1.108,1.263,1.413,1.578,1.732,1.876,2.040,2.191,2.360,2.526,2.686,2.827,2.990,3.174,3.311,3.471,3.648,3.777,3.933,4.091,4.268,4.418,4.575,4.731,4.913,5.076,5.227,5.399,5.515,5.649,5.800,
2,19,0.078,0.244,0.398,0.566,0.732,0.905,1.069,1.249,1.416,1.562,1.739,1.914,2.087,2.245,2.406,2.586,2.752,2.860,2.991,3.177,3.344,3.516,3.677,3.852,4.023,4.194,4.372,4.561,4.751,4.913,5.073,5.248,5.438,5.634,5.797,5.971,6.149,6.334,6.518,6.634,6.892,7.035,
2,20,0.206,0.398,0.549,0.724,0.874,1.044,1.209,1.370,1.542,1.697,1.857,1.998,2.163,2.292,2.430,2.592,2.766,2.928,3.099,3.266,3.406,3.567,3.727,3.899,4.060,4.344,4.536,4.713,4.873,5.046,5.226,5.432,5.600,5.774,
2,21,0.225,0.407,0.585,
2,22,0.250,0.459,0.624,0.796,0.985,1.158,1.345,1.524,1.675,1.845,2.024,2.195,2.344,2.498,2.700,2.858,3.042,3.215,3.404,3.584,3.763,3.953,4.142,4.290,4.463,4.642,4.815,4.993,5.177,5.364,5.553,5.728,5.912,6.124,6.260,6.443,6.627,6.802,6.959,7.100,
2,23,0.058,0.228,0.393,0.566,0.734,0.910,1.088,1.260,1.426,1.591,1.765,1.938,2.108,2.263,2.434,2.582,2.737,2.904,3.084,3.250,3.430,3.597,3.777,3.956,4.119,4.293,4.477,4.651,4.824,4.985,5.157,5.319,5.497,5.662,5.829,6.012,6.192,6.367,6.516,6.687,6.874,7.059,7.229,7.403,
2,24,0.050,0.226,0.393,0.570,0.745,0.920,1.102,1.246,1.425,1.604,1.774,1.893,2.073,2.230,2.430,2.595,2.760,2.965,3.161,3.341,
2,25,0.100,0.301,0.465,0.634,
2,26,0.220,0.424,0.619,0.808,0.978,1.150,1.338,1.517,1.695,1.884,2.056,2.246,2.425,2.618,2.804,2.970,3.134,3.285,
2,27,0.295,0.720,0.900,1.080,1.240,1.417,1.581,1.767,1.944,2.112,2.289,2.461,2.641,2.801,2.976,3.149,3.319,
2,28,0.247,0.421,0.591,0.766,0.912,1.084,1.266,1.434,1.616,1.810,1.997,2.166,2.340,2.517,2.675,2.857,3.023,3.194,3.376,3.547,3.734,3.908,4.071,4.267,4.442,4.625,4.797,4.967,5.154,5.346,5.535,5.703,5.885,6.075,6.268,6.407,6.599,6.769,6.958,7.152,7.323,7.498,7.681,7.843,
2,29,0.081,0.296,0.485,0.679,0.860,1.038,
2,30,0.180,0.334,0.521,0.673,0.850,1.038,1.200,1.388,1.566,1.709,
2,31,0.057,0.249,0.426,0.613,0.761,0.943,1.106,1.270,1.417,1.576,1.731,1.917,2.093,2.261,2.412,2.572,2.735,2.910,3.089,3.240,3.395,3.584,3.762,3.930,4.114,4.302,4.462,4.646,4.792,4.947,5.198,5.353,5.522,5.666,5.798,5.933,6.071,6.215,6.354,6.487,6.621,6.764,6.929,7.063,7.189,7.314,7.446,
2,32,0.044,0.183,0.327,0.492,0.635,0.790,0.938,1.097,1.214,1.385,1.543,1.702,1.783,2.019,2.140,2.276,2.424,2.541,2.579,2.769,2.968,3.066,3.316,3.532,3.703,3.776,
2,33,0.038,0.211,0.393,0.571,0.745,1.042,1.427,1.627,1.851,2.062,2.268,2.474,2.687,2.907,3.107,3.313,3.540,3.761,3.974,4.199,4.454,4.674,4.912,5.145,5.374,5.725,5.955,6.200,6.429,6.646,6.828,7.026,7.263,7.464,7.774,
2,34,0.125,0.308,0.494,0.686,
2,35,0.069,0.272,0.439,0.625,0.786,0.981,1.162,1.357,1.558,1.748,1.915,2.081,2.270,2.459,2.645,2.836,3.044,3.218,3.418,3.637,3.834,4.020,4.195,4.387,4.524,4.702,4.887,5.065,5.271,5.435,5.615,5.805,5.991,6.184,6.388,6.528,6.731,6.895,7.059,
2,36,0.107,0.355,0.490,0.620,0.767,0.919,1.047,1.213,1.397,1.553,1.701,1.788,
2,37,0.098,0.277,0.466,0.640,0.800,0.932,1.120,1.286,1.483,1.663,1.808,1.986,2.182,2.343,2.524,2.708,2.891,3.051,3.249,3.445,3.671,3.839,4.050,4.240,4.424,4.616,4.793,4.987,5.182,5.393,5.575,5.784,
2,38,0.188,0.392,0.562,0.775,0.944,
2,39,0.036,0.223,0.429,0.620,0.800,1.016,1.231,1.432,1.615,1.830,2.056,2.267,2.461,2.651,2.865,3.073,3.294,3.501,3.724,3.938,4.147,4.389,4.597,4.798,5.018,5.233,5.463,5.674,5.871,6.082,6.281,6.485,6.721,6.912,7.071,7.449,
2,40,,
2,41,,
2,42,,
2,43,,
2,44,,
2,45,0.084,0.266,0.416,
2,46,,
2,47,0.484,0.646,0.815,0.979,
2,48,0.183,0.357,0.534,0.700,0.871,1.030,1.166,
2,49,0.197,0.372,0.546,0.709,0.900,1.204,
2,50,0.295,0.514,0.674,0.857,1.029,1.200,1.397,1.573,1.750,1.907,2.073,2.245,2.408,2.586,2.765,2.944,3.123,3.311,
2,51,,
2,52,0.044,0.239,0.447,0.596,0.778,
2,53,0.196,0.371,0.575,0.750,0.942,1.141,1.306,1.483,1.673,1.868,2.061,2.230,2.416,2.605,2.804,3.025,3.205,3.392,3.564,3.775,3.948,4.145,4.330,4.519,4.701,4.892,5.058,5.235,
2,54,,
2,55,0.165,0.352,0.527,0.713,0.876,1.061,1.224,1.395,1.571,1.752,1.942,2.116,2.302,2.482,2.666,2.848,3.025,3.176,3.357,3.538,3.696,3.892,4.062,4.283,4.466,4.616,4.855,5.058,5.262,5.457,5.643,5.816,6.180,6.393,6.539,6.720,
2,56,0.211,0.371,0.557,0.736,0.908,1.085,1.292,1.479,1.651,1.806,1.997,2.178,2.354,2.537,2.717,2.875,3.047,3.203,3.351,3.526,3.667,3.851,4.029,4.203,4.409,4.578,4.751,4.925,5.143,5.303,5.517,5.707,5.928,6.095,6.309,6.488,6.668,6.846,
2,57,0.206,0.399,0.607,0.791,0.969,1.149,1.322,1.516,1.714,
2,58,0.030,0.220,0.419,0.612,0.798,0.990,1.187,1.367,1.529,1.716,1.908,2.118,2.314,2.518,2.702,2.898,3.096,3.297,3.515,3.856,4.064,4.283,4.470,4.679,4.899,5.116,5.305,5.531,5.718,5.912,6.117,6.308,6.523,6.706,6.917,7.083,7.249,7.427,
2,59,0.118,0.322,0.483,0.646,0.797,0.963,1.140,1.329,1.495,1.773,1.937,2.109,2.274,2.440,2.680,2.847,3.024,3.205,3.398,3.588,3.774,3.977,4.158,4.372,4.534,4.705,4.906,5.108,5.285,5.433,5.642,5.851,6.236,6.444,
2,60,0.086,0.252,0.422,0.584,0.766,0.950,
2,61,0.076,0.265,0.447,0.648,0.792,0.998,1.192,1.398,1.584,1.782,1.967,2.168,2.351,2.525,2.718,2.928,3.116,3.298,
2,62,0.045,0.237,0.388,0.592,0.788,0.983,1.166,1.318,1.493,1.653,1.835,
2,63,0.036,0.217,0.406,0.603,0.773,0.963,1.123,1.305,1.516,1.713,1.868,2.058,2.221,2.690,2.922,3.104,3.299,
2,64,0.241,0.440,0.634,0.809,1.018,1.198,1.400,1.579,1.775,1.963,2.161,2.342,2.538,2.718,2.924,3.127,3.293,3.519,3.699,3.886,4.071,4.276,4.467,4.659,4.836,5.020,5.217,5.424,5.637,6.035,6.234,6.429,6.640,6.876,7.021,7.229,7.428,7.638,7.817,7.988,
2,65,0.152,0.399,0.566,0.717,0.922,1.123,1.334,1.516,1.698,1.900,
2,66,0.152,0.361,0.579,0.766,0.931,1.149,1.347,1.550,1.738,2.228,
2,67,0.059,0.269,0.464,0.658,0.835,1.020,1.187,1.386,1.583,1.770,1.939,2.103,2.270,2.404,2.576,2.749,2.913,3.079,3.208,3.423,3.619,3.795,3.993,4.160,4.349,4.531,4.718,4.926,5.126,5.311,5.495,5.698,5.906,
2,68,0.051,0.233,0.410,0.607,0.798,0.985,
2,69,0.203,0.369,0.572,0.764,0.949,1.145,1.493,1.680,1.864,2.050,2.238,2.402,2.597,2.806,2.998,3.168,3.396,3.585,3.770,4.193,4.406,4.596,4.795,5.147,5.342,5.520,5.713,5.897,6.085,6.279,6.485,6.672,6.872,7.056,7.246,7.430,7.627,7.814,8.049,
2,70,0.149,0.329,0.522,0.700,0.933,1.077,1.278,1.473,1.662,1.857,2.053,2.247,2.424,2.605,2.791,2.978,3.184,3.418,3.613,4.017,4.211,4.409,4.588,4.787,4.977,5.185,5.387,5.616,5.807,
2,71,0.156,0.346,0.529,0.744,0.933,1.148,1.341,1.532,1.703,1.895,2.052,2.232,2.349,2.525,2.691,2.876,3.060,3.218,3.399,3.550,3.751,3.925,4.122,4.302,4.472,4.650,4.836,5.020,5.202,5.397,5.549,5.697,5.834,
2,72,0.054,0.249,0.401,0.567,0.747,0.912,1.113,1.313,1.490,1.657,1.826,2.012,2.179,2.346,2.523,2.716,2.895,3.050,3.243,3.423,3.602,3.737,3.920,4.101,4.298,4.494,4.670,4.847,5.038,5.212,5.397,5.573,5.776,5.973,6.170,6.538,6.738,6.924,7.100,7.267,7.415,
2,73,0.216,0.399,0.567,0.738,0.919,1.111,1.303,1.489,1.659,1.847,2.027,2.199,2.386,2.767,2.977,3.178,3.401,3.564,3.777,3.989,4.195,4.399,4.589,4.829,5.038,5.243,5.649,5.867,6.080,
2,74,0.138,0.298,0.455,0.623,0.779,0.961,1.142,1.301,1.469,1.661,
2,75,0.079,0.249,0.421,0.601,0.778,1.055,1.236,1.365,1.531,1.693,1.827,2.057,2.148,2.233,2.299,2.395,2.465,2.559,2.622,2.726,2.789,2.895,3.097,3.196,3.264,3.375,3.442,3.558,3.619,3.729,3.795,3.908,3.970,4.090,4.153,4.328,4.425,4.488,4.604,4.669,4.783,4.874,4.974,5.067,5.175,5.228,5.358,5.422,5.568,5.780,5.831,5.928,
2,76,0.032,0.183,0.282,0.368,0.466,0.542,0.649,0.727,0.830,0.911,1.073,1.230,1.299,1.399,1.486,1.649,1.718,1.807,1.873,1.986,2.050,2.166,2.231,2.400,2.484,2.550,2.662,2.724,2.843,2.912,3.078,3.190,3.267,3.427,3.599,3.715,3.778,3.884,4.091,4.174,4.296,4.373,4.494,4.732,4.947,5.043,5.154,5.268,5.377,5.647,5.825,
2,77,0.025,0.227,0.364,0.448,
2,78,0.106,0.241,0.432,0.569,0.673,0.773,0.856,0.952,1.038,1.151,1.244,1.366,1.441,1.545,1.717,1.892,
2,79,0.150,0.305,0.463,0.626,0.793,0.954,1.121,1.284,1.461,1.643,1.794,1.940,2.127,2.284,2.441,2.651,2.796,2.948,3.104,3.298,
2,80,0.126,0.297,0.477,0.644,0.814,0.996,1.140,1.321,1.487,1.661,1.826,1.999,2.187,2.361,2.554,2.728,2.907,3.070,3.251,
2,81,0.047,0.241,0.440,0.594,0.784,0.974,
2,82,0.039,0.209,0.393,0.564,0.744,0.913,1.090,1.270,1.438,1.598,1.778,1.958,2.144,2.322,2.514,2.702,2.876,3.057,3.231,3.401,3.553,3.717,3.902,4.069,4.231,4.578,4.774,4.954,5.162,5.311,5.474,5.666,5.853,6.032,
2,83,0.063,0.246,0.428,0.600,0.789,0.981,1.175,1.355,1.542,1.710,1.913,2.060,2.249,2.433,2.647,2.826,3.014,3.172,3.647,
2,84,0.101,0.316,0.517,0.721,0.907,1.110,1.304,1.501,1.814,
2,85,0.185,0.358,0.535,0.735,1.064,1.220,1.412,1.611,1.792,1.977,2.192,2.361,2.565,2.775,2.971,3.329,
2,86,0.204,0.355,0.524,0.691,0.865,1.034,1.224,1.404,1.554,1.732,1.892,2.064,2.258,2.424,2.613,2.803,2.992,3.142,3.303,3.476,3.643,3.830,4.026,4.203,4.396,4.568,4.760,4.918,5.088,5.269,5.425,5.610,5.813,6.010,6.178,6.341,
2,87,0.151,0.348,0.527,
2,88,0.085,0.274,0.469,0.653,
2,89,0.152,0.315,0.524,0.716,0.897,1.074,1.422,1.600,1.774,1.938,2.185,2.673,
2,90,0.295,0.543,0.704,0.871,1.048,
2,91,0.166,0.361,0.528,0.690,0.861,1.031,1.194,1.342,1.487,1.639,1.798,1.952,2.114,2.273,2.430,2.588,2.743,2.915,3.066,3.241,3.401,3.597,3.770,4.103,4.251,4.401,4.554,4.728,4.908,5.089,5.239,5.414,5.577,5.771,5.955,6.126,6.271,6.428,6.620,6.788,6.910,
2,92,0.075,0.224,0.376,0.677,0.846,1.145,1.305,1.464,1.619,1.790,1.952,2.095,2.262,2.423,2.609,2.809,2.992,3.146,3.326,3.492,3.656,3.835,4.171,4.361,4.552,4.723,4.897,5.049,5.229,5.425,5.589,5.764,5.944,6.121,6.296,6.478,6.677,6.843,7.032,
2,93,0.029,0.202,0.396,0.554,0.749,0.921,1.096,1.263,1.433,1.578,1.764,1.948,2.147,2.303,2.485,2.674,2.840,3.029,3.221,3.366,3.536,3.698,3.842,4.018,4.188,4.345,4.489,4.652,4.804,4.938,5.112,5.282,5.443,5.622,5.788,5.948,6.094,6.293,6.484,6.649,6.813,6.980,
2,94,0.077,0.241,0.409,0.593,0.780,0.949,1.116,1.268,1.424,1.601,1.795,1.936,2.109,2.301,2.482,2.662,2.846,3.032,3.202,3.414,3.592,3.770,3.947,4.108,4.270,4.591,4.770,4.925,5.059,5.221,5.394,5.544,5.729,5.913,6.104,6.271,6.449,6.623,6.791,6.924,
2,95,0.115,0.305,0.496,0.668,0.861,1.044,1.241,1.438,1.627,1.763,1.940,2.153,2.374,2.571,2.746,2.933,3.121,3.324,3.526,3.701,3.897,4.080,4.286,4.495,4.672,4.851,5.031,5.231,5.401,5.648,5.826,5.981,6.155,6.307,6.532,
2,96,0.077,0.239,0.430,0.608,
2,97,0.111,0.283,0.466,0.640,0.803,0.967,1.144,1.318,1.488,1.668,1.857,2.024,2.195,2.391,2.559,2.775,2.923,3.109,3.275,3.452,3.642,3.867,4.062,4.242,4.399,4.605,4.805,4.990,5.186,5.393,5.565,5.738,5.896,
2,98,0.029,0.231,0.429,0.610,0.802,0.970,1.146,1.326,1.484,1.685,1.828,2.017,2.200,2.375,2.560,2.739,2.897,3.072,3.237,3.409,3.600,3.764,3.897,4.033,4.194,4.352,4.518,4.687,4.867,5.060,5.250,5.432,5.613,5.777,5.947,
2,99,0.078,0.226,0.420,0.601,0.780,0.969,1.137,1.315,1.487,1.661,1.861,2.058,2.268,2.436,2.616,2.808,3.019,3.202,3.393,3.585,3.749,3.926,4.125,4.357,4.549,4.723,4.915,5.105,5.287,5.481,5.665,5.856,
2,100,0.081,0.267,0.433,0.571,0.687,0.897,1.089,1.201,1.409,1.602,1.776,1.951,2.117,2.291,2.446,2.631,2.774,2.956,3.121,3.318,3.515,3.658,3.816,3.995,4.185,4.398,4.608,4.772,5.080,5.266,5.448,5.615,5.790,6.002,6.203,6.403,6.599,6.770,6.995,
2,101,0.104,0.271,0.437,0.617,0.803,0.999,1.200,1.374,1.571,1.749,1.947,2.114,2.279,2.459,2.639,2.813,2.975,3.192,3.390,3.557,3.722,3.919,4.108,4.329,4.538,4.704,4.906,5.111,5.323,5.527,5.910,6.092,6.297,6.457,
2,102,0.100,0.268,0.385,0.552,0.686,0.847,1.018,1.157,1.310,1.485,1.656,1.832,2.019,2.203,2.365,2.551,2.714,2.902,3.092,3.269,3.442,3.606,3.776,3.968,4.145,4.319,4.497,4.658,4.827,4.979,5.121,5.300,5.489,5.646,5.846,6.053,6.241,6.439,6.638,6.842,
2,103,0.219,0.408,0.598,
2,104,0.322,0.489,0.680,0.851,1.047,1.230,1.424,1.607,1.813,2.014,2.179,2.398,2.546,2.723,2.944,3.095,3.294,3.471,3.700,3.898,4.085,4.252,4.454,4.649,4.836,5.049,5.266,5.468,5.656,5.829,6.016,6.178,6.346,6.563,6.740,6.958,7.150,7.336,
2,105,0.147,0.325,0.513,0.683,0.854,1.050,1.264,1.458,1.647,1.828,
2,106,0.118,0.331,0.526,0.728,0.919,1.136,1.311,1.493,1.701,1.905,2.118,2.292,2.483,2.672,2.851,3.045,3.231,3.436,3.594,3.805,4.021,4.373,4.560,
2,107,0.144,0.285,0.500,0.674,0.850,1.018,1.172,1.356,1.523,1.691,1.866,2.055,2.233,2.425,2.620,2.781,2.971,3.152,
2,108,0.175,0.345,0.526,0.687,0.850,1.020,1.209,1.419,1.573,1.783,1.979,2.119,2.360,2.511,2.693,2.868,3.047,3.215,3.394,3.537,3.701,3.861,3.994,4.145,4.278,4.429,4.645,4.795,4.949,5.145,5.300,5.449,5.665,5.835,
2,109,0.142,0.285,0.450,0.642,0.805,0.972,1.111,1.310,1.480,1.642,1.783,1.927,
2,110,0.032,0.209,0.399,0.496,0.649,0.819,0.965,1.149,1.308,1.475,1.656,1.801,1.954,
2,111,0.090,0.272,0.454,
2,112,0.040,0.226,0.390,0.548,0.741,0.901,1.053,1.222,1.372,1.524,1.662,1.791,1.965,2.083,2.391,2.561,2.748,2.914,3.077,3.243,3.416,3.611,3.775,3.931,4.142,4.307,4.480,4.660,4.776,5.097,5.309,5.476,5.662,5.857,6.014,6.222,6.406,6.564,6.714,6.937,7.093,7.260,
2,113,0.156,0.349,0.538,0.706,0.853,1.041,
2,114,0.188,0.411,0.576,0.773,0.936,1.089,1.273,1.409,1.599,1.773,1.954,2.125,2.305,2.456,2.640,2.819,3.031,3.184,3.400,
2,115,0.040,0.203,0.359,0.577,
2,116,0.180,0.350,0.527,0.678,0.869,1.050,1.198,1.397,1.572,1.724,1.922,2.084,2.267,2.441,2.617,2.780,2.966,3.151,3.338,
2,117,0.066,0.275,0.433,0.620,0.797,0.968,1.275,1.444,1.570,1.778,1.964,2.142,2.308,2.486,2.646,2.827,3.026,3.184,3.369,3.536,3.710,3.908,4.085,4.260,4.455,4.656,4.860,5.051,5.191,5.366,5.579,5.730,5.901,6.102,6.315,6.645,
2,118,0.136,0.324,0.521,0.704,0.894,1.066,1.216,1.377,1.569,1.748,1.928,2.135,2.344,2.536,2.730,2.919,3.123,3.310,3.522,3.712,3.908,4.114,4.356,4.519,4.703,4.886,5.056,5.270,5.469,5.669,5.874,6.060,6.252,6.404,6.530,6.683,
2,119,0.179,0.340,0.536,0.689,0.865,1.046,
2,120,0.113,0.287,0.460,
2,121,0.142,0.305,0.472,0.645,0.796,0.951,
2,122,0.101,0.273,0.494,0.640,0.807,0.993,
2,123,0.241,0.396,0.575,0.752,0.938,1.100,1.263,1.404,1.581,1.763,1.953,2.104,2.232,2.374,2.535,2.695,2.834,2.996,3.148,3.281,3.742,3.898,4.044,4.188,4.340,4.495,4.648,4.780,4.935,5.086,5.219,5.399,5.561,5.727,5.911,6.096,6.266,6.399,
2,124,0.370,0.488,0.634,0.811,0.967,1.119,1.287,1.450,1.634,1.801,1.977,2.154,2.307,2.484,2.656,2.814,2.999,3.164,3.363,
2,125,0.277,0.396,0.582,0.731,0.930,1.104,1.303,1.467,1.678,1.849,2.034,2.197,2.388,2.541,2.721,3.085,3.302,3.426,3.639,3.801,3.985,4.197,4.374,4.591,4.773,5.062,5.218,
2,126,0.103,0.299,0.442,0.618,0.823,1.020,1.192,1.373,1.537,1.733,1.949,2.165,2.356,2.702,2.894,3.031,3.222,
2,127,0.213,0.414,0.595,0.764,0.917,1.123,1.294,1.514,1.671,1.848,2.061,2.241,2.454,2.675,2.851,3.059,3.237,3.443,3.649,3.858,4.050,4.215,4.361,4.578,4.783,5.002,5.164,5.376,5.691,
2,128,0.147,0.291,0.485,0.618,
2,129,0.160,0.303,0.486,
2,130,0.043,0.229,0.576,0.767,0.934,1.105,1.285,1.450,1.661,1.853,2.018,2.394,2.575,2.768,2.950,3.135,3.296,
2,131,0.362,0.539,0.726,0.871,1.039,1.222,1.402,1.560,1.748,1.950,2.241,2.414,2.596,2.725,2.893,3.044,3.191,3.353,3.550,3.687,3.872,4.028,4.221,4.391,4.555,4.928,5.180,
2,132,0.045,0.217,0.398,0.583,0.739,0.921,1.099,
2,133,0.157,0.346,0.533,0.713,0.907,1.086,1.223,1.390,1.597,1.801,1.975,
2,134,0.150,0.331,0.530,0.897,1.075,1.290,1.466,1.607,1.771,1.920,2.109,2.284,2.446,2.602,2.768,2.956,3.103,3.285,3.462,3.648,3.828,4.015,4.191,4.360,4.547,4.765,4.909,5.119,5.336,5.516,5.671,
2,135,0.166,0.338,0.520,0.701,0.869,1.049,
2,136,0.148,0.341,0.545,0.708,0.907,1.117,1.319,1.463,1.655,1.862,2.055,2.274,2.427,2.645,2.839,3.015,3.220,3.396,3.581,3.777,3.923,4.320,4.520,4.732,4.909,5.147,5.448,5.650,
2,137,0.183,0.347,0.512,0.667,0.835,1.016,1.239,1.462,1.646,1.784,1.969,2.160,2.346,2.513,2.708,2.897,3.086,3.278,3.477,3.863,4.102,4.348,4.541,4.726,4.952,
2,138,0.028,0.197,0.398,0.606,0.800,1.012,1.148,1.473,1.668,1.832,2.001,2.187,2.396,2.582,2.772,2.969,3.168,3.343,3.540,3.719,3.940,4.150,4.341,4.513,4.846,
2,139,0.194,0.400,0.583,0.750,0.900,1.083,1.323,1.474,1.657,1.853,
2,140,0.117,0.291,0.469,0.646,0.847,1.034,1.198,1.421,1.623,1.866,2.031,2.150,2.397,2.590,2.786,2.939,3.154,3.301,3.524,3.751,3.932,4.148,4.352,4.599,4.809,5.001,5.170,5.405,
2,141,,
2,142,0.103,0.279,0.466,0.654,0.859,1.048,1.234,1.443,1.615,1.813,2.022,2.175,2.352,2.549,2.748,2.918,3.112,3.308,3.473,3.650,3.853,4.090,4.277,4.466,4.656,4.812,5.011,5.368,
2,143,0.164,0.358,0.562,0.776,0.968,1.181,1.393,1.612,1.783,1.965,2.160,2.532,2.716,2.906,3.100,3.299,3.489,3.656,3.894,4.091,4.277,4.448,4.600,4.770,4.974,5.144,5.316,5.476,5.648,5.857,
2,144,0.107,0.317,0.530,0.670,0.891,1.087,1.421,1.616,1.778,1.931,2.138,2.335,2.521,2.685,2.888,3.053,3.247,3.422,
2,145,0.031,0.186,0.365,0.561,0.765,0.957,1.149,1.325,1.533,1.673,1.876,
2,146,0.222,0.432,0.650,
2,147,0.100,0.307,0.494,0.701,0.876,1.096,1.331,1.521,1.703,1.912,2.138,2.369,2.573,2.824,2.995,3.180,3.403,3.625,3.831,4.028,4.234,4.411,4.639,4.834,5.045,5.273,5.497,5.671,
2,148,0.221,0.452,0.734,1.001,1.222,1.433,1.616,1.790,1.960,2.171,2.388,2.606,2.800,3.002,3.188,3.398,3.599,3.798,4.029,4.269,4.469,4.670,4.886,5.064,5.270,5.470,
2,149,0.150,0.325,0.531,0.767,0.947,1.127,1.332,1.549,1.767,1.962,2.182,2.425,2.651,2.871,3.081,3.293,3.524,3.698,3.861,4.067,4.285,4.528,4.769,4.965,5.104,
2,150,0.220,0.408,0.605,0.792,0.984,1.183,1.402,1.649,1.851,2.060,2.266,2.444,2.674,2.900,3.100,
2,151,0.169,0.385,0.587,
2,152,0.225,0.424,0.645,0.833,1.033,1.262,1.464,1.649,1.869,2.013,2.204,2.578,2.783,2.994,3.187,3.419,3.653,3.843,4.050,4.181,4.364,
3,1,0.088,0.231,0.374,0.518,0.637,0.778,0.913,1.052,1.191,1.347,1.491,1.635,1.779,1.944,2.090,2.236,2.396,2.531,2.686,2.835,2.995,3.168,3.316,
3,2,0.061,0.202,0.351,0.503,0.640,0.792,0.954,1.101,1.229,1.356,1.520,1.673,1.853,2.021,2.151,2.324,2.504,2.650,2.820,2.983,3.138,3.288,3.505,3.678,3.863,4.039,4.194,4.289,4.478,4.638,
3,3,0.242,0.400,0.575,0.718,0.900,1.023,1.194,1.367,1.539,1.673,1.826,1.994,2.180,2.337,2.521,2.690,3.049,3.241,
3,4,0.025,0.164,0.324,0.483,0.642,0.781,0.938,1.080,1.228,1.361,1.597,1.738,1.873,
3,5,0.106,0.269,0.479,0.622,0.801,0.990,1.161,1.319,1.481,1.651,1.807,
3,6,0.059,0.237,0.411,0.570,0.698,0.842,1.014,1.147,1.300,1.483,1.657,1.813,1.985,2.148,2.330,2.492,2.677,2.845,3.027,3.187,3.374,3.543,3.702,3.898,4.059,4.214,4.399,4.569,4.722,4.899,5.045,5.220,5.399,5.569,5.742,5.899,6.037,
3,7,0.110,0.268,0.414,0.574,0.736,0.894,1.082,1.261,1.459,1.676,1.876,2.077,2.198,2.337,2.500,2.660,2.808,2.973,3.145,3.271,3.427,3.589,3.776,3.981,4.161,4.360,4.536,4.727,4.911,
3,8,0.135,0.269,0.375,
3,9,0.150,0.300,0.461,0.622,0.794,0.959,1.150,1.300,1.483,1.650,1.813,1.957,2.151,2.301,2.490,2.670,2.846,3.042,3.222,
3,10,0.030,0.324,0.528,0.647,0.812,0.967,1.407,
3,11,0.204,0.388,
3,12,0.033,0.213,0.406,
3,13,0.168,0.326,0.493,0.673,0.831,
3,14,0.207,0.405,0.559,0.762,0.971,1.149,1.314,1.495,1.675,1.896,2.046,2.227,2.396,2.566,2.766,2.862,3.083,3.239,3.436,3.590,3.796,3.970,4.164,4.397,4.502,4.708,4.990,5.147,5.337,
3,15,0.107,0.277,0.459,
3,16,0.033,0.221,0.563,0.730,0.900,1.051,1.246,1.462,1.651,1.837,2.042,2.224,2.421,2.569,2.740,2.928,3.096,3.290,3.489,3.696,3.863,4.074,4.201,4.400,4.575,4.776,4.929,5.123,5.269,5.444,
3,17,0.040,0.208,0.405,0.590,0.773,0.985,1.162,1.356,1.541,1.718,1.890,2.088,2.274,2.500,2.664,2.862,2.995,3.163,3.360,3.591,3.752,3.930,4.101,4.247,4.433,4.607,
3,18,0.150,0.321,0.517,0.693,0.986,1.151,1.326,1.518,1.693,1.862,2.025,2.213,2.385,2.579,2.768,2.957,3.135,3.334,3.538,3.742,3.938,4.136,4.360,4.544,4.769,4.947,5.170,
3,19,0.075,0.265,0.452,0.613,0.775,0.952,1.112,1.290,1.441,1.723,1.950,2.183,2.436,
3,20,0.028,0.151,0.283,0.475,0.654,0.782,0.901,1.059,1.223,1.395,1.540,1.684,1.839,2.012,2.157,2.273,2.432,2.612,2.793,3.110,3.248,3.366,3.626,3.747,3.902,4.079,4.396,4.541,4.681,4.829,4.982,5.150,5.324,5.490,5.627,5.764,5.867,6.080,
3,21,0.034,0.154,0.287,0.436,0.588,0.730,0.892,1.044,1.184,1.346,1.487,1.635,1.783,2.048,2.194,2.332,2.497,2.653,2.803,2.961,3.136,3.289,3.434,3.586,3.719,3.875,4.023,4.345,4.500,4.672,4.820,4.976,5.143,5.287,5.464,5.614,5.777,5.938,6.077,6.209,
3,22,0.177,0.320,0.472,0.643,0.776,0.930,
3,23,0.146,0.302,0.465,0.647,0.792,0.929,1.079,1.248,1.435,1.577,1.730,1.897,2.041,2.200,2.397,2.547,2.704,2.898,3.057,3.217,3.398,3.534,3.703,3.870,4.069,4.229,4.402,4.566,4.717,4.899,5.045,5.195,5.371,5.545,5.736,5.924,
3,24,0.142,0.322,0.475,0.657,0.845,1.024,
3,25,0.113,0.300,0.473,0.657,0.829,0.998,1.149,1.313,1.480,1.653,1.835,2.001,2.184,2.345,2.502,2.670,2.833,2.992,3.127,3.285,3.742,3.910,
3,26,0.180,0.345,0.524,0.697,0.867,1.028,1.203,1.372,1.535,1.703,1.892,2.096,2.227,2.392,2.574,2.742,2.951,3.126,3.309,
3,27,0.041,0.226,0.405,0.551,0.722,0.874,1.018,1.180,1.362,1.530,1.707,1.877,2.069,2.252,2.414,2.603,2.734,2.906,3.078,3.266,3.436,3.621,3.830,3.996,4.165,4.328,4.471,4.623,4.815,4.981,5.311,5.478,5.666,5.835,
3,28,0.148,0.323,0.514,0.668,0.830,0.999,1.194,1.398,1.583,1.738,1.925,2.148,2.269,2.460,2.649,2.838,3.016,3.196,3.366,3.555,3.745,3.943,4.127,4.318,4.492,4.667,4.839,5.033,5.238,5.403,5.592,5.767,5.952,6.151,6.307,6.517,6.717,6.913,7.113,7.285,7.448,
3,29,0.191,0.397,0.539,0.741,0.896,1.083,1.326,1.502,1.677,1.852,2.029,2.211,2.386,2.583,2.770,2.971,3.158,3.344,3.520,3.712,3.887,4.060,4.220,4.387,4.538,4.743,4.922,5.109,5.281,5.454,5.665,5.856,6.061,6.240,6.413,6.597,6.798,6.992,
3,30,0.114,0.299,0.491,0.680,0.877,
3,31,0.046,0.267,0.472,0.658,0.867,1.086,1.297,1.486,1.708,1.911,2.113,2.326,2.530,2.768,3.022,3.249,3.451,3.656,3.845,4.022,4.200,4.386,4.578,4.776,4.987,5.167,5.386,5.590,5.770,5.947,6.153,6.328,6.520,
3,32,0.106,0.313,0.466,0.636,0.799,1.017,1.179,1.364,1.566,1.749,1.928,2.107,2.305,2.522,2.768,2.945,3.151,3.321,3.518,3.710,3.951,4.200,4.402,4.577,4.769,4.978,5.201,5.375,5.539,5.734,
3,33,0.151,0.343,0.538,0.737,0.897,1.062,1.268,1.446,1.625,1.818,1.992,2.162,2.332,2.538,2.713,2.909,3.105,3.269,3.441,3.636,3.821,4.020,4.170,4.350,4.537,4.749,4.896,5.056,5.285,5.477,5.591,5.803,5.939,
3,34,0.107,0.283,0.467,0.666,0.853,1.193,1.373,1.540,1.698,1.899,
3,35,0.065,0.248,0.417,0.598,0.784,1.068,1.242,1.447,1.639,1.811,2.000,2.182,2.361,2.551,2.740,2.963,3.151,3.357,
3,36,0.037,0.228,0.441,0.644,0.848,1.068,1.285,1.482,1.669,1.845,2.066,2.291,2.489,2.701,2.989,3.177,3.376,3.575,3.762,3.954,4.168,4.396,4.580,4.797,4.990,5.214,5.442,5.647,5.807,6.013,6.198,
3,37,0.153,0.368,0.555,0.770,0.927,1.150,1.374,1.583,1.767,1.957,
3,38,0.123,0.341,0.547,0.749,0.911,
3,39,0.033,0.233,0.437,0.650,0.843,1.017,1.226,1.423,1.606,1.804,2.001,2.152,2.348,2.518,2.700,2.899,3.115,3.283,3.518,3.735,3.927,4.100,4.269,4.417,4.614,4.823,
3,40,0.105,0.414,0.773,0.923,1.075,1.270,1.421,1.612,1.787,1.911,2.092,2.271,2.438,2.659,2.786,2.978,3.170,3.348,3.594,3.771,3.979,4.148,4.299,4.615,4.921,5.332,
3,41,0.032,0.203,0.341,0.522,0.612,0.721,0.797,0.936,1.149,1.335,1.454,1.656,1.766,1.812,1.893,1.968,2.059,2.150,2.225,2.303,2.400,2.484,2.543,2.625,2.789,2.966,3.100,3.196,
3,42,0.075,0.149,0.233,0.328,0.491,0.568,0.649,0.735,0.796,0.899,0.967,1.034,1.121,1.206,1.300,1.375,1.445,1.544,1.607,1.697,1.773,1.931,2.096,2.267,2.357,2.440,2.532,2.607,2.716,2.795,2.900,2.981,3.074,3.267,3.338,3.469,3.551,3.669,3.767,3.874,3.971,4.099,4.190,4.360,4.455,4.570,4.661,4.797,4.866,5.018,5.084,5.224,5.305,5.428,5.498,5.613,5.687,5.785,5.870,6.050,6.244,6.420,6.519,6.598,6.743,6.791,6.922,6.985,7.180,7.358,7.459,7.531,8.020,8.064,
3,43,0.070,0.317,0.387,0.566,0.675,0.771,1.024,1.163,1.306,1.494,1.613,1.771,1.905,2.041,2.171,2.315,2.444,2.592,2.745,2.866,3.001,3.155,3.314,3.453,3.610,3.739,3.889,4.022,4.183,4.351,4.522,4.685,4.846,5.023,5.169,5.312,5.460,5.615,5.773,5.950,6.140,6.294,6.481,6.640,6.803,6.969,
3,44,0.140,0.324,0.520,0.685,0.870,1.062,1.233,1.411,1.567,1.731,1.907,
3,45,0.058,0.250,0.396,0.551,0.722,0.876,1.042,1.213,1.375,1.561,1.731,1.913,2.065,2.227,2.410,2.590,2.752,2.934,3.102,3.271,3.464,3.658,3.851,4.032,4.225,4.408,4.625,4.765,4.967,5.180,5.377,5.575,5.802,5.980,6.187,6.399,6.554,6.732,6.924,7.149,7.276,7.427,
3,46,0.161,0.328,0.480,
3,47,0.026,0.227,0.422,0.609,0.750,0.929,1.122,1.289,1.489,1.682,1.869,2.056,2.248,2.420,2.616,2.819,2.972,3.150,3.326,3.479,3.661,3.845,4.023,4.203,4.365,4.545,4.720,4.905,5.109,5.317,5.487,5.674,5.854,6.030,6.214,6.395,6.563,6.717,
3,48,0.190,0.369,0.529,0.690,0.876,1.038,1.217,1.394,1.578,1.768,1.950,2.125,2.328,2.501,2.705,2.922,3.109,3.300,3.472,3.666,3.859,4.067,4.262,4.456,4.620,4.815,4.952,5.146,5.425,
