0,1,0.077,0.250,0.406,0.567,0.705,0.854,1.000,1.151,1.317,1.463,1.612,1.761,1.917,2.072,2.216,2.395,2.533,2.677,2.823,2.957,3.097,3.236,3.396,3.530,3.704,3.861,4.016,4.197,4.366,4.522,4.683,4.855,5.013,5.171,5.350,5.522,5.690,5.860,6.033,6.213,6.404,6.596,6.782,6.961,7.147,7.330,7.514,7.702,7.898,8.087,8.279,8.464,8.651,8.843,9.030,9.224,9.413,9.608,9.802,9.999,10.188,10.405,10.591,10.788,
0,1,0.041,0.237,0.479,0.693,0.921,1.152,1.385,1.606,1.846,2.053,2.268,2.490,2.694,2.927,3.136,3.351,3.566,3.773,3.993,4.204,4.405,4.615,4.836,5.058,5.270,5.520,5.740,5.987,6.219,6.437,6.648,6.871,7.076,7.315,7.528,7.771,7.978,8.206,8.449,8.658,8.859,9.102,9.333,9.551,9.787,10.022,
0,1,0.173,0.362,0.552,0.736,
0,1,0.076,0.245,0.411,
1,1,0.084,0.275,0.465,0.654,0.837,1.044,1.228,1.425,1.623,1.810,2.014,2.199,2.397,2.578,
1,2,0.035,0.236,0.405,0.580,0.769,0.940,
1,3,0.096,0.269,0.487,0.680,0.896,1.097,1.276,1.473,1.657,1.854,
1,4,0.162,0.372,0.563,0.736,0.922,1.119,1.303,1.493,1.685,1.938,2.155,2.321,2.524,2.695,2.891,3.084,3.275,3.461,3.648,3.838,4.045,4.250,4.434,4.613,4.810,5.009,5.186,5.392,5.568,5.776,5.949,6.143,6.313,6.490,6.676,6.848,7.043,7.233,7.408,7.590,7.775,7.964,8.147,8.323,8.510,8.681,8.856,9.044,9.215,9.407,9.579,9.764,9.958,10.145,10.330,
1,5,0.106,0.297,0.480,0.679,0.847,1.029,1.213,1.407,1.601,1.789,
1,6,0.185,0.391,0.591,0.789,0.994,1.212,1.467,1.641,1.836,2.025,2.200,2.395,2.584,2.775,2.961,3.155,3.332,3.509,3.691,3.892,4.053,4.218,4.396,4.570,4.801,4.998,5.199,5.430,5.643,5.854,6.091,6.292,6.510,6.698,6.897,7.098,7.307,7.528,7.717,7.917,8.113,8.317,8.528,8.731,8.919,9.109,9.299,9.512,9.697,9.895,10.085,10.288,10.496,10.699,10.913,11.109,11.316,11.513,11.710,11.908,12.100,12.297,12.494,12.695,12.897,13.089,13.282,13.478,13.667,13.897,14.084,14.279,14.471,14.661,14.857,15.061,15.268,15.442,15.648,15.850,
1,7,0.078,0.268,0.463,0.658,0.898,1.049,1.248,1.433,1.649,1.832,2.015,2.175,2.361,2.555,2.732,2.909,3.099,3.278,
1,8,0.083,0.270,0.449,0.637,0.819,1.020,1.214,1.408,1.597,1.788,
1,9,0.168,0.353,0.539,
1,10,0.127,0.310,0.492,0.667,0.837,1.011,1.196,1.392,1.602,1.815,2.016,2.216,2.437,2.653,2.858,3.115,3.284,3.474,3.684,3.900,4.120,4.361,4.580,4.798,5.017,5.228,5.460,5.676,5.894,6.106,6.321,6.536,6.735,6.948,7.157,7.395,7.614,7.803,7.986,8.175,8.403,8.596,8.815,9.041,9.232,9.459,9.646,
1,11,0.209,0.408,0.650,0.827,1.027,1.228,1.423,1.624,1.839,2.042,2.243,2.445,2.651,2.867,3.077,3.295,3.543,3.768,3.988,4.242,4.496,4.731,4.977,5.246,5.473,5.699,5.946,6.204,6.452,6.648,6.862,7.081,7.287,7.499,7.741,7.941,8.137,
1,12,0.174,0.365,0.576,0.799,1.017,1.236,1.455,1.661,1.884,
1,13,0.181,0.399,0.577,0.776,0.973,1.175,1.383,1.575,1.779,1.976,2.173,2.369,2.564,2.779,2.989,3.200,3.411,3.616,3.832,4.025,4.236,4.446,4.666,4.885,5.095,5.303,5.491,5.689,5.900,
1,14,0.036,0.199,0.386,0.568,0.769,0.952,1.151,1.358,1.566,1.749,1.952,2.148,2.356,2.557,2.749,2.947,3.146,3.349,3.553,3.771,3.958,4.173,4.388,4.587,4.781,4.971,5.176,5.388,5.585,5.772,5.983,6.210,6.427,6.642,6.843,7.039,7.246,7.443,7.639,7.835,8.040,8.233,8.430,8.623,8.815,9.023,9.223,9.451,9.713,9.959,10.241,10.524,10.781,11.024,11.304,11.544,11.742,11.975,
1,15,0.267,0.517,0.742,0.990,1.223,1.475,1.732,1.982,2.208,2.453,2.684,2.927,3.165,3.400,3.635,3.858,4.153,4.396,4.672,4.923,5.170,5.469,5.704,5.993,6.237,6.462,6.701,6.974,7.203,7.434,7.663,7.891,8.112,
1,16,0.060,0.327,0.577,0.808,1.038,1.281,1.490,1.776,1.998,2.236,2.462,2.697,2.931,3.175,3.413,3.644,3.866,4.084,4.300,4.559,4.793,5.026,5.263,5.514,5.748,5.985,6.245,6.471,6.692,6.921,7.149,7.395,7.612,7.829,8.056,
1,17,0.047,0.273,0.480,0.698,0.907,1.140,1.359,1.576,1.799,2.034,2.240,2.457,2.677,2.891,3.098,3.334,
1,18,0.053,0.246,0.457,
1,19,0.068,0.278,0.495,0.709,0.938,1.171,1.402,1.611,1.818,2.028,2.234,2.435,2.657,2.847,3.056,3.269,3.464,3.661,3.869,4.061,4.270,4.452,4.640,4.853,5.081,5.314,5.554,5.790,6.001,6.220,6.444,
1,20,0.091,0.289,0.498,0.713,0.926,1.159,1.373,1.591,1.815,2.026,2.239,2.469,2.684,2.920,3.158,3.408,3.650,3.875,4.100,4.324,4.563,4.779,4.993,5.213,5.448,5.691,5.894,6.121,6.346,6.580,6.817,7.079,7.295,7.514,7.733,7.949,8.165,8.364,8.586,8.796,9.012,9.222,9.438,9.646,9.862,10.076,10.284,
1,21,0.201,0.412,0.638,0.900,1.100,1.314,1.564,1.777,2.001,2.210,2.426,2.659,2.897,3.109,3.352,3.567,3.798,4.060,4.281,4.533,4.775,5.026,5.276,5.554,5.779,5.998,6.234,6.469,6.702,6.926,7.173,7.393,7.616,7.864,8.089,8.312,8.533,8.771,8.990,9.195,9.428,9.657,9.897,10.090,10.330,
1,22,0.158,0.375,0.617,0.810,1.026,1.250,1.553,1.845,
1,23,0.073,0.292,0.515,0.702,0.916,1.149,1.371,1.620,1.844,2.068,2.296,2.520,2.748,2.964,3.192,3.415,3.650,3.854,4.103,4.368,4.584,4.792,5.002,5.225,5.436,5.679,5.904,6.135,6.360,6.582,6.818,7.018,7.238,7.468,7.711,7.937,8.147,8.386,8.593,8.826,9.052,9.270,9.463,9.700,
1,24,0.211,0.420,0.639,0.849,1.054,1.267,1.486,1.700,1.917,2.134,2.362,2.569,2.797,3.018,3.218,3.436,3.652,3.864,4.080,4.330,4.562,4.798,5.034,5.269,5.481,5.714,5.941,
1,25,0.026,0.213,0.424,0.658,0.874,1.100,1.324,1.559,1.787,2.027,2.214,2.435,2.661,2.868,3.072,3.307,3.552,3.778,3.997,4.223,4.451,4.694,4.922,5.145,5.370,5.584,5.810,6.050,6.298,6.546,6.786,7.021,7.243,7.476,7.710,7.933,8.166,8.411,8.647,8.861,9.095,9.317,9.554,9.798,10.020,10.236,10.445,10.688,10.898,11.098,11.314,11.532,11.746,11.974,12.185,12.413,12.648,12.863,13.094,
1,26,0.201,0.415,0.638,0.852,1.071,1.294,1.498,1.711,1.942,2.123,2.348,2.554,2.773,2.983,3.195,3.409,3.613,3.813,4.027,4.235,4.464,4.665,4.866,5.078,5.298,5.556,5.774,5.959,6.174,6.398,6.595,6.802,7.013,7.221,
1,27,0.042,0.248,0.452,0.662,0.867,
1,28,0.076,0.293,0.518,0.730,0.933,1.139,1.339,1.545,1.752,1.963,2.160,2.385,2.593,2.810,3.036,3.269,3.483,3.699,3.908,4.136,4.338,
1,29,0.034,0.244,0.466,
1,30,0.044,0.262,0.483,0.707,0.918,1.127,1.321,1.525,1.735,
1,31,0.196,0.410,0.645,0.854,1.063,1.289,1.512,1.726,1.946,2.168,2.396,2.603,2.939,3.310,
1,32,0.150,0.520,0.797,1.137,
1,33,0.090,0.357,0.650,0.916,1.192,1.479,1.767,2.042,2.319,2.595,2.889,3.157,3.417,3.696,3.944,4.182,4.432,4.692,4.958,5.206,5.441,5.679,5.961,6.236,6.495,6.770,
1,34,0.045,0.313,0.548,0.798,1.071,1.333,1.585,1.839,2.078,2.326,2.599,2.872,3.151,3.373,3.647,3.901,4.122,4.388,4.638,4.885,5.122,5.367,5.597,5.775,6.029,6.252,6.470,6.682,6.900,7.122,7.345,7.581,7.777,
1,35,0.095,0.338,0.547,0.777,1.027,1.275,1.511,1.740,
1,36,0.213,0.425,0.649,0.888,1.142,1.392,1.638,1.868,2.101,2.336,2.495,2.804,3.022,3.272,3.546,3.798,4.023,4.237,4.470,4.694,4.917,5.108,5.324,5.541,5.793,6.043,6.306,6.556,6.789,7.024,7.274,7.524,7.734,
1,37,0.159,0.376,0.625,0.842,1.058,1.298,1.595,1.862,2.141,2.425,2.704,2.984,3.297,3.587,3.860,4.142,4.395,4.725,5.025,5.309,5.540,5.798,6.060,
1,38,0.238,0.502,0.766,0.948,
1,39,,
1,40,0.030,0.264,0.470,0.699,0.945,1.167,1.415,1.677,1.942,2.201,2.429,2.680,2.905,3.105,3.309,
1,41,0.109,0.335,0.583,0.814,1.022,1.212,1.432,1.680,1.911,2.151,2.389,2.601,2.832,3.080,3.302,3.526,3.749,3.980,4.204,4.437,4.657,4.894,5.115,5.323,5.531,5.736,
1,42,0.148,0.347,0.588,
1,43,0.218,0.446,0.666,0.873,1.075,
1,44,0.041,0.274,0.470,0.683,0.901,
1,45,0.049,0.270,0.492,0.697,0.918,1.137,1.341,1.579,1.810,1.995,2.271,2.466,2.671,2.888,3.100,3.342,3.556,3.951,4.172,4.388,4.579,4.782,5.176,5.392,5.606,5.819,5.982,6.249,6.453,6.659,6.850,7.050,7.273,7.483,7.944,
1,46,0.173,0.375,0.567,0.784,0.982,1.191,1.414,1.624,1.800,2.099,2.330,2.584,2.822,3.061,3.278,3.525,3.762,4.012,4.245,4.487,4.696,4.911,5.146,5.363,5.578,5.809,6.054,6.355,6.587,6.805,7.035,
1,47,0.223,0.446,0.668,0.895,
1,48,0.248,0.481,
1,49,0.149,0.349,0.579,0.798,1.019,1.230,1.479,1.716,1.933,2.154,2.364,2.583,2.814,3.044,3.280,3.494,3.715,3.957,4.172,4.433,4.655,4.906,5.099,5.327,5.550,5.778,
1,50,0.218,0.445,
1,51,0.193,0.414,
1,52,0.138,0.363,0.590,0.818,1.029,1.269,1.519,1.727,1.955,2.163,2.368,2.589,2.817,3.052,3.297,3.532,3.770,3.972,4.200,4.426,4.656,4.866,5.075,5.286,5.521,5.726,
1,53,0.217,0.455,0.673,0.894,1.104,1.337,1.594,1.836,2.111,2.358,2.608,2.849,3.059,3.305,
1,54,0.243,0.469,0.721,0.955,1.163,1.423,1.661,1.891,2.141,2.373,2.642,2.857,3.089,3.324,3.574,3.830,4.092,4.332,4.583,4.821,5.058,5.277,5.493,5.732,
1,55,0.092,0.301,0.524,0.749,0.966,1.197,1.405,1.643,1.846,2.071,2.295,2.513,2.751,2.977,3.196,3.428,3.644,3.838,4.049,4.248,4.478,4.690,4.895,5.122,5.339,5.545,5.765,
1,56,0.168,0.400,0.613,0.836,1.054,1.291,1.527,1.767,
1,57,0.220,0.424,0.647,0.848,1.065,1.270,1.491,1.716,
1,58,0.109,0.365,0.568,0.791,1.021,
1,59,0.036,0.259,0.494,0.712,0.940,1.173,1.400,1.644,1.873,2.091,2.307,2.547,2.774,2.997,3.230,3.478,3.693,3.921,4.155,4.405,4.657,4.895,5.121,5.371,5.604,5.837,
1,60,0.093,0.324,0.552,0.775,0.997,
1,61,0.038,0.246,0.466,0.675,0.834,1.088,1.297,1.517,1.727,1.953,2.163,2.394,2.613,2.838,3.052,3.275,3.482,3.698,3.941,4.174,4.415,4.655,4.899,5.155,5.364,5.602,5.815,6.043,6.262,6.482,6.719,6.938,7.159,7.396,7.598,7.830,8.062,8.299,8.555,8.784,8.999,
1,62,0.112,0.326,0.550,0.776,0.988,1.203,1.450,1.669,1.901,2.119,2.342,2.565,2.771,2.974,3.199,3.421,3.648,3.867,4.111,4.333,4.581,4.807,5.015,5.227,5.433,
1,63,0.149,0.352,0.567,0.844,1.023,1.311,1.523,1.733,1.947,2.187,2.400,2.663,2.900,3.095,3.319,3.552,3.768,3.964,4.176,4.387,4.584,4.801,5.018,5.198,5.412,5.626,5.866,6.053,6.293,6.533,6.729,6.921,
1,64,0.266,0.576,0.919,1.147,1.358,1.538,1.807,1.990,2.196,2.445,2.654,2.898,3.098,3.325,
1,65,0.187,0.479,0.691,0.890,1.163,1.422,1.672,1.959,2.175,2.454,2.706,2.942,3.175,3.397,3.647,3.858,4.071,4.299,4.534,4.775,4.998,5.275,5.499,5.723,5.926,6.154,6.367,6.572,6.766,6.966,7.405,7.600,7.896,
1,66,0.192,0.400,0.608,0.818,1.031,1.238,1.447,1.648,1.866,2.078,2.309,2.524,2.745,2.984,3.186,3.398,3.579,3.818,4.037,4.265,4.467,4.715,4.938,5.171,5.403,5.669,5.900,6.150,6.344,6.563,6.770,6.966,
1,67,0.099,0.310,0.517,
1,68,0.058,0.284,0.488,0.690,0.920,1.151,1.343,1.559,1.780,1.997,2.218,2.426,2.659,2.885,3.101,3.319,
1,69,0.200,0.405,0.612,0.821,1.030,1.222,1.416,1.615,1.825,2.099,2.315,2.538,2.766,2.973,3.174,3.365,3.572,3.784,4.017,4.267,4.498,4.721,4.954,5.170,5.401,
1,70,0.153,0.366,0.584,0.818,1.050,1.308,1.548,1.773,1.983,2.216,2.432,2.677,2.900,3.115,3.338,3.562,3.777,4.024,4.268,4.518,4.720,4.936,5.166,5.402,5.649,5.852,6.062,
1,71,0.207,0.450,0.682,0.929,1.221,1.432,1.648,1.889,2.110,2.321,2.527,2.736,2.975,3.189,3.397,3.610,3.816,4.035,4.243,4.476,4.675,4.910,5.127,5.354,5.568,5.778,6.024,6.212,
1,72,0.189,0.408,0.645,0.862,1.077,1.310,1.542,1.783,2.029,2.272,2.513,2.749,2.989,3.218,
1,73,0.089,0.284,0.490,0.707,0.924,
1,74,0.114,0.323,0.539,0.747,0.957,1.190,1.418,1.637,1.887,2.106,2.339,2.577,2.803,3.060,3.300,
1,75,0.271,0.473,0.696,0.932,1.147,1.401,1.617,1.888,2.095,2.311,2.558,2.794,3.042,3.272,
1,76,0.171,0.399,0.622,
1,77,0.113,0.339,0.557,0.775,0.998,1.208,1.441,1.662,1.892,2.110,2.340,2.568,2.791,3.017,3.246,3.496,3.731,3.965,4.188,4.445,4.676,4.955,5.193,5.421,5.661,5.854,6.106,6.341,6.572,6.814,
1,78,0.153,0.362,0.646,0.897,1.116,1.397,1.647,1.858,2.080,2.340,2.536,2.764,
1,79,0.221,0.462,0.667,0.900,1.150,1.377,1.636,1.901,2.120,2.351,2.576,2.802,3.021,3.247,3.480,3.703,3.917,4.140,4.367,4.598,4.835,5.063,5.276,5.498,5.712,
1,80,0.066,0.275,0.498,0.717,0.924,1.154,1.355,1.610,1.843,2.046,2.273,2.473,2.680,2.901,3.101,
1,81,0.039,0.252,0.465,
1,82,0.106,0.351,0.565,0.800,1.023,1.248,1.450,1.670,1.874,2.085,2.337,2.560,2.774,2.969,3.185,3.401,3.591,3.799,4.025,4.242,4.458,4.670,4.892,5.098,5.300,5.501,
1,83,0.085,0.301,0.524,0.725,0.932,1.141,1.371,1.584,1.809,2.025,2.268,2.494,2.715,2.948,3.184,3.417,3.674,3.892,4.142,4.371,4.599,4.820,5.046,5.262,5.476,5.697,
1,84,0.111,0.319,0.530,0.741,0.961,1.187,1.399,1.615,1.826,2.092,2.309,2.526,2.776,2.972,3.190,
1,85,0.231,0.457,0.695,0.924,1.163,1.387,1.604,1.844,2.090,2.316,2.578,2.816,3.095,3.357,3.598,3.801,4.022,4.212,4.426,4.639,4.838,5.032,5.238,5.437,5.646,
1,86,0.098,0.320,0.531,0.764,0.975,1.218,1.434,1.681,1.951,2.164,2.395,2.645,2.824,3.035,3.262,3.468,3.685,3.915,4.145,4.354,4.610,4.814,5.019,5.245,5.458,5.658,5.846,6.046,6.362,
1,87,0.224,0.434,0.651,0.845,1.060,1.281,1.496,1.712,1.929,2.126,2.347,2.550,2.769,2.975,3.184,3.409,3.627,3.848,4.051,4.276,4.519,4.729,4.952,5.185,5.386,5.606,5.828,6.049,6.312,6.540,6.771,6.980,
1,88,0.243,0.447,0.644,
1,89,0.173,0.396,0.580,0.788,0.997,1.196,1.407,1.616,1.820,
1,90,0.221,0.413,0.566,0.813,1.024,1.212,1.423,1.641,1.853,2.064,2.292,2.525,2.708,2.904,3.098,3.304,3.523,3.740,3.936,4.142,4.344,4.560,4.779,5.026,5.209,5.410,5.615,5.819,
1,91,0.084,0.286,0.488,0.690,0.891,1.078,1.275,1.471,1.676,
1,92,0.148,0.347,0.560,0.775,0.994,1.199,1.399,1.601,1.839,2.053,2.214,2.478,2.684,2.910,3.150,3.357,3.560,3.794,4.017,4.235,4.454,4.660,4.865,5.069,5.274,5.475,
1,93,0.143,0.333,0.533,0.720,0.908,1.103,1.306,1.510,1.707,1.900,2.096,2.308,2.513,2.708,2.900,3.100,
1,94,0.030,0.246,0.449,0.670,0.872,1.078,1.291,1.495,1.712,1.935,2.156,2.353,2.540,2.729,2.935,3.144,3.332,3.532,3.730,3.926,4.145,4.344,4.554,4.765,
1,95,0.235,0.436,0.644,0.846,1.050,1.265,1.483,1.689,1.895,2.102,2.323,2.528,2.733,2.932,3.146,3.360,3.590,3.789,3.991,
1,96,0.154,0.359,0.602,0.808,1.047,
1,97,0.217,0.436,0.638,0.853,1.066,1.272,1.491,1.713,1.921,2.111,2.299,2.500,2.731,2.937,
1,98,0.204,0.413,0.636,0.840,1.036,1.242,1.447,1.620,1.870,
1,99,0.133,0.332,0.549,0.767,0.962,1.163,1.364,1.564,1.767,
1,100,0.179,0.400,0.597,0.808,1.017,1.226,1.439,1.654,1.855,2.068,2.282,2.489,2.693,2.899,3.096,3.297,3.494,
1,101,0.062,0.274,0.442,0.668,
1,102,0.138,0.335,0.537,0.750,0.933,1.126,1.326,1.522,1.718,1.908,2.096,2.287,2.473,2.662,2.854,3.050,3.244,3.613,
1,103,0.025,0.213,0.418,0.645,0.892,1.149,
1,104,0.172,0.392,0.652,0.893,1.143,1.347,1.537,1.730,1.913,2.106,2.326,2.564,2.769,2.960,3.185,3.397,3.761,
1,105,0.033,0.233,0.429,0.619,0.833,1.017,1.204,1.400,1.596,1.834,1.986,2.213,2.416,2.651,2.844,3.055,3.268,3.497,3.698,3.904,4.104,4.293,4.473,4.860,
1,106,0.139,0.345,0.560,0.745,0.944,
1,107,0.143,0.327,0.535,0.719,0.926,
1,108,0.101,0.311,0.525,
1,109,0.044,0.260,0.486,0.691,0.894,
1,110,0.180,0.384,0.579,0.767,0.943,1.123,1.312,1.518,1.688,1.877,2.217,2.501,
1,111,0.048,0.266,0.473,
1,112,0.167,0.367,0.573,0.774,0.974,1.178,1.391,1.574,1.775,1.975,2.170,2.361,2.555,2.768,3.206,
1,113,0.068,0.279,0.491,0.695,0.892,1.103,1.319,1.523,1.717,
1,114,0.045,0.245,0.445,0.651,0.838,1.037,1.268,1.450,1.651,1.831,2.021,2.220,2.429,2.651,2.849,3.246,3.471,3.711,3.925,4.157,4.340,
1,115,0.216,0.513,0.749,1.013,1.235,1.449,1.674,2.157,2.323,2.554,2.781,2.985,3.170,3.343,3.521,3.704,3.898,4.207,4.668,5.025,5.225,
1,116,0.110,0.294,0.526,
1,117,0.093,0.294,0.540,
1,118,0.282,0.449,0.643,0.856,1.093,1.323,1.520,1.733,1.949,2.188,2.401,2.595,2.816,3.021,3.205,3.388,3.588,3.788,3.993,4.198,4.388,
1,119,0.150,0.327,0.517,0.707,0.906,1.120,1.338,1.524,1.739,1.941,
1,120,0.166,0.352,0.533,0.722,0.914,1.099,1.288,1.473,1.654,1.861,2.031,2.223,2.426,2.645,2.811,3.000,3.194,
1,121,0.086,0.269,0.466,0.649,0.812,0.990,1.169,1.352,1.545,1.740,1.922,2.109,2.293,2.491,2.680,2.855,3.047,3.219,3.398,3.575,3.767,3.950,4.134,
1,122,0.201,0.403,0.614,0.816,1.017,1.207,1.412,1.604,1.804,1.996,2.185,2.384,2.561,2.767,2.935,3.134,3.304,
1,123,0.157,0.359,0.563,0.768,0.988,1.192,1.398,1.581,1.783,1.986,2.197,2.398,2.585,2.846,3.032,3.234,3.433,3.649,3.834,4.039,4.242,4.453,4.669,4.865,5.052,5.245,5.456,5.702,5.900,
1,124,0.231,0.413,0.608,0.802,1.017,1.195,1.389,1.588,1.826,2.018,2.222,2.431,2.635,2.871,3.089,3.305,3.493,3.682,3.919,4.114,4.333,
1,125,0.099,0.298,0.496,0.710,0.922,
1,126,0.116,0.322,0.533,0.733,0.939,1.147,1.333,1.553,1.764,1.971,2.180,2.398,2.586,2.811,3.015,3.229,3.440,3.673,3.874,4.074,4.288,4.494,4.698,4.906,5.119,5.331,5.550,5.766,5.969,6.172,6.400,6.587,6.803,7.024,7.251,7.476,
1,127,0.162,0.349,0.561,0.777,0.990,1.182,1.390,1.578,1.783,
1,128,0.184,0.390,0.599,0.797,0.995,1.187,1.390,1.588,1.791,2.024,2.209,2.415,2.617,2.816,3.024,3.224,3.421,3.641,3.829,4.027,4.220,4.418,4.608,4.790,4.978,5.158,
1,129,0.108,0.317,0.535,0.732,0.928,1.149,1.342,1.555,1.766,1.973,2.169,2.333,2.551,2.766,2.959,3.177,3.383,3.583,3.786,3.991,4.214,4.415,4.605,4.811,5.017,5.217,5.408,5.608,
1,130,0.083,0.281,0.480,0.713,0.917,1.113,1.358,1.554,1.758,
1,131,0.047,0.273,0.556,0.766,0.978,1.182,1.366,1.571,1.780,1.981,2.170,2.360,2.554,2.751,2.927,3.095,
1,132,0.203,0.397,0.582,0.771,0.948,1.138,1.331,1.528,1.716,1.901,2.093,2.279,2.466,2.658,2.839,3.025,
1,133,0.060,0.263,0.480,0.679,0.871,
1,134,0.058,0.237,0.428,
1,135,0.173,0.361,0.556,0.744,0.940,1.144,1.323,1.523,1.730,1.939,2.144,2.322,2.531,2.740,2.944,3.145,3.345,3.562,3.766,3.954,4.145,4.350,4.546,
1,136,0.166,0.375,0.566,0.770,0.977,1.175,1.400,1.579,1.782,1.992,2.190,2.401,2.564,2.768,2.953,3.137,3.329,3.518,3.686,
1,137,0.101,0.306,0.493,0.676,0.874,1.069,1.265,1.454,1.651,1.851,2.027,2.220,2.426,2.625,2.839,3.045,3.231,3.433,
1,138,0.093,0.298,0.499,
1,139,0.101,0.328,0.530,0.767,0.966,1.157,1.348,1.550,1.727,1.918,2.110,
1,140,0.115,0.319,0.534,0.734,0.938,1.139,1.316,1.522,1.722,1.939,2.114,2.319,2.533,
1,141,0.167,0.371,0.585,0.803,1.024,1.201,1.400,1.602,1.812,2.024,2.222,2.410,2.607,2.800,3.024,
1,142,0.150,0.342,0.544,0.767,0.964,1.180,1.407,1.627,1.841,
1,143,0.223,0.428,
1,144,0.073,0.283,0.493,0.696,0.896,1.091,1.295,1.513,1.716,1.911,2.114,2.315,2.525,2.726,2.939,3.147,
1,145,0.034,0.244,0.448,0.656,0.901,1.069,1.293,1.518,1.732,1.948,2.174,2.385,2.601,2.832,3.068,3.278,3.490,3.701,3.904,4.102,4.309,4.523,4.740,4.949,5.150,5.361,5.569,
1,146,0.149,0.365,0.572,0.794,1.035,1.225,1.426,1.650,1.868,2.108,2.329,2.568,
