0,1,0.087,0.398,0.553,0.699,0.837,0.992,1.154,1.328,1.497,1.674,1.865,2.043,2.232,2.423,2.597,2.778,2.950,3.123,3.302,3.480,3.653,3.837,4.016,4.191,4.370,4.553,4.740,4.914,5.104,5.283,5.462,5.650,5.805,5.983,6.168,6.350,6.541,6.711,6.894,7.071,7.244,7.421,7.605,7.797,7.988,8.168,8.353,8.535,8.718,8.902,9.094,9.281,9.483,9.669,9.847,10.035,10.191,
0,1,0.368,0.549,0.718,0.892,1.054,1.215,1.385,1.544,1.715,1.892,2.065,2.245,2.416,2.593,2.769,2.953,3.124,3.293,3.462,3.783,3.992,4.116,4.283,4.462,4.643,4.824,5.032,5.223,5.409,5.611,5.807,6.020,6.228,6.453,6.646,6.864,7.075,7.278,7.491,7.691,7.905,8.106,8.325,8.525,8.724,8.940,9.153,9.370,9.584,9.790,10.022,
0,1,0.366,0.533,0.707,0.885,1.018,
0,1,0.409,0.575,0.745,0.907,1.082,1.245,1.437,1.622,
2,1,0.337,0.480,0.647,0.806,0.987,1.179,1.397,1.578,1.768,1.986,2.182,2.374,2.578,2.797,3.015,3.197,
2,2,0.282,0.435,0.617,0.802,0.979,1.171,1.384,1.588,1.778,1.995,
2,3,0.312,0.489,0.693,0.890,1.080,1.277,1.477,1.672,1.876,2.094,2.300,2.524,2.713,2.920,3.141,3.353,3.578,3.796,4.024,4.222,4.446,4.668,4.898,5.121,5.346,5.574,5.792,6.028,6.250,6.475,6.684,6.915,7.146,7.357,7.590,7.823,8.044,8.279,8.476,8.707,8.933,9.161,9.377,9.593,9.818,10.054,10.263,10.483,10.678,10.930,11.181,11.428,11.624,11.841,12.079,12.317,12.543,12.788,13.036,13.269,13.512,13.742,13.982,14.227,14.444,14.675,14.906,15.146,15.362,15.591,15.806,16.027,16.263,16.479,16.713,16.939,17.178,17.401,17.618,17.852,18.066,18.294,
2,4,0.470,0.670,0.872,1.059,1.282,1.520,1.705,
2,5,0.232,0.429,0.661,0.822,1.031,1.231,1.451,1.670,
2,6,0.222,0.429,0.604,0.800,0.990,1.201,1.392,1.597,1.782,2.031,2.209,2.408,2.646,2.816,3.017,3.222,3.406,3.600,3.831,4.037,4.249,4.449,4.664,4.872,5.081,5.303,5.502,5.724,
2,7,0.410,0.615,0.813,1.041,1.234,1.444,1.655,1.877,2.103,2.323,2.559,2.789,3.020,3.237,3.464,3.680,3.887,4.094,4.337,4.565,4.786,5.021,5.231,5.472,5.708,5.938,6.179,6.419,6.647,6.888,7.110,7.343,7.576,7.810,8.039,
2,8,0.218,0.457,0.650,0.835,1.051,1.243,1.476,1.696,1.903,2.134,2.346,2.581,2.797,3.021,3.268,3.502,3.724,3.938,4.174,4.400,4.635,4.861,5.083,5.305,5.519,5.747,5.980,6.194,6.428,6.646,6.865,7.110,7.332,7.549,7.773,7.991,8.222,8.454,8.670,8.901,9.144,9.387,
2,9,0.351,0.570,0.800,1.000,1.231,1.446,1.669,1.900,
2,10,0.288,0.497,0.683,0.900,1.092,1.308,1.536,1.739,1.971,2.194,2.410,2.623,2.855,3.073,3.314,
2,11,0.270,0.476,0.675,0.887,1.087,
2,12,0.252,0.464,0.679,0.900,1.110,1.340,1.573,1.787,2.017,2.222,2.476,2.697,2.938,3.116,3.342,3.555,3.780,4.018,4.230,4.461,4.694,4.926,5.154,5.385,5.635,5.852,6.110,6.345,6.529,
2,13,0.273,0.481,0.827,0.971,1.199,
2,14,0.416,0.627,0.842,1.061,1.291,1.521,1.749,1.959,2.201,2.424,2.658,2.895,3.115,3.366,
2,15,0.219,0.409,0.645,0.872,1.096,1.329,1.558,1.785,2.023,2.245,2.475,2.723,2.954,3.184,
2,16,0.272,0.459,0.675,0.908,1.139,1.338,1.576,1.803,2.026,2.252,2.475,2.708,2.938,3.169,3.399,3.643,3.876,4.097,4.335,4.556,4.795,5.039,5.283,5.524,5.774,
2,17,0.251,0.468,0.671,
2,18,0.260,0.477,0.662,0.856,1.042,1.252,1.448,1.656,
2,19,0.241,0.435,0.591,0.800,0.982,1.188,1.411,1.622,1.819,2.024,2.223,2.439,2.641,2.850,3.053,3.272,3.485,3.696,3.911,4.125,4.336,4.554,4.772,4.987,5.193,5.418,5.619,5.821,6.046,6.273,6.500,6.736,6.968,7.194,7.427,7.657,7.890,8.104,8.313,8.544,8.774,8.989,9.219,9.455,9.685,
2,20,0.351,0.542,0.725,0.931,1.149,1.346,1.535,1.747,1.953,2.167,2.390,2.618,2.825,3.044,3.273,3.479,3.697,3.939,4.175,4.394,4.641,4.861,5.081,5.311,5.555,5.781,5.999,6.232,6.445,6.669,6.892,7.118,7.334,7.547,7.785,8.026,8.236,8.456,
2,21,0.272,0.447,0.652,0.818,1.019,
2,22,0.282,0.488,0.697,0.908,1.101,1.300,1.518,1.732,1.904,2.114,2.315,2.525,2.734,2.938,3.145,3.352,3.558,3.769,4.000,4.197,4.423,4.641,4.835,5.029,5.244,5.452,5.650,5.852,6.057,6.270,6.462,
2,23,0.094,0.295,0.483,0.690,0.906,1.123,1.329,1.552,1.775,1.975,2.201,2.587,2.793,2.996,3.192,3.393,3.597,3.808,4.039,4.239,4.460,4.668,4.897,5.120,5.336,5.537,5.760,5.950,6.173,6.394,6.599,6.830,7.054,7.276,7.490,7.699,7.912,8.145,8.325,8.562,8.784,9.012,9.227,9.450,9.681,
2,24,0.361,0.553,0.745,0.946,
2,25,0.350,0.556,0.767,0.963,
2,26,0.252,0.416,
2,27,0.279,0.453,0.649,0.853,
2,28,0.148,0.314,0.483,0.679,0.875,1.061,1.427,1.613,1.785,1.992,2.180,2.377,2.569,2.785,2.989,3.196,3.390,3.594,3.798,4.024,4.230,4.428,4.649,4.864,5.068,5.298,5.522,5.701,5.906,
2,29,0.355,0.542,0.728,0.916,1.120,1.331,1.538,1.765,1.953,2.161,2.356,2.558,2.769,2.980,3.198,
2,30,0.375,0.590,0.787,0.994,1.210,1.416,1.613,1.814,2.021,2.247,2.463,2.674,2.866,3.101,3.325,3.551,3.785,3.995,4.216,4.441,4.653,4.869,5.102,5.301,5.519,5.741,5.966,6.199,6.430,6.663,6.892,7.120,7.353,7.569,7.851,8.080,8.336,8.538,8.791,9.000,9.237,9.467,9.686,9.925,10.170,10.405,10.645,
2,31,0.259,0.476,0.671,0.893,1.093,1.306,1.496,1.710,1.921,2.144,2.338,2.555,2.761,2.982,3.203,3.407,3.644,3.841,4.069,4.268,4.512,4.744,4.947,5.149,5.395,5.607,5.830,
2,32,0.288,0.472,0.676,0.861,1.072,1.270,1.473,
2,33,0.248,0.425,0.650,0.868,1.042,1.260,1.467,1.673,
2,34,0.234,0.418,0.608,0.810,1.027,1.235,1.462,1.677,1.888,2.091,2.315,2.528,2.748,2.965,3.173,3.388,3.605,3.823,4.037,4.252,4.472,4.691,4.918,5.159,5.389,5.639,5.857,6.088,6.329,6.580,6.812,7.057,7.274,7.524,7.733,7.969,8.214,8.464,8.702,8.950,9.202,9.457,9.727,9.979,10.227,10.485,10.740,11.009,11.281,11.526,11.776,12.024,12.262,
2,35,0.427,0.648,0.855,1.110,1.347,1.598,1.829,2.057,2.298,2.552,2.785,3.022,3.266,3.492,3.718,3.956,4.181,4.439,4.664,4.906,5.174,5.434,5.683,5.937,
2,36,0.321,0.513,0.715,0.916,1.123,1.340,1.545,1.763,1.960,2.170,2.397,2.607,2.813,3.014,3.242,3.471,3.695,3.918,4.148,4.398,4.627,4.851,5.074,5.319,5.544,5.765,5.996,6.229,6.457,6.690,6.931,7.166,7.399,7.619,7.857,8.085,8.335,8.565,8.806,9.041,9.279,9.498,9.741,9.982,
2,37,0.207,0.404,0.604,0.812,1.018,1.236,1.449,1.652,1.861,2.070,2.275,2.483,2.696,2.917,3.117,3.326,3.534,3.733,3.969,4.153,4.393,4.625,4.839,5.066,5.303,5.530,5.788,6.035,6.285,6.533,6.815,7.070,7.344,7.597,7.833,
2,38,0.223,0.463,0.716,0.941,1.186,1.427,1.662,1.912,
2,39,0.310,0.524,
2,40,0.217,0.400,0.615,0.818,1.041,1.267,1.494,1.739,1.969,2.209,2.416,2.646,2.872,3.091,3.327,3.572,3.816,4.035,4.268,4.491,4.713,4.943,5.192,5.411,5.645,5.888,6.112,6.343,6.581,6.802,7.034,7.297,7.539,7.770,8.001,8.221,8.438,8.648,8.887,9.104,9.325,9.562,9.774,10.025,10.271,10.521,10.752,10.977,11.218,11.460,11.692,11.920,12.167,12.399,12.608,12.872,13.118,13.341,13.589,13.838,14.065,14.316,14.548,14.807,15.038,15.291,15.536,15.797,
2,41,0.025,0.200,0.392,0.591,0.785,0.970,1.179,1.361,1.562,1.738,1.934,2.118,2.294,2.417,2.556,2.707,2.843,2.928,
2,42,0.232,0.438,
2,43,0.151,0.353,0.567,0.775,0.968,1.169,1.392,1.599,1.815,2.024,2.236,2.441,2.650,2.866,3.110,3.286,
2,44,0.039,0.245,0.451,0.654,0.854,1.058,1.273,1.483,1.689,1.894,2.109,2.315,2.524,2.750,2.946,3.141,3.391,3.612,3.841,4.069,4.281,4.525,4.751,5.000,5.226,5.455,5.689,5.907,6.159,6.392,6.604,6.847,7.063,7.291,7.519,
2,45,0.169,0.396,0.613,0.839,1.055,1.242,1.458,1.662,1.911,2.143,2.364,2.587,2.820,3.046,3.233,
2,46,0.273,0.473,0.674,
2,47,0.079,0.285,0.484,0.699,0.923,1.149,1.341,1.558,1.783,2.000,2.213,2.422,2.656,2.900,3.119,3.330,3.554,3.779,3.996,4.224,4.454,4.671,4.904,5.115,5.353,5.581,5.792,
2,48,0.208,0.448,0.623,0.853,1.072,1.295,1.525,1.730,
2,49,0.070,0.277,0.489,0.718,0.935,
2,50,0.202,0.394,0.617,0.824,1.035,1.261,1.478,1.708,1.932,2.164,2.395,2.613,2.844,3.083,3.293,3.528,3.743,3.978,4.212,4.454,4.690,4.930,5.163,5.373,5.601,5.836,6.050,6.277,6.520,6.764,6.995,7.238,7.484,7.721,7.961,8.189,8.425,8.661,8.901,9.148,9.398,9.620,9.868,10.118,10.366,10.598,
2,51,0.325,0.531,0.733,0.934,1.150,1.333,1.549,1.740,1.945,2.146,2.359,2.556,2.767,2.955,3.170,3.348,3.574,3.780,4.028,4.196,4.414,4.623,4.821,5.050,5.243,5.464,5.692,5.913,
2,52,0.273,0.448,0.674,0.871,1.067,1.273,1.486,1.691,1.918,2.124,2.352,2.524,2.695,2.891,3.095,3.300,3.528,3.775,3.991,4.217,4.450,4.686,4.916,5.145,5.370,5.625,5.857,6.104,6.364,6.643,6.876,7.143,7.415,7.665,7.927,
2,53,0.081,0.330,0.565,0.803,1.033,1.269,1.516,1.773,1.983,2.224,2.449,2.682,2.935,3.175,3.430,3.661,3.907,4.175,4.399,4.634,4.884,5.134,5.387,5.623,5.887,6.150,6.402,6.659,6.890,7.147,
2,54,0.047,0.302,0.537,0.771,1.001,1.249,1.478,1.746,1.958,2.211,2.454,2.677,2.914,3.191,
2,55,0.410,0.622,0.852,1.086,1.323,1.553,1.796,2.037,2.295,2.549,2.794,3.040,3.278,3.524,3.774,4.029,4.276,4.534,4.787,5.018,5.264,5.521,5.765,6.037,6.302,6.522,6.792,7.025,7.302,7.547,7.806,8.060,8.276,8.536,8.790,
2,56,0.096,0.373,0.582,
2,57,0.365,0.615,0.802,1.031,1.276,1.512,1.736,1.978,2.204,2.455,2.678,2.930,3.161,3.403,3.647,3.894,4.126,4.368,4.610,4.863,5.081,5.329,5.561,5.817,6.078,6.317,6.585,6.838,7.088,7.353,7.626,7.896,8.146,8.438,8.678,8.941,9.193,9.458,9.730,
2,58,0.306,0.533,
2,59,0.237,0.458,
2,60,0.237,0.470,0.689,0.903,1.140,1.354,1.577,1.818,2.051,2.296,2.528,2.748,2.994,3.222,3.460,3.695,3.945,4.193,4.433,4.688,4.916,5.164,5.409,5.646,5.892,6.126,6.393,6.624,6.854,7.107,7.345,7.607,7.850,8.103,8.341,8.591,8.838,9.089,
2,61,0.230,0.453,0.687,0.934,1.186,1.425,1.675,1.939,2.172,2.400,2.650,2.892,3.156,3.389,3.649,3.912,4.180,4.424,4.684,4.943,5.193,5.432,5.655,5.917,6.181,6.427,6.692,6.947,
2,62,0.400,0.643,0.894,1.126,1.394,1.644,1.894,2.144,2.394,2.644,2.912,3.157,
2,63,0.229,0.461,0.688,0.939,1.188,1.448,1.714,1.942,2.200,2.446,2.695,2.935,3.207,3.465,3.709,3.967,4.222,4.472,4.737,4.989,5.230,5.478,5.731,5.989,6.226,6.500,6.751,7.001,7.239,7.487,7.736,7.992,8.224,8.472,8.732,8.960,9.183,9.435,9.671,9.911,10.169,10.404,10.624,10.892,11.142,11.372,11.614,11.856,12.097,12.346,12.585,12.845,13.103,13.344,13.576,13.821,14.059,14.296,14.550,
2,64,0.203,0.434,0.645,0.868,1.121,1.373,1.621,1.842,2.092,2.317,2.587,2.845,3.086,3.330,3.560,3.799,4.049,4.308,4.532,4.744,4.982,5.240,5.490,5.746,
2,65,0.325,0.565,0.813,1.046,1.274,1.521,1.771,2.014,2.265,2.480,2.727,2.965,3.197,3.441,3.691,3.899,4.149,4.363,4.614,4.851,5.089,5.327,5.572,5.813,
2,66,0.167,0.387,0.607,0.844,1.083,1.338,1.546,1.781,2.025,2.272,2.522,2.728,2.959,3.197,3.420,3.659,3.889,4.087,4.343,4.589,4.841,5.097,5.304,5.553,5.780,6.023,6.249,6.478,6.743,6.971,7.210,7.440,7.693,7.957,8.188,8.421,8.659,8.904,9.145,9.392,9.601,9.857,10.077,10.315,10.545,
2,67,0.267,0.492,
2,68,0.138,0.375,0.608,0.836,1.089,1.326,1.569,1.808,2.059,2.285,2.523,2.773,2.998,3.273,3.490,3.773,3.984,4.239,4.494,4.774,4.980,5.237,5.494,5.774,6.024,6.249,6.515,6.752,7.025,7.275,7.525,
2,69,0.153,0.400,0.650,0.868,1.150,1.377,1.634,
2,70,0.228,0.468,0.697,0.932,1.180,1.427,1.677,1.900,2.150,2.373,2.618,2.851,3.094,3.344,3.606,3.849,4.089,4.330,4.585,4.842,5.098,5.346,5.597,5.847,6.088,6.313,6.573,6.828,7.083,7.316,7.571,7.817,8.077,8.341,8.577,8.800,9.067,9.316,
2,71,0.386,0.606,0.848,1.064,1.314,1.530,1.785,2.024,2.271,2.521,2.771,3.024,3.281,
2,72,0.330,0.565,0.783,1.039,1.274,1.524,1.774,2.024,2.284,2.524,2.778,3.031,3.287,3.532,3.782,4.037,4.288,4.555,4.791,5.060,5.308,5.560,5.805,
2,73,0.197,0.637,0.874,1.101,1.345,1.607,1.833,2.092,2.347,2.607,2.845,3.083,3.333,3.573,3.831,4.098,4.341,4.588,4.868,5.111,5.371,5.621,
2,74,0.295,0.545,0.768,1.018,1.268,1.519,1.769,1.998,2.240,2.523,2.748,3.019,3.269,3.520,
2,75,0.328,0.577,0.786,1.026,1.281,1.527,1.781,2.054,2.304,2.561,2.806,3.069,3.317,3.564,3.819,4.079,4.328,4.589,4.842,5.110,5.385,5.635,5.885,6.138,6.400,6.668,6.920,7.177,7.429,7.695,7.933,8.186,8.448,8.709,8.968,9.239,9.490,9.725,
2,76,0.316,0.572,0.785,1.050,1.316,1.559,1.818,2.066,2.324,2.597,2.874,3.119,3.395,3.645,3.895,4.148,4.402,4.662,4.946,5.214,5.494,5.763,6.013,6.294,6.561,6.862,7.123,7.416,7.674,7.962,8.211,8.466,8.728,8.999,9.246,9.514,9.814,10.118,10.450,10.729,10.998,11.280,11.591,11.873,12.149,12.419,12.728,12.998,13.266,13.546,13.806,14.075,14.348,14.610,14.883,15.163,15.435,15.713,16.017,16.268,16.532,16.812,17.082,
2,77,0.329,0.530,0.770,0.993,1.231,1.465,1.692,1.937,2.149,2.387,2.621,2.867,3.100,3.335,3.587,3.818,4.075,4.301,4.546,4.784,5.022,5.272,5.484,5.717,5.941,6.139,6.389,6.649,6.866,7.104,7.312,
2,78,0.263,0.518,0.725,0.958,
2,79,0.243,0.519,0.776,1.056,1.336,1.636,1.886,2.177,2.483,2.734,3.020,3.285,3.550,3.835,4.090,4.342,4.607,4.866,5.138,5.400,5.650,5.902,6.145,6.376,6.649,6.901,7.178,7.435,7.674,7.929,8.179,8.421,8.680,8.931,9.168,9.431,9.699,9.951,10.221,10.481,
2,80,0.250,0.502,
2,81,0.266,0.516,0.740,0.971,
2,82,0.243,0.512,0.771,1.028,1.262,1.512,1.762,2.012,2.266,2.529,2.791,3.064,3.329,3.594,3.856,4.088,4.341,4.609,4.852,5.095,5.348,5.555,5.796,6.049,6.279,6.531,6.744,6.979,7.220,7.480,7.705,7.967,8.217,8.467,8.727,8.992,9.241,9.493,9.725,9.973,10.221,
2,83,0.212,0.455,0.675,0.909,1.150,1.394,1.627,1.858,2.101,2.348,2.596,2.827,3.072,3.312,3.577,3.820,4.065,4.332,4.545,4.797,5.063,5.296,5.551,5.815,6.049,6.291,6.529,6.783,6.990,7.228,
2,84,0.076,0.293,0.551,0.726,0.978,1.198,1.447,1.707,1.913,2.136,2.368,2.615,2.868,3.090,3.343,3.586,3.827,4.091,4.315,4.548,4.798,5.054,5.303,5.543,5.794,6.021,6.271,6.494,6.732,6.984,7.217,7.452,7.699,7.933,8.164,8.396,8.649,8.899,9.154,9.390,9.621,9.890,10.120,
2,85,0.349,0.594,0.798,1.019,1.269,1.519,1.736,1.976,2.204,2.436,2.657,2.895,3.136,3.376,
2,86,0.315,0.523,
2,87,0.068,0.277,0.502,
2,88,0.200,0.418,0.653,0.901,1.139,1.384,1.639,1.834,2.074,2.339,2.562,2.815,3.048,3.279,3.528,3.769,4.019,4.269,4.481,4.739,5.000,5.236,5.466,5.720,
2,89,0.185,0.415,0.625,0.898,1.126,1.366,1.626,1.899,2.166,2.415,2.666,2.899,3.149,3.406,3.650,3.900,4.153,4.400,4.622,4.900,5.118,5.384,5.613,5.845,6.076,6.331,6.601,6.841,7.087,7.320,7.547,7.768,7.980,8.210,8.476,8.731,8.975,9.233,9.475,9.686,9.971,10.219,10.482,
2,90,,
2,91,0.267,0.517,0.726,0.959,1.219,1.443,1.668,
2,92,0.306,0.740,0.966,
2,93,0.152,0.399,0.600,0.815,1.026,1.266,1.488,1.716,
2,94,0.243,0.466,0.682,0.900,1.105,1.360,1.556,1.794,2.042,2.251,2.482,2.717,2.933,3.186,3.434,3.626,3.858,4.085,4.320,4.558,4.832,5.093,5.357,5.636,5.886,6.155,6.414,6.641,6.910,7.165,7.437,7.697,7.940,8.200,
2,95,0.220,0.465,0.745,0.998,1.306,1.580,1.857,2.138,2.403,2.720,3.022,3.300,3.589,3.889,4.189,4.490,4.797,5.060,5.363,5.647,5.919,6.226,6.501,6.806,7.073,7.377,7.665,7.944,8.215,8.495,8.788,9.070,9.354,9.642,9.942,10.196,10.498,
2,96,0.124,0.393,0.677,0.979,1.276,1.574,1.893,2.150,2.452,2.770,3.057,3.324,3.626,3.928,4.209,4.511,4.807,5.107,5.395,5.695,5.999,
2,97,0.315,0.554,0.779,1.012,
2,98,0.244,0.461,
2,99,0.233,0.463,0.691,0.958,1.172,1.419,1.657,1.900,2.116,2.350,2.596,2.825,3.067,3.307,3.563,3.785,4.035,4.277,4.521,4.740,5.018,5.268,5.522,5.769,6.019,6.269,6.519,6.769,7.019,7.269,7.489,7.738,7.975,8.228,
2,100,0.366,
2,101,0.371,0.652,0.860,1.105,1.337,1.575,1.815,
2,102,0.214,0.462,0.677,0.910,1.156,1.403,1.653,1.876,2.114,2.360,2.611,2.842,3.091,3.329,3.577,3.828,4.065,4.320,4.550,4.780,5.035,5.293,5.533,5.765,5.998,6.262,6.527,6.781,7.063,7.299,7.559,7.830,8.079,8.344,8.608,8.857,9.147,9.647,9.898,10.165,
2,103,0.266,0.480,0.708,0.941,1.186,1.437,1.653,1.910,2.153,2.400,2.627,2.857,3.093,3.336,3.559,3.812,4.054,4.287,4.535,4.775,5.018,5.275,5.525,
2,104,0.276,0.516,0.709,0.915,1.146,1.426,1.687,1.991,2.251,2.534,2.812,3.151,3.404,3.664,3.936,4.203,4.457,4.718,4.973,5.233,5.515,5.750,6.012,6.262,6.499,6.762,7.038,7.262,7.519,7.769,8.029,8.280,8.516,8.773,9.032,9.299,9.558,9.830,10.095,10.357,10.590,10.852,11.104,11.346,
2,105,0.270,0.524,0.767,1.017,
2,106,0.266,0.461,0.688,0.921,1.156,1.400,1.640,1.867,2.095,2.321,2.540,2.799,3.049,3.282,
2,107,0.045,0.300,0.519,0.751,0.973,1.182,1.451,1.690,1.910,
2,108,0.208,0.422,
2,109,0.252,0.517,0.677,0.913,1.150,1.401,1.621,1.865,2.093,2.319,2.554,2.771,3.002,3.252,3.483,
2,110,0.269,0.491,0.704,0.927,
2,111,0.279,0.530,0.730,0.946,1.172,1.397,1.640,1.860,2.092,2.310,2.530,2.774,2.997,3.222,3.448,3.668,3.911,4.148,4.391,4.606,4.837,5.042,5.279,5.498,5.739,
2,112,0.240,0.444,0.676,0.906,1.141,1.384,1.601,1.854,
2,113,0.077,0.303,0.514,0.764,0.991,1.264,1.469,1.697,1.937,2.158,2.398,2.648,2.868,3.106,3.347,3.569,3.817,4.058,4.332,4.523,4.766,4.995,5.243,5.478,5.706,
2,114,0.170,0.401,0.625,0.856,1.081,1.343,1.596,1.830,2.057,2.288,2.530,2.773,3.023,3.265,3.512,3.746,3.996,4.262,4.513,4.769,4.994,5.220,5.462,5.710,5.955,6.202,6.430,6.694,6.931,7.180,7.431,7.677,
2,115,0.051,0.277,0.486,0.746,0.981,1.219,1.450,1.682,1.922,2.176,2.416,2.638,2.865,3.107,3.345,3.597,3.835,4.083,4.329,4.569,4.797,5.059,5.298,5.547,5.776,
2,116,0.222,0.446,
2,117,0.149,0.334,0.569,0.785,1.022,1.266,1.494,1.728,1.963,2.201,2.446,2.672,2.915,3.150,3.386,3.617,3.860,4.093,4.338,4.598,4.836,5.099,5.334,5.579,5.834,6.092,6.347,6.597,6.857,7.119,7.364,
2,118,0.141,0.404,0.604,0.836,1.080,1.325,1.568,1.786,2.022,2.272,2.522,2.705,2.949,3.191,
2,119,0.031,0.264,0.498,0.736,0.976,1.232,1.481,1.711,1.957,2.181,2.426,2.664,2.909,3.155,3.406,3.649,3.899,4.123,4.370,4.614,4.860,5.115,5.340,5.566,5.814,6.059,6.297,6.549,
2,120,0.035,0.250,0.468,0.711,0.948,1.204,1.412,1.643,1.893,
2,121,0.274,0.469,0.697,0.930,1.166,1.401,1.642,1.858,2.113,2.340,2.560,2.796,3.029,3.276,
2,122,0.228,0.422,0.650,0.872,1.090,1.333,1.569,1.792,2.027,2.242,2.494,2.720,2.951,3.198,
2,123,0.113,0.335,0.533,0.748,0.983,1.192,1.422,1.650,1.873,2.102,2.321,2.554,2.776,3.020,3.231,
2,124,0.090,0.301,0.522,0.752,
2,125,0.033,0.238,0.449,0.672,0.900,1.118,1.346,1.566,1.779,2.000,2.234,2.457,2.688,2.909,3.149,
3,1,0.421,0.683,
3,2,0.306,0.520,0.767,0.984,1.214,1.445,1.673,
3,3,0.144,0.327,0.549,0.802,1.030,
3,4,0.265,0.459,
3,5,0.138,0.330,0.536,0.749,0.969,1.180,1.395,1.609,1.852,2.025,2.238,2.461,2.721,2.892,3.089,3.304,3.522,3.726,3.937,4.139,4.373,4.555,4.773,4.979,5.201,5.375,5.599,5.839,6.046,6.274,6.481,6.685,6.898,7.122,7.347,7.551,7.774,7.988,8.193,8.426,8.591,8.827,9.038,9.275,
3,6,0.043,0.243,0.456,0.687,0.900,1.122,1.336,1.584,1.792,
3,7,0.274,0.455,0.661,0.875,1.076,1.317,1.541,1.775,1.975,2.169,2.392,2.599,2.812,3.032,3.243,3.456,3.667,3.857,4.076,4.279,4.500,4.702,4.897,5.153,5.394,5.594,5.818,6.039,6.229,6.460,6.715,6.948,7.179,7.401,7.645,7.856,8.079,8.319,8.530,8.762,8.947,
3,8,0.225,0.442,0.672,0.901,1.116,1.328,1.543,1.779,1.990,2.226,2.438,2.860,3.058,3.265,3.515,3.745,3.990,4.245,4.485,4.725,4.963,5.200,5.449,5.709,5.927,6.162,6.400,6.650,6.900,7.150,7.338,
3,9,0.145,0.360,0.568,0.762,1.001,
3,10,0.178,0.375,0.591,0.804,1.027,1.239,1.453,1.674,1.894,2.135,2.349,2.580,2.798,3.022,3.231,
3,11,0.352,0.533,0.739,0.975,1.187,1.407,1.638,1.850,
3,12,0.206,0.397,0.618,0.847,1.046,1.271,1.489,1.740,1.973,2.187,2.408,2.642,2.838,3.064,3.285,3.522,3.745,3.975,4.196,4.426,4.643,4.890,5.116,5.342,5.579,5.820,6.056,6.284,6.480,
3,13,0.117,0.341,0.556,0.782,1.001,1.239,1.455,1.666,1.900,2.144,2.369,2.606,2.843,3.089,3.334,3.575,3.829,4.062,4.288,4.512,4.746,4.998,5.239,5.484,5.736,5.962,6.200,6.450,6.710,6.964,
3,14,0.196,0.415,0.648,0.873,1.101,1.314,1.560,1.787,1.997,2.201,2.450,2.656,2.899,3.119,3.352,
3,15,0.329,0.542,0.765,0.991,1.217,1.441,1.665,1.899,2.118,2.342,2.584,2.795,3.038,3.288,3.490,3.731,3.953,4.192,4.415,4.663,4.870,5.110,5.343,5.574,5.818,6.059,6.309,6.542,6.800,
3,16,0.046,0.274,0.492,
3,17,0.065,0.278,0.525,0.737,0.978,
3,18,0.045,0.264,0.470,0.693,0.904,1.154,1.398,1.648,1.860,2.076,2.314,2.544,2.799,3.037,3.272,3.522,3.744,3.989,4.220,4.457,4.706,4.941,5.174,5.400,5.650,5.900,6.102,6.328,6.584,6.840,7.073,7.321,7.552,7.792,8.034,8.268,8.518,8.742,
3,19,0.292,0.532,
3,20,0.154,0.392,0.613,0.834,1.062,1.303,1.526,1.776,1.985,2.221,2.459,2.694,2.940,3.163,3.407,3.663,3.925,4.170,4.430,4.673,4.908,5.165,5.414,5.669,5.916,6.174,6.416,6.651,6.946,7.179,7.447,7.716,7.963,8.217,8.445,
3,21,0.198,0.412,0.650,0.857,1.088,1.318,1.544,1.796,
3,22,0.211,0.428,0.667,0.898,1.121,1.375,1.616,1.861,2.094,2.327,2.584,2.830,3.060,3.315,3.543,3.798,4.038,4.271,4.522,4.778,5.022,5.229,5.471,5.721,
3,23,0.337,0.547,0.773,1.016,1.245,1.474,1.709,1.945,2.166,2.400,2.634,2.861,3.098,3.323,3.584,3.809,4.057,4.295,4.533,4.768,5.025,5.245,5.492,5.740,5.988,6.211,6.469,6.733,6.965,7.219,7.454,7.705,7.957,8.197,8.450,8.731,
3,24,0.231,0.468,0.685,0.928,1.164,1.411,1.647,1.902,2.138,2.388,2.600,2.833,3.064,3.299,3.537,3.779,4.027,4.273,4.499,4.743,4.995,5.213,5.463,5.726,5.969,6.224,6.484,6.774,6.991,7.236,
3,25,0.062,0.282,0.522,0.738,0.978,1.234,1.465,1.705,1.945,2.186,2.433,2.691,2.941,3.184,3.444,3.698,3.938,4.162,4.399,4.661,4.944,5.165,5.442,5.700,
3,26,0.302,0.550,0.780,1.030,1.273,1.523,1.773,2.023,2.238,2.481,2.734,2.994,3.244,3.489,3.752,3.997,4.248,4.525,4.775,5.025,5.275,5.525,5.758,5.995,6.235,6.526,6.748,7.009,7.259,7.514,7.789,8.031,8.297,8.536,8.782,
3,27,0.265,0.512,0.762,1.012,1.262,1.512,1.762,2.000,2.251,2.498,2.772,3.023,3.267,3.537,3.778,4.027,4.281,4.514,4.779,5.018,5.264,5.524,5.779,6.018,6.268,6.515,6.752,7.018,7.268,7.533,7.772,8.019,
3,28,0.336,0.564,0.826,1.032,1.270,1.511,1.761,2.014,2.268,2.512,2.746,2.995,3.246,
3,29,0.049,0.298,0.515,
3,30,0.040,0.274,0.489,0.712,0.952,1.188,1.416,1.661,1.909,2.154,2.407,2.647,2.874,3.119,3.377,
3,31,0.266,0.486,0.701,0.932,1.175,1.410,1.650,1.901,2.134,2.384,2.626,2.876,3.116,3.349,3.601,3.854,4.094,4.335,4.592,4.830,5.090,5.335,5.582,5.828,6.071,6.317,6.564,6.794,7.054,7.304,7.554,7.787,8.040,
3,32,0.150,0.397,
3,33,0.224,0.464,
3,34,0.236,0.459,0.705,0.923,1.152,1.401,1.646,1.871,2.138,2.348,2.592,2.823,3.065,3.303,3.534,3.784,4.028,4.275,4.522,4.772,5.022,5.272,5.523,5.773,
3,35,0.246,0.474,0.705,0.935,
3,36,0.226,0.459,0.690,0.930,1.163,1.405,1.648,1.899,2.123,2.376,2.626,2.874,3.107,3.371,3.624,3.847,4.102,4.342,4.598,4.835,5.083,5.343,5.595,5.834,
3,37,0.217,0.473,0.704,0.934,1.183,1.439,1.682,1.918,2.187,2.440,2.695,2.960,3.204,3.452,3.700,3.970,4.238,4.487,4.750,5.018,5.272,5.541,5.806,6.061,6.335,6.587,6.867,7.136,7.408,7.677,7.940,8.199,8.473,8.734,8.998,9.270,
3,38,0.218,0.501,0.746,0.988,1.199,1.444,1.653,1.900,2.150,2.358,2.610,2.855,3.106,3.331,3.569,3.824,4.077,4.322,4.574,4.820,5.070,5.301,5.563,5.808,6.071,6.321,6.595,6.860,7.127,7.419,7.656,7.918,8.170,8.430,
3,39,0.246,0.459,0.704,0.927,1.170,1.408,1.656,1.891,2.144,2.398,2.653,2.904,3.154,3.402,3.649,3.907,4.174,4.409,4.679,4.937,5.199,5.476,5.748,6.000,6.248,6.527,6.789,
3,40,0.037,0.288,0.531,0.781,1.025,1.271,1.522,1.772,2.022,2.272,2.502,2.751,3.022,3.272,3.522,3.773,4.026,4.283,4.538,4.795,5.060,5.321,5.574,5.825,
3,41,0.083,0.324,0.558,0.798,1.048,1.303,1.556,1.797,
3,42,0.144,0.390,0.624,0.856,1.096,1.332,1.577,1.820,2.063,2.301,2.534,2.781,3.019,3.269,3.520,3.770,4.020,4.270,4.530,4.770,5.020,5.270,5.492,5.750,5.983,6.225,6.477,6.723,6.960,7.213,7.481,7.709,7.956,8.206,8.455,8.715,8.946,9.182,9.428,9.659,9.904,10.173,10.407,
