1,1,1.001,50,12.000,NaN,8.228,9.229,0,0
1,2,11.230,50,8.000,8.024,8.582,19.812,5,5
1,3,21.513,59,10.000,NaN,9.815,31.327,0,5
1,4,33.328,91,14.000,14.022,14.890,48.219,5,10
1,5,49.920,28,4.000,4.016,4.803,54.723,5,15
1,6,56.424,52,8.000,8.017,8.769,65.193,5,20
1,7,66.895,15,2.000,2.016,2.857,69.752,5,25
1,8,71.454,77,12.000,12.014,12.492,83.946,5,30
1,9,85.648,66,10.000,10.008,10.717,96.365,5,35
1,10,98.066,15,2.000,2.009,2.761,100.827,5,40
1,11,102.529,28,4.000,4.016,4.745,107.274,5,45
1,12,108.975,77,12.000,12.010,12.712,121.687,5,50
1,13,123.389,26,4.000,4.016,4.553,127.942,5,55
1,14,129.642,39,6.000,6.016,6.788,136.430,5,60
1,15,138.131,26,4.000,4.014,4.669,142.800,5,65
1,16,144.502,42,14.000,NaN,7.954,152.456,0,65
1,17,154.458,50,8.000,8.013,8.398,162.856,5,70
1,18,164.558,38,6.000,6.017,6.638,171.196,5,75
1,19,172.897,58,12.000,NaN,10.036,182.933,0,75
1,20,184.935,84,14.000,NaN,13.272,198.207,0,75
1,21,200.208,40,6.000,6.017,6.636,206.844,5,80
1,22,208.544,15,2.000,2.017,2.783,211.328,5,85
1,23,213.029,14,2.000,2.017,2.736,215.765,5,90
1,24,217.467,38,14.000,NaN,6.803,224.270,0,90
1,25,226.271,51,14.000,NaN,8.996,235.267,0,90
1,26,237.268,15,2.000,2.023,2.775,240.043,5,95
1,27,241.744,46,10.000,NaN,7.640,249.384,0,95
1,28,251.385,47,12.000,NaN,7.848,259.233,0,95
1,29,261.235,40,6.000,6.020,6.674,267.909,5,100
1,30,269.610,53,10.000,NaN,8.401,278.011,0,100
1,31,280.012,43,16.000,NaN,7.040,287.052,0,100
1,32,289.053,63,14.000,NaN,10.339,299.392,0,100
1,33,301.393,55,10.000,NaN,8.649,310.043,0,100
1,34,312.044,28,4.000,4.017,4.769,316.813,5,105
1,35,318.515,63,10.000,10.019,10.173,328.688,5,110
1,36,330.389,64,10.000,10.017,10.635,341.024,5,115
1,37,342.726,56,8.000,8.018,8.685,351.411,5,120
1,38,353.113,28,4.000,4.017,4.915,358.028,5,125
1,39,359.729,28,4.000,4.021,4.699,364.428,5,130
1,40,366.129,16,2.000,2.023,2.775,368.904,5,135
1,41,370.606,33,16.000,NaN,5.624,376.230,0,135
1,42,378.230,32,4.000,4.012,4.857,383.087,5,140
1,43,384.787,40,16.000,NaN,6.788,391.575,0,140
1,44,393.576,15,2.000,2.022,2.588,396.164,5,145
1,45,397.868,41,8.000,NaN,6.542,404.410,0,145
1,46,406.410,45,14.000,NaN,7.081,413.491,0,145
1,47,415.492,38,12.000,NaN,6.667,422.159,0,145
1,48,424.159,51,12.000,NaN,8.740,432.899,0,145
1,49,434.899,15,2.000,2.019,2.771,437.670,5,150
1,50,439.371,40,6.000,6.018,6.698,446.068,5,155
1,51,447.771,48,14.000,NaN,8.423,456.194,0,155
1,52,458.196,51,16.000,NaN,7.914,466.110,0,155
1,53,468.110,38,16.000,NaN,6.118,474.229,0,155
1,54,476.230,34,6.000,6.010,6.230,482.460,5,160
1,55,484.161,40,6.000,6.016,6.656,490.817,5,165
1,56,492.518,50,16.000,NaN,7.768,500.286,0,165
1,57,502.288,39,12.000,NaN,6.679,508.967,0,165
1,58,510.968,36,16.000,NaN,6.277,517.245,0,165
1,59,519.246,41,8.000,NaN,7.218,526.464,0,165
1,60,528.466,26,12.000,NaN,4.701,533.167,0,165
1,61,535.168,16,2.000,2.015,2.786,537.954,5,170
1,62,539.655,40,14.000,NaN,6.595,546.250,0,170
1,63,548.252,30,12.000,NaN,5.342,553.594,0,170
1,64,555.595,34,10.000,NaN,6.096,561.691,0,170
1,65,563.693,35,6.000,6.022,6.184,569.877,5,175
1,66,571.578,38,8.000,NaN,6.841,578.420,0,175
1,67,580.421,33,16.000,NaN,5.136,585.557,0,175
1,68,587.558,33,10.000,NaN,5.481,593.040,0,175
1,69,595.041,27,4.000,4.021,4.666,599.707,5,180
1,70,601.408,40,14.000,NaN,6.743,608.151,0,180
1,71,610.151,28,16.000,NaN,4.643,614.795,0,180
1,72,616.796,36,12.000,NaN,6.309,623.105,0,180
1,73,625.106,21,14.000,NaN,3.992,629.098,0,180
1,74,631.100,38,6.000,6.013,6.697,637.797,5,185
1,75,639.499,37,6.000,6.018,6.797,646.296,5,190
1,76,647.998,26,4.000,4.022,4.891,652.889,5,195
1,77,654.591,26,4.000,4.016,4.873,659.464,5,200
1,78,661.166,50,8.000,8.012,8.821,669.987,5,205
1,79,671.688,52,8.000,8.012,8.815,680.503,5,210
1,80,682.204,21,2.000,2.015,3.817,686.021,5,215
1,81,687.722,38,6.000,6.018,6.554,694.276,5,220
1,82,695.978,64,10.000,10.018,10.714,706.692,5,225
1,83,708.392,11,2.000,2.023,2.709,711.101,5,230
1,84,712.802,54,8.000,8.018,8.660,721.462,5,235
1,85,723.163,78,12.000,12.013,12.675,735.839,5,240
1,86,737.539,79,12.000,12.011,12.747,750.286,5,245
1,87,751.987,103,16.000,16.021,16.743,768.730,5,250
1,88,770.432,53,8.000,8.015,8.767,779.199,5,255
1,89,780.900,52,8.000,8.018,8.718,789.618,5,260
1,90,791.319,92,14.000,14.008,16.621,807.939,5,265
1,91,809.640,28,4.000,4.023,4.953,814.594,5,270
1,92,816.295,39,6.000,6.022,6.930,823.225,5,275
1,93,824.927,90,14.000,14.016,14.751,839.677,5,280
1,94,841.380,16,2.000,2.015,2.808,844.188,5,285
1,95,845.890,78,12.000,12.012,13.581,859.470,5,290
1,96,861.171,46,8.000,8.019,8.475,869.645,5,295
1,97,871.346,61,10.000,10.016,10.899,882.245,5,300
1,98,883.947,56,14.000,NaN,9.804,893.751,0,300
2,1,1.000,0,6.000,NaN,5.318,6.318,0,300
2,2,8.321,0,4.000,4.012,4.400,12.721,5,305
2,3,14.722,0,8.000,NaN,5.924,20.646,0,305
2,4,22.649,0,2.000,2.023,2.895,25.544,5,310
2,5,27.546,0,10.000,NaN,9.401,36.947,0,310
2,6,38.949,0,8.000,NaN,6.800,45.749,0,310
2,7,47.749,0,4.000,4.019,4.570,52.320,5,315
2,8,54.321,0,14.000,NaN,6.706,61.027,0,315
2,9,63.028,0,8.000,NaN,6.054,69.082,0,315
2,10,71.086,0,8.000,NaN,7.647,78.732,0,315
2,11,80.736,0,6.000,6.016,6.351,87.087,5,320
2,12,89.088,0,16.000,NaN,6.203,95.290,0,320
2,13,97.293,0,16.000,NaN,6.989,104.282,0,320
2,14,106.286,0,10.000,NaN,6.178,112.464,0,320
2,15,114.465,0,4.000,4.018,4.636,119.102,5,325
2,16,121.104,0,2.000,2.015,2.556,123.660,5,330
2,17,125.662,0,8.000,NaN,5.943,131.605,0,330
2,18,133.608,0,16.000,NaN,5.550,139.158,0,330
2,19,141.160,0,8.000,NaN,6.142,147.302,0,330
2,20,149.304,0,10.000,10.015,10.524,159.828,5,335
2,21,161.830,0,16.000,16.014,16.403,178.233,5,340
2,22,180.235,0,12.000,NaN,6.342,186.577,0,340
2,23,188.580,0,4.000,4.021,4.640,193.220,5,345
2,24,195.222,0,16.000,NaN,6.325,201.547,0,345
2,25,203.549,0,14.000,NaN,5.861,209.409,0,345
2,26,211.412,0,12.000,NaN,5.989,217.401,0,345
2,27,219.404,0,14.000,NaN,5.962,225.366,0,345
2,28,227.367,0,16.000,NaN,5.858,233.225,0,345
2,29,235.227,0,2.000,2.013,3.475,238.702,5,350
2,30,240.705,0,16.000,NaN,9.716,250.421,0,350
2,31,252.425,0,6.000,NaN,4.939,257.364,0,350
2,32,259.366,0,6.000,NaN,5.126,264.492,0,350
2,33,266.495,0,8.000,NaN,5.062,271.558,0,350
2,34,273.562,0,12.000,NaN,5.943,279.505,0,350
2,35,281.508,0,16.000,16.010,16.587,298.096,5,355
2,36,300.100,0,4.000,4.021,4.389,304.490,5,360
2,37,306.492,0,10.000,10.018,10.364,316.856,5,365
2,38,318.858,0,12.000,12.009,12.305,331.163,5,370
2,39,333.164,0,10.000,10.009,10.332,343.496,5,375
2,40,345.498,0,2.000,2.010,2.438,347.937,5,380
2,41,349.939,0,12.000,12.010,12.318,362.257,5,385
2,42,364.259,0,8.000,8.011,8.353,372.612,5,390
2,43,374.614,0,14.000,14.014,14.347,388.962,5,395
2,44,390.965,0,6.000,6.017,6.863,397.828,5,400
2,45,399.830,0,10.000,10.008,10.292,410.123,5,405
2,46,412.124,1,10.000,10.020,10.353,422.477,5,410
2,47,424.480,0,14.000,14.022,14.325,438.805,5,415
2,48,440.807,0,2.000,2.014,2.418,443.225,5,420
2,49,445.226,0,4.000,4.014,4.491,449.717,5,425
2,50,451.720,0,12.000,12.010,12.425,464.145,5,430
2,51,466.148,0,6.000,6.020,6.336,472.484,5,435
2,52,474.486,0,2.000,2.017,2.368,476.854,5,440
2,53,478.857,0,14.000,14.020,14.406,493.263,5,445
2,54,495.265,0,14.000,14.020,14.371,509.636,5,450
2,55,511.638,0,10.000,10.020,10.494,522.132,5,455
2,56,524.135,0,6.000,6.010,6.413,530.547,5,460
2,57,532.549,0,12.000,12.019,12.357,544.907,5,465
2,58,546.910,0,12.000,12.016,12.317,559.227,5,470
2,59,561.230,0,2.000,2.014,2.573,563.803,5,475
2,60,565.805,0,2.000,2.025,2.336,568.141,5,480
2,61,570.144,0,6.000,6.023,6.525,576.669,5,485
2,62,578.672,0,14.000,14.020,14.323,592.995,5,490
2,63,594.995,0,4.000,4.016,4.453,599.448,5,495
2,64,601.450,0,6.000,6.015,6.284,607.734,5,500
2,65,609.735,0,12.000,12.020,12.376,622.111,5,505
2,66,624.114,0,16.000,16.016,16.408,640.522,5,510
2,67,642.525,0,4.000,4.025,4.376,646.902,5,515
2,68,648.903,0,4.000,4.017,4.712,653.615,5,520
2,69,655.618,0,6.000,6.023,6.525,662.142,5,525
2,70,664.145,0,2.000,2.014,2.429,666.574,5,530
2,71,668.576,0,14.000,14.009,14.321,682.897,5,535
2,72,684.899,0,4.000,4.022,4.399,689.298,5,540
2,73,691.299,0,16.000,16.013,16.337,707.636,5,545
2,74,709.638,0,8.000,8.012,8.419,718.058,5,550
2,75,720.060,0,6.000,6.012,6.352,726.412,5,555
2,76,728.414,0,8.000,8.012,8.308,736.722,5,560
2,77,738.726,0,14.000,14.008,14.293,753.019,5,565
2,78,755.020,0,10.000,10.020,10.408,765.428,5,570
2,79,767.429,0,6.000,6.015,6.373,773.802,5,575
2,80,775.804,0,10.000,10.012,10.536,786.340,5,580
2,81,788.342,0,14.000,14.016,14.327,802.668,5,585
2,82,804.673,0,12.000,12.024,12.303,816.976,5,590
2,83,818.979,0,6.000,6.022,6.403,825.382,5,595
2,84,827.384,0,16.000,16.010,16.322,843.706,5,600
2,85,845.708,0,14.000,14.010,14.354,860.062,5,605
2,86,862.063,0,14.000,14.013,14.346,876.409,5,610
2,87,878.412,0,6.000,6.018,6.480,884.891,5,615
2,88,886.894,0,4.000,4.023,4.356,891.249,5,620
3,1,1.002,0,6.000,6.034,6.314,7.316,5,625
3,2,9.317,0,16.000,16.011,16.545,25.862,5,630
3,3,27.865,0,4.000,4.017,4.370,32.235,5,635
3,4,34.236,0,16.000,16.021,16.300,50.535,5,640
3,5,52.538,0,16.000,16.012,16.532,69.070,5,645
3,6,71.070,0,10.000,10.018,10.329,81.399,5,650
3,7,83.401,0,6.000,6.025,10.145,93.546,5,655
3,8,95.547,0,14.000,14.021,14.332,109.880,5,660
3,9,111.882,0,8.000,8.008,8.279,120.161,5,665
3,10,122.163,0,14.000,14.018,14.279,136.442,5,670
3,11,138.444,0,14.000,14.012,14.305,152.748,5,675
3,12,154.752,0,4.000,4.023,4.360,159.112,5,680
3,13,161.115,0,12.000,12.017,12.328,173.443,5,685
3,14,175.445,0,14.000,14.012,14.455,189.899,5,690
3,15,191.903,0,2.000,2.022,2.360,194.263,5,695
3,16,196.267,0,12.000,12.015,12.341,208.608,5,700
3,17,210.613,0,4.000,4.022,4.391,215.003,5,705
3,18,217.021,0,10.000,10.020,10.400,227.421,5,710
3,19,229.423,0,12.000,12.008,12.321,241.744,5,715
3,20,243.745,0,2.000,2.021,2.341,246.086,5,720
3,21,248.088,0,8.000,8.016,8.489,256.577,5,725
3,22,258.578,0,10.000,10.016,10.304,268.883,5,730
3,23,270.883,0,2.000,2.012,2.432,273.315,5,735
3,24,275.319,0,10.000,10.016,10.325,285.644,5,740
