0,1,0.282,0.462,0.668,0.813,0.967,1.096,1.215,1.343,1.423,1.516,1.668,1.998,2.166,2.327,2.528,2.679,2.812,2.931,3.077,3.217,3.364,3.501,3.771,3.998,4.264,4.496,4.806,5.015,5.441,5.695,6.049,6.399,6.683,6.944,7.193,7.450,7.671,7.871,8.060,8.266,8.446,8.677,8.915,9.182,9.400,9.657,9.851,10.095,10.294,10.535,10.930,11.225,
0,1,0.091,0.334,0.494,0.652,0.795,0.995,1.162,1.325,1.446,1.562,1.691,1.892,2.080,2.301,2.477,2.699,2.908,3.083,3.292,3.478,3.700,3.895,4.074,4.270,4.435,4.618,4.774,4.954,5.137,5.317,5.565,5.742,5.887,6.125,6.354,6.617,6.807,7.073,7.374,7.670,7.931,8.183,8.454,8.707,8.980,9.244,9.539,9.836,10.198,
0,1,0.034,0.243,0.467,0.826,1.112,1.480,1.664,1.921,2.094,2.268,2.467,2.713,3.029,
0,1,0.297,0.651,0.855,1.091,1.397,1.625,1.902,2.123,2.385,
1,1,0.275,0.535,0.747,0.973,1.150,1.325,1.517,1.686,1.825,1.965,2.119,2.397,2.701,2.917,3.100,3.264,3.404,3.572,3.751,3.917,4.108,4.265,4.402,4.566,4.739,4.899,5.047,5.197,5.333,5.533,5.712,5.931,6.103,6.251,6.406,6.556,6.696,6.841,6.999,7.150,7.286,7.427,7.575,7.728,8.027,8.180,8.289,
1,2,0.429,0.596,0.762,0.915,1.068,1.216,1.371,1.585,1.748,1.896,2.012,2.173,2.288,2.420,2.561,2.700,2.838,2.958,3.095,3.221,3.306,3.428,3.581,3.715,3.837,3.962,4.093,4.214,4.495,4.647,4.764,4.970,5.125,5.280,5.471,5.707,5.818,5.944,6.101,6.242,
1,3,0.389,0.584,0.721,0.889,1.055,1.213,1.371,1.529,1.684,1.837,1.936,2.090,2.221,2.368,2.627,2.774,2.910,3.234,3.397,3.541,3.685,3.828,3.964,4.107,4.274,4.369,4.500,4.618,4.791,4.945,5.095,5.228,5.368,5.525,5.652,5.723,5.898,6.069,6.275,6.487,6.649,6.803,6.958,7.107,7.276,7.392,7.526,7.693,7.909,8.036,8.286,8.437,8.585,8.697,8.838,9.027,9.158,9.306,9.432,9.591,9.741,9.894,10.030,10.187,10.357,10.493,10.618,10.790,10.950,11.112,11.280,11.451,11.644,11.761,11.866,12.026,12.177,12.314,12.484,12.645,12.773,
1,4,0.270,0.427,0.579,0.727,0.869,1.020,1.137,1.287,1.520,1.671,1.817,1.979,2.115,2.271,2.418,2.565,2.856,3.024,3.160,3.313,3.462,3.615,3.810,3.955,4.108,4.272,4.439,4.614,4.772,4.906,5.085,5.217,5.341,5.569,5.772,5.916,6.072,6.231,6.347,6.486,6.639,
1,5,0.212,0.369,0.518,0.651,0.799,0.968,1.088,1.219,1.384,1.538,1.689,1.901,2.065,2.235,2.451,2.608,2.769,2.927,3.138,3.293,3.458,3.615,3.769,3.907,4.160,4.333,4.487,4.663,4.857,5.069,5.270,5.520,5.694,5.864,6.068,6.245,6.418,6.608,6.770,6.932,7.141,7.363,7.535,7.725,7.891,8.046,8.176,8.457,8.648,8.808,8.971,9.145,9.284,9.522,9.673,9.940,10.113,10.272,10.470,10.654,10.851,11.088,11.273,11.441,11.714,12.048,12.285,12.523,12.689,12.861,13.085,13.232,13.390,13.541,13.827,14.034,14.224,
1,6,0.398,0.515,0.703,0.856,1.018,1.199,1.376,1.541,1.741,1.911,2.074,2.275,2.416,2.608,2.775,2.943,3.121,3.306,3.490,3.659,3.817,3.985,4.150,4.339,4.550,4.718,4.910,5.078,5.286,5.496,5.677,5.850,6.017,6.190,6.364,6.524,6.670,6.833,6.985,7.134,7.304,7.465,7.640,7.819,7.991,8.184,8.342,8.474,8.646,8.839,8.990,9.123,9.451,9.652,9.791,9.961,10.136,10.273,
1,7,0.214,0.396,0.575,0.823,1.037,1.231,1.420,1.612,1.792,1.956,2.116,2.263,2.421,2.567,2.740,2.868,3.361,3.520,3.669,3.823,4.031,4.245,4.427,4.559,4.726,4.904,5.075,5.265,5.432,5.589,5.739,5.911,6.185,6.297,6.467,6.652,6.829,7.015,7.161,7.336,7.621,7.809,7.988,8.159,8.480,8.711,8.922,9.114,9.276,9.375,9.609,9.783,9.939,10.108,10.267,10.420,10.588,10.784,10.937,11.118,11.306,11.465,11.645,11.861,12.032,12.176,12.336,12.480,12.668,12.851,13.028,13.199,13.372,13.533,13.785,14.099,14.420,14.730,15.066,15.464,15.886,16.331,16.770,17.116,17.442,17.722,17.957,18.271,18.597,18.916,19.271,19.570,19.851,20.155,20.418,20.638,20.870,21.122,21.487,
1,8,0.135,0.468,0.772,1.085,1.361,1.786,2.118,2.532,2.869,3.316,3.675,4.030,4.426,4.777,5.095,5.520,5.894,6.278,6.619,6.982,7.271,7.650,7.954,8.360,8.639,9.054,9.367,9.732,10.124,10.575,10.896,11.252,11.548,11.890,12.213,12.561,12.954,13.274,13.556,13.925,14.251,14.606,14.953,15.316,15.626,15.981,16.392,16.798,17.184,17.590,18.017,18.309,18.717,19.114,19.474,19.834,20.227,20.485,20.873,21.196,21.566,21.913,22.295,22.702,23.059,23.396,23.784,24.146,24.499,24.858,25.203,
1,9,0.326,0.738,1.123,1.513,1.946,2.288,2.739,3.106,3.512,3.922,
1,10,0.072,0.349,0.650,0.927,1.235,1.557,1.891,2.175,2.486,2.810,3.151,3.525,3.807,4.154,4.525,4.846,5.201,5.555,5.912,6.199,6.522,6.855,7.158,7.522,7.859,8.212,8.584,8.894,9.205,9.568,9.870,10.245,10.582,11.012,11.308,11.597,11.896,
1,11,0.181,0.561,0.844,1.191,1.460,1.789,2.100,2.411,2.799,3.101,3.460,3.795,4.152,4.518,4.813,5.103,5.402,5.773,6.100,6.409,6.730,7.136,7.520,7.870,8.270,8.594,8.982,9.312,9.673,10.028,10.398,10.703,11.049,11.398,11.699,12.037,12.389,12.671,12.987,13.329,13.626,13.953,14.273,14.611,14.902,15.274,15.530,15.872,16.219,16.554,16.853,17.192,17.525,17.857,18.158,18.495,18.792,19.092,19.422,19.776,20.063,20.337,20.679,20.978,21.308,21.643,21.893,22.219,22.520,22.843,23.180,23.483,23.851,24.123,24.511,24.934,25.266,25.685,26.026,26.484,26.830,27.146,27.440,27.786,28.163,28.513,28.897,29.210,29.547,
1,12,0.080,0.415,
1,13,0.221,0.499,0.873,1.152,1.523,1.903,2.230,2.608,2.900,3.332,3.650,4.000,4.340,4.722,5.066,5.401,5.739,6.091,6.438,6.810,7.155,7.529,7.925,8.284,8.658,9.019,9.296,9.581,9.868,10.216,10.501,10.877,11.217,11.530,11.897,12.190,12.572,12.849,13.162,13.525,13.821,14.162,14.450,14.776,15.059,15.389,15.691,16.042,16.331,16.662,16.971,17.273,17.564,17.859,18.150,18.452,18.774,19.073,19.391,19.690,19.986,20.292,20.569,20.851,21.111,21.351,21.708,22.046,22.361,22.660,22.964,23.267,23.561,23.855,24.143,24.406,24.643,24.911,25.235,25.586,25.906,26.210,26.567,26.844,27.208,27.533,27.845,28.113,28.417,28.712,29.021,29.317,29.585,29.867,30.183,30.479,30.796,31.107,31.397,31.669,32.020,32.323,32.672,33.001,33.314,33.648,
1,14,0.286,0.730,1.030,1.400,1.672,2.039,2.365,2.690,3.061,3.401,3.739,4.079,4.404,4.712,5.045,5.349,5.669,5.981,6.272,6.580,6.868,7.170,7.464,7.769,8.088,
1,15,0.216,0.514,0.874,1.182,1.481,1.855,2.192,2.515,2.856,3.176,3.515,3.841,4.164,4.467,4.791,5.087,5.412,5.711,5.971,6.315,6.625,6.932,7.267,7.524,7.816,8.151,8.409,8.693,8.975,9.322,9.635,9.939,10.231,10.573,10.857,11.157,11.483,11.789,12.112,12.436,12.773,13.066,13.387,13.695,14.020,
1,16,0.252,0.543,0.862,1.197,1.571,1.957,2.250,2.601,2.919,3.283,3.637,3.972,4.298,4.645,4.959,5.301,5.636,5.970,6.331,6.636,6.974,7.314,7.671,7.978,8.322,8.663,8.994,9.332,9.641,10.036,10.352,10.725,11.072,11.377,11.772,12.074,12.444,12.782,13.169,13.523,13.859,14.174,
1,17,0.287,0.673,0.979,1.324,1.696,1.992,2.266,2.607,2.951,3.289,3.617,3.946,4.320,
1,18,0.046,0.411,0.697,1.013,1.287,1.589,1.940,2.232,2.624,2.955,3.318,3.619,3.948,4.271,4.595,4.908,5.224,5.566,5.935,6.292,6.606,6.977,7.280,7.649,8.032,8.344,8.711,8.997,9.345,9.670,10.000,10.341,10.670,10.979,11.302,11.606,11.937,12.247,12.616,12.907,13.213,13.599,13.994,14.391,
1,19,0.078,0.464,0.847,1.147,1.517,1.846,2.245,2.606,2.995,3.264,3.619,3.952,4.331,4.702,5.082,5.447,5.790,6.197,6.674,6.965,7.336,7.717,7.995,8.356,8.684,9.053,9.418,9.751,10.066,10.416,10.772,11.113,11.473,11.819,12.204,12.519,12.803,13.197,13.553,13.838,14.182,14.469,14.636,
1,20,0.267,0.574,0.925,1.271,1.605,1.943,2.302,2.597,2.926,3.217,3.548,3.867,4.166,4.469,4.781,5.086,5.360,5.666,5.986,6.309,6.606,6.967,7.339,7.703,8.109,8.428,8.813,9.174,9.539,9.953,10.328,10.681,11.035,11.392,11.773,12.146,12.490,12.905,13.273,13.592,13.951,14.274,14.604,14.945,15.274,15.626,15.962,16.297,16.584,16.943,17.215,17.540,17.892,18.230,18.529,18.776,19.022,19.296,19.575,19.862,20.143,
1,21,0.203,0.516,0.866,1.204,1.595,1.875,2.306,2.651,2.979,3.290,3.639,3.950,4.283,4.591,4.931,5.220,5.553,5.886,6.206,6.541,6.847,7.163,7.520,7.863,8.183,8.554,
1,22,0.317,0.679,1.025,1.341,1.677,2.032,2.372,2.695,3.024,3.339,3.651,3.997,4.370,4.676,5.045,5.356,5.655,5.983,6.303,6.672,7.019,7.403,7.692,7.993,8.355,8.741,9.083,9.440,9.771,10.164,10.482,10.847,11.188,11.544,11.871,12.190,12.522,12.855,13.149,13.479,13.787,14.122,14.465,14.812,15.140,15.482,15.837,16.144,
1,23,0.070,0.396,0.742,1.087,1.397,1.725,2.105,2.427,2.788,3.218,3.524,3.915,4.265,
1,24,0.361,0.662,0.985,1.383,1.724,2.027,2.360,2.663,3.021,3.384,3.693,4.024,4.344,4.647,4.973,5.306,5.598,5.942,6.284,6.638,6.978,7.306,7.641,7.974,8.297,8.587,8.935,9.270,9.594,9.912,10.271,10.562,10.891,11.215,11.588,11.895,12.211,12.559,12.843,13.052,13.395,13.690,14.029,14.349,14.657,14.965,15.323,15.640,15.976,
1,25,0.264,0.602,0.943,1.299,1.648,1.986,2.298,2.661,2.967,3.416,3.708,4.098,4.516,4.766,5.039,5.350,5.687,6.017,6.449,6.767,6.986,7.220,7.474,7.790,8.072,8.480,8.797,9.162,9.453,
1,26,0.306,0.669,1.027,1.362,1.714,2.057,2.399,2.766,3.125,3.516,3.871,4.196,4.537,4.906,5.226,5.576,5.909,6.217,6.547,6.901,7.219,7.534,7.858,8.193,8.518,8.867,9.201,9.519,9.815,10.157,10.519,10.735,11.026,11.345,11.675,12.032,12.324,12.637,12.930,13.224,13.596,13.942,14.271,
1,27,0.160,0.527,0.916,1.232,1.603,1.943,2.314,
1,28,0.247,0.610,0.978,1.314,1.674,1.976,2.322,2.623,2.944,3.286,3.626,3.971,4.415,4.722,5.036,5.326,5.639,5.969,6.336,6.576,6.899,7.226,7.523,7.815,8.185,8.541,8.919,9.248,9.621,9.964,10.297,10.641,10.960,11.326,11.664,12.025,
1,29,0.249,0.603,0.899,1.220,1.545,1.862,2.109,2.333,2.650,2.974,3.316,3.651,4.018,4.326,4.698,5.045,5.424,5.783,6.135,
1,30,0.298,0.656,1.017,1.367,1.725,2.043,2.410,2.729,3.098,3.441,3.768,4.096,4.401,4.733,5.070,5.410,5.696,6.019,6.342,6.692,7.002,7.301,7.636,7.913,8.167,8.474,8.844,9.165,9.477,9.793,10.138,
1,31,0.191,0.523,0.906,1.214,1.556,1.917,2.249,2.595,2.942,3.302,3.591,3.957,4.290,4.613,4.914,5.268,5.582,5.928,6.298,6.625,6.942,7.328,7.680,8.032,8.331,8.669,8.990,9.387,9.705,10.104,10.421,10.743,11.078,11.419,11.772,12.097,12.395,12.734,12.979,13.232,13.522,
1,32,0.432,0.751,1.125,1.464,1.884,2.290,2.698,3.096,3.451,3.867,4.308,4.723,5.172,5.585,5.979,6.418,6.910,7.300,7.719,8.175,8.594,9.042,9.417,9.820,10.168,10.573,10.962,11.389,11.788,12.083,12.553,
1,33,0.066,0.464,0.861,1.244,1.618,2.002,2.404,2.830,3.199,3.607,3.991,4.434,4.828,5.273,5.591,6.068,6.456,6.907,7.239,
1,34,0.195,0.492,0.866,1.220,1.589,1.931,2.333,2.767,3.105,3.481,3.900,4.267,4.679,5.076,5.462,5.926,6.293,6.695,7.095,7.482,7.864,8.269,8.643,8.974,9.336,9.776,10.071,
1,35,0.272,0.592,1.016,1.412,1.780,2.150,2.449,2.900,3.271,3.661,4.068,4.443,4.800,5.198,5.533,5.939,6.344,6.748,7.072,7.437,7.823,8.201,
1,36,0.076,0.453,0.885,1.295,1.715,
1,37,0.386,0.792,1.123,1.481,1.856,2.180,2.572,2.950,3.306,3.698,4.117,4.479,4.833,5.272,5.625,5.975,6.283,6.639,6.966,7.358,7.718,8.147,8.524,8.973,9.342,9.758,10.056,
1,38,0.267,0.579,0.868,1.271,1.618,1.955,2.290,2.635,2.975,3.385,3.808,4.194,4.568,4.910,5.323,5.710,6.125,
1,39,0.269,0.650,0.970,1.327,1.707,2.063,2.414,2.726,3.092,3.489,3.836,4.227,4.538,4.904,5.224,5.594,5.898,6.293,6.636,7.019,7.395,7.736,8.061,
1,40,0.167,0.548,0.909,1.262,1.643,1.971,2.360,2.760,3.095,3.408,3.739,4.111,4.458,4.810,5.176,5.523,5.860,6.201,
1,41,0.042,0.397,0.790,1.108,1.444,1.841,2.191,2.502,2.871,3.265,3.595,3.930,4.238,4.600,4.921,5.263,5.647,5.999,6.286,6.647,6.979,7.285,7.648,7.966,8.306,8.648,8.982,9.345,9.673,10.015,10.349,10.671,11.084,11.399,11.773,12.100,
1,42,0.197,0.475,0.818,1.150,1.517,1.901,2.212,2.592,2.930,3.305,3.599,3.977,
1,43,0.033,0.425,0.840,1.197,1.556,1.950,2.338,2.623,3.001,3.355,3.707,4.048,4.414,4.740,5.114,5.468,5.787,6.127,6.482,6.831,7.155,7.491,7.848,8.227,8.533,8.901,9.271,9.645,9.982,10.413,10.696,11.022,11.318,11.683,11.986,12.365,12.623,12.928,13.243,13.564,13.844,14.102,14.432,14.784,15.170,15.460,15.774,16.096,16.440,16.794,17.099,17.475,17.836,18.110,18.392,18.706,19.075,19.361,19.692,20.058,20.369,20.709,21.073,21.371,21.737,22.037,22.369,22.709,23.028,23.372,23.614,23.825,24.104,24.429,24.699,25.047,25.297,25.652,
1,44,0.303,0.694,1.077,1.472,1.799,2.116,
1,45,0.026,0.355,0.734,1.144,1.447,1.797,2.176,
1,46,0.112,0.451,0.780,1.121,1.435,1.730,2.038,2.390,2.705,3.056,3.362,3.675,3.957,4.295,
1,47,0.148,0.419,0.734,1.052,1.370,1.705,2.014,2.315,2.626,2.915,3.184,3.488,3.818,4.209,
1,48,0.072,0.401,0.704,1.088,1.398,1.718,2.021,2.311,2.666,3.015,3.330,3.712,4.034,4.298,4.623,4.966,5.322,5.589,5.818,6.170,
1,49,0.118,0.456,0.828,1.151,1.562,1.898,2.265,2.649,2.980,3.399,3.700,4.016,4.347,4.720,5.035,5.376,5.735,6.017,6.377,6.682,7.017,7.374,7.693,8.021,8.365,8.655,8.999,9.351,9.689,10.038,10.417,10.750,11.088,11.483,11.830,12.170,12.492,12.903,13.248,13.567,13.875,
1,50,0.297,0.622,0.953,1.366,1.768,2.119,2.463,2.832,3.163,3.515,3.837,4.185,4.525,4.842,5.200,5.571,5.919,6.290,6.647,7.051,7.337,7.705,8.056,
1,51,0.273,0.640,1.023,1.332,1.640,2.033,2.369,2.774,3.051,3.415,3.774,4.069,
1,52,0.328,0.653,1.022,1.329,1.661,2.029,
1,53,0.264,0.600,0.988,1.298,1.661,1.984,2.339,2.725,3.070,3.451,3.766,4.111,4.468,4.857,5.278,5.592,5.896,6.263,6.615,6.977,7.397,7.701,8.045,8.427,8.798,9.106,9.412,9.764,10.110,10.453,10.768,11.105,11.460,11.782,12.111,12.470,12.781,13.101,13.453,13.783,14.095,14.424,14.706,15.095,15.462,15.767,16.044,
1,54,0.039,0.357,0.649,0.996,1.363,1.730,2.090,2.361,2.697,3.046,3.405,3.743,4.052,4.416,4.744,5.116,5.470,5.822,6.184,
1,55,0.196,0.488,0.830,1.147,1.487,1.913,2.222,
1,56,0.268,0.594,0.885,1.235,1.635,1.885,2.216,2.519,2.860,3.190,3.534,3.896,4.287,4.613,4.964,5.270,5.596,5.911,6.288,6.619,6.956,7.354,7.621,8.022,8.330,8.645,9.054,9.389,9.725,10.041,10.390,10.705,10.993,11.405,11.697,12.024,12.524,
1,57,0.113,0.480,0.788,1.150,1.456,1.767,2.267,2.550,2.836,3.122,3.472,3.814,4.154,4.484,4.832,5.145,5.473,5.793,6.075,6.385,6.701,7.019,7.301,7.707,8.042,
1,58,0.062,0.364,0.718,1.024,1.307,1.685,2.064,2.399,2.892,3.205,3.499,3.832,4.154,4.498,4.815,5.135,5.398,5.728,6.078,6.408,6.748,7.090,7.422,7.729,8.123,8.497,8.899,9.230,
1,59,0.212,0.443,0.739,0.994,1.247,1.525,1.744,2.026,2.396,2.776,3.194,3.510,3.910,4.234,4.527,4.851,5.115,5.430,5.752,6.094,6.362,6.730,7.096,7.395,7.677,7.990,8.292,8.550,8.795,9.027,9.298,9.652,9.979,10.348,10.602,10.940,11.270,11.517,11.764,11.958,12.147,12.321,12.451,12.747,13.021,13.271,13.521,13.750,13.961,14.236,14.515,14.724,14.930,15.249,15.482,15.765,16.016,
1,60,0.033,0.400,0.698,1.032,1.360,1.722,2.056,2.427,2.768,3.071,3.392,3.751,4.077,4.414,4.781,5.112,5.458,5.828,6.207,6.561,6.940,7.276,7.610,7.958,8.331,8.637,8.958,9.242,9.521,9.842,10.141,
1,61,0.115,0.414,0.741,1.055,1.370,1.645,1.912,2.226,2.485,2.829,3.120,3.454,3.762,4.161,4.472,4.858,5.181,5.502,5.807,6.171,6.520,6.835,7.191,7.500,7.820,8.127,8.435,8.726,9.092,9.423,9.729,10.030,
1,62,0.232,0.532,0.941,1.239,1.609,1.914,2.230,2.522,2.810,3.139,3.438,3.702,4.023,4.306,4.658,4.985,5.273,5.616,5.920,6.242,6.546,6.872,7.178,7.521,7.819,8.160,8.534,8.801,9.095,9.459,9.736,10.064,10.389,10.707,11.026,11.310,11.607,11.890,12.220,
1,63,0.127,0.454,0.770,1.093,1.420,1.770,2.103,2.457,2.771,3.077,3.404,3.735,4.066,4.404,4.702,5.022,5.328,5.626,5.942,6.222,6.552,6.861,7.143,7.455,7.752,8.053,8.372,8.624,8.903,9.144,9.444,9.750,10.086,10.391,10.695,10.994,11.358,11.674,11.969,12.305,12.593,12.892,13.189,13.488,13.779,14.121,
1,64,0.151,0.464,0.786,1.089,1.364,1.670,2.038,2.355,2.650,2.962,3.321,3.639,3.943,4.273,
1,65,0.315,0.662,0.942,1.203,1.557,1.831,2.160,2.499,2.807,3.205,3.525,3.832,4.111,4.448,4.769,5.070,5.388,5.691,6.019,6.313,6.650,6.929,7.229,7.566,7.870,8.155,8.479,8.770,9.064,9.353,9.659,9.984,10.271,10.558,10.874,11.164,11.498,11.854,12.139,
1,66,0.167,0.516,0.770,1.080,1.383,1.694,1.976,2.267,2.556,2.814,3.098,3.401,3.785,4.127,4.422,4.812,5.186,5.449,5.791,6.112,6.430,6.801,7.071,7.451,7.797,8.105,8.444,8.770,9.149,9.520,9.834,10.164,10.521,10.835,11.114,11.439,11.772,12.052,12.377,
1,67,0.288,0.577,0.895,1.170,1.454,1.762,2.078,2.372,
1,68,0.192,0.474,0.791,1.088,1.406,1.746,2.095,2.343,2.691,2.984,3.322,3.613,3.924,4.214,4.565,4.910,5.240,5.582,5.877,6.212,6.539,6.859,7.142,7.444,7.717,8.025,8.307,8.642,8.942,9.276,9.570,9.905,10.155,10.373,10.643,10.955,11.284,11.583,11.903,12.198,12.497,12.809,13.112,13.394,13.723,13.968,
1,69,0.068,0.377,0.688,0.971,1.261,1.567,1.894,2.169,2.485,2.766,3.081,3.456,3.743,4.080,4.423,4.714,5.022,5.354,5.735,6.067,
1,70,0.028,0.326,0.628,0.927,1.262,
1,71,0.196,0.469,0.773,1.034,1.304,1.610,1.942,2.271,2.569,2.867,3.149,3.450,3.738,4.041,4.351,4.669,4.947,5.269,5.593,5.889,6.168,6.497,6.801,7.088,7.405,7.738,8.080,8.418,8.771,9.087,9.451,9.771,10.051,10.344,10.693,10.957,11.241,11.580,11.826,12.157,12.494,12.808,13.103,13.402,13.705,14.040,14.305,14.621,14.910,15.192,15.461,15.746,16.046,
1,72,0.245,0.560,0.861,1.096,1.395,1.721,2.017,2.329,
