0,1,0.145,0.315,0.523,0.648,0.768,0.895,1.018,1.145,1.266,1.395,1.512,1.645,1.771,1.896,2.033,2.263,2.396,2.525,2.658,2.796,2.935,3.068,3.205,3.346,3.480,3.612,3.751,3.897,4.017,4.164,4.364,4.620,4.749,4.897,5.033,5.179,5.312,5.432,5.654,5.825,6.290,6.515,6.625,6.768,6.915,7.040,7.185,7.398,7.564,7.921,8.149,8.334,8.528,8.742,8.948,9.174,9.399,9.678,9.946,
0,1,0.047,0.219,0.407,0.586,0.790,1.033,1.319,1.635,1.938,2.225,2.523,2.822,3.074,3.388,3.683,3.981,4.244,4.545,4.823,5.098,5.389,5.601,5.785,5.954,6.096,6.208,6.349,6.480,6.611,6.739,6.887,7.021,7.137,7.271,7.426,7.521,7.637,7.771,7.906,8.141,8.271,8.397,8.521,8.641,8.794,9.073,9.335,9.719,10.061,10.360,
0,1,0.121,0.332,0.536,0.733,0.951,1.157,1.374,1.609,1.852,2.109,2.386,2.770,3.120,3.464,3.826,4.154,4.477,4.819,5.137,5.477,5.793,6.097,6.454,6.772,7.078,7.420,7.772,8.073,8.389,8.669,
0,1,0.035,0.283,0.535,0.845,1.135,1.449,1.749,2.035,2.291,2.585,2.872,3.231,3.523,3.824,4.117,4.411,4.687,4.979,5.295,5.637,5.930,6.225,6.524,6.796,7.102,7.398,7.708,8.022,8.335,8.639,8.967,9.272,9.557,9.855,10.143,
1,1,0.157,0.425,0.670,0.927,1.194,1.449,1.738,2.000,2.265,2.492,2.743,2.996,3.265,3.515,3.765,4.057,4.333,4.649,4.924,5.204,5.490,5.773,6.043,6.318,6.597,6.874,7.134,7.400,7.675,7.947,8.217,8.498,8.800,9.081,9.353,9.635,9.902,10.174,
1,2,0.074,0.294,0.511,0.732,1.055,1.414,1.737,2.043,2.319,2.577,2.842,3.096,3.367,3.649,3.935,4.208,
1,3,0.248,0.532,0.784,1.032,1.282,1.532,1.770,1.981,2.237,2.489,2.726,2.962,3.207,3.459,3.704,3.949,4.179,4.388,4.599,4.864,5.085,5.320,5.548,5.772,5.999,6.224,6.455,6.676,6.893,7.104,7.326,7.555,7.773,7.992,8.240,8.429,8.652,8.903,9.144,9.390,9.606,9.824,10.024,10.224,10.423,10.627,10.835,11.054,11.275,11.467,11.673,11.892,12.117,12.336,12.550,12.775,12.968,13.194,13.405,13.642,13.841,14.050,14.262,14.454,14.670,14.877,15.073,15.282,15.501,15.724,15.921,16.144,16.334,
1,4,0.048,0.219,0.415,0.610,0.793,0.971,1.150,1.527,1.930,
1,5,0.296,0.612,0.945,1.244,1.544,1.854,2.147,2.427,2.706,2.975,3.264,3.514,3.789,4.060,
1,6,0.289,0.576,0.850,1.122,1.401,1.670,1.938,2.208,2.480,2.775,3.034,3.290,3.528,3.791,4.036,4.283,4.531,4.769,5.019,5.284,5.534,5.784,6.049,6.311,6.581,6.853,7.113,7.365,7.608,7.866,8.137,
1,7,0.240,0.500,0.767,1.017,1.267,1.492,1.729,1.986,2.239,
1,8,0.051,0.299,0.569,0.814,1.079,1.327,1.591,1.860,2.108,
1,9,0.213,0.483,0.745,0.997,1.270,1.520,1.782,2.067,2.321,2.586,2.861,3.111,3.387,3.621,3.888,4.118,4.350,4.622,4.888,5.141,5.388,5.620,5.865,6.124,6.374,6.639,6.889,7.124,7.392,7.639,7.906,8.146,8.393,8.640,8.864,9.116,9.362,9.640,9.890,10.160,10.410,10.653,10.924,11.200,11.447,11.692,11.957,12.213,
1,10,0.029,0.291,0.554,0.805,1.039,1.286,1.553,1.820,2.070,2.328,2.599,2.840,3.096,3.364,3.647,3.913,4.160,4.442,4.697,4.974,5.217,5.498,5.765,6.034,6.297,6.532,6.778,7.050,7.302,7.562,7.824,8.077,8.344,8.606,8.900,9.179,9.461,9.735,10.017,10.267,10.524,10.794,11.037,11.316,11.578,11.844,12.124,12.405,12.668,12.968,13.236,13.533,13.804,14.031,14.325,
1,11,0.230,0.525,0.775,1.026,1.288,1.558,1.801,2.041,2.316,2.588,2.840,3.100,3.393,3.643,3.894,4.163,
1,12,0.237,0.502,0.764,1.021,1.277,1.526,1.794,2.077,2.333,2.598,2.877,3.148,3.402,3.664,3.943,4.203,4.475,4.723,4.988,5.266,5.541,5.798,6.060,
1,13,0.238,0.480,0.723,0.994,1.186,1.435,1.685,1.950,2.189,2.458,2.697,2.939,3.173,3.416,3.641,4.044,4.312,4.584,4.859,5.113,5.392,5.648,5.911,6.179,6.441,6.691,6.966,7.214,7.527,7.774,8.020,8.277,8.541,8.801,9.066,9.319,9.572,9.827,10.076,10.306,10.607,10.870,11.079,11.278,11.502,11.735,11.995,12.262,12.512,12.762,12.991,13.238,13.447,13.652,13.896,14.113,14.346,
1,14,0.200,0.433,0.651,0.765,0.944,1.178,1.401,1.648,1.872,2.125,2.399,2.596,2.828,3.080,3.320,3.555,3.800,4.043,4.270,4.498,4.750,4.988,5.214,5.448,5.685,5.900,6.122,
1,15,0.099,0.353,0.609,0.846,1.085,1.318,1.565,1.810,2.054,2.296,2.526,2.774,3.030,3.276,3.513,3.779,3.997,4.232,
1,16,0.102,0.341,0.592,0.830,1.065,1.322,1.561,1.798,2.018,2.231,2.490,2.728,2.925,3.148,3.333,3.559,3.775,3.972,4.176,4.399,4.601,4.790,5.000,5.200,5.399,5.592,5.804,6.033,6.239,6.650,6.991,7.377,7.731,8.078,8.418,8.768,8.965,9.285,9.579,9.868,10.140,10.419,10.674,10.949,11.422,11.691,11.922,12.170,12.406,12.650,12.896,13.092,13.348,13.564,13.807,14.051,
1,17,0.166,0.399,0.621,0.836,1.094,1.347,1.595,1.829,2.068,2.293,2.546,2.792,3.044,3.269,3.488,3.718,3.956,4.189,4.437,4.695,4.945,5.197,5.493,5.771,6.021,6.271,6.521,6.709,6.946,7.174,7.409,7.661,7.888,8.138,8.389,8.620,8.865,9.091,9.326,9.591,9.850,10.086,10.331,10.523,10.773,10.980,11.213,11.451,11.672,11.915,12.170,
1,18,0.083,0.329,0.609,0.841,1.072,1.318,1.548,1.783,2.031,2.252,2.528,2.743,3.000,3.246,3.479,3.727,3.982,4.232,4.469,4.696,4.921,5.159,5.406,5.640,5.871,6.102,6.390,6.616,6.857,7.140,7.366,7.607,7.861,8.126,8.372,8.573,8.838,9.066,9.314,9.550,9.775,10.025,10.275,
1,19,0.067,0.308,0.531,0.743,0.980,1.197,1.422,1.657,1.889,2.118,2.304,
1,20,0.237,0.467,0.728,0.973,1.239,1.520,1.799,2.000,2.268,2.514,2.733,2.959,3.204,3.461,3.697,3.942,4.173,4.432,4.678,4.905,5.149,5.366,5.608,5.839,6.089,6.323,6.546,6.781,7.039,7.327,7.595,7.844,8.092,
1,21,0.107,0.421,0.683,0.958,1.205,1.449,1.723,1.965,2.208,2.455,2.677,2.904,3.109,3.332,3.548,3.759,3.964,4.185,
1,22,0.195,0.436,0.597,0.813,1.039,1.248,1.464,1.680,1.913,2.125,2.332,2.539,2.765,2.989,3.227,3.443,3.865,4.310,4.564,4.822,5.040,5.270,5.499,5.721,6.028,6.356,6.552,6.807,7.049,7.315,7.576,7.850,8.109,8.362,8.567,8.804,9.022,9.263,9.487,9.718,9.953,10.184,10.451,10.687,10.917,11.154,11.398,11.627,11.898,12.148,
1,23,0.267,0.466,0.667,0.903,1.151,1.378,1.598,1.819,2.050,2.209,2.430,2.654,2.885,3.112,3.327,3.546,3.769,3.976,4.196,4.402,4.615,4.838,5.066,5.272,5.483,5.682,5.886,6.090,6.312,6.520,6.716,6.927,7.118,7.326,7.520,7.714,7.917,8.116,8.312,8.521,8.713,8.907,9.138,9.344,9.538,9.771,9.984,10.309,10.719,10.994,11.287,11.588,11.873,12.158,12.424,12.715,12.964,13.166,13.416,13.677,13.917,14.150,14.390,14.644,14.857,15.122,15.357,15.595,15.894,16.141,
1,24,0.193,0.419,0.650,0.806,1.050,1.267,1.479,1.688,1.906,2.134,2.368,2.535,2.739,2.958,3.184,3.426,3.664,3.904,4.150,4.359,4.594,5.019,5.269,5.486,5.726,5.969,6.191,6.441,6.674,6.917,7.153,7.408,
1,25,0.327,0.563,0.784,0.996,1.214,1.445,1.660,1.896,2.089,2.298,2.513,2.715,2.946,3.168,3.396,3.620,3.788,4.013,4.207,4.407,4.647,4.864,5.092,5.347,5.605,5.806,6.041,
1,26,0.039,0.273,0.476,0.606,0.858,1.104,1.357,1.593,1.833,2.077,2.326,2.501,2.711,2.939,3.163,3.391,3.615,3.845,4.064,4.285,4.525,4.775,4.992,5.240,5.497,5.775,5.982,6.169,6.402,6.642,6.866,7.078,7.301,7.576,7.783,8.022,8.260,8.522,8.760,8.996,9.227,9.447,9.674,9.857,10.088,10.309,10.532,10.761,10.991,11.211,11.439,11.618,11.858,12.089,
1,27,0.180,0.403,0.612,0.860,1.120,1.353,1.579,1.815,2.042,2.298,2.523,2.747,2.984,3.202,3.430,3.666,3.897,4.140,4.371,4.604,4.849,5.105,5.367,5.617,5.850,6.076,6.311,6.528,6.775,7.025,7.230,7.475,7.708,7.918,8.149,8.399,8.642,8.892,9.114,9.335,9.583,9.811,10.066,10.286,10.541,10.779,11.020,11.272,11.494,11.720,12.154,
1,28,0.087,0.283,0.524,0.738,0.977,1.195,1.415,1.641,1.868,2.081,2.326,2.537,2.795,3.025,3.275,3.525,3.771,4.025,4.266,4.482,
1,29,0.232,0.485,0.708,1.142,1.342,1.582,1.826,2.073,2.367,2.675,2.933,
1,30,0.236,0.475,0.696,0.906,1.235,1.457,1.700,1.974,2.201,2.452,2.684,2.902,3.089,3.339,3.563,3.771,4.012,4.291,4.558,4.797,5.042,5.272,5.513,5.772,5.993,6.227,6.453,6.661,6.897,7.108,7.354,7.570,7.806,8.054,8.289,8.514,8.721,8.936,9.180,9.398,9.648,9.872,10.084,10.307,10.525,
1,31,0.040,0.273,0.523,0.707,0.956,1.165,1.402,1.640,1.865,2.120,2.342,2.583,2.796,3.024,3.284,3.525,3.741,3.983,4.230,4.445,4.688,4.937,5.152,5.417,5.659,5.905,6.162,6.393,6.624,6.867,7.143,7.376,7.643,7.867,8.118,8.350,8.515,8.780,9.025,9.273,9.494,9.729,9.961,10.196,10.429,10.669,10.931,11.196,11.461,11.736,11.964,12.197,12.422,12.660,12.906,13.115,13.356,13.590,13.833,14.058,14.213,
1,32,0.084,0.314,0.548,0.781,1.026,1.245,1.466,1.701,1.932,2.180,2.408,
1,33,0.194,0.457,0.836,1.075,1.292,1.539,1.781,1.999,2.239,2.461,2.695,2.945,3.392,3.866,4.116,4.339,4.526,4.761,4.997,5.202,5.447,5.693,5.910,6.143,6.393,6.600,6.710,7.059,7.297,7.518,7.760,7.975,8.212,8.419,8.648,8.894,9.091,9.330,9.572,9.792,10.030,10.267,10.466,10.678,10.895,11.097,11.301,11.512,11.716,11.972,12.212,12.430,12.653,12.867,13.080,13.283,13.513,13.720,13.921,14.162,
1,34,0.204,0.440,0.638,0.865,1.117,1.376,1.617,1.834,2.106,2.340,2.540,2.768,3.022,3.210,3.434,3.672,3.917,4.157,4.394,4.643,4.912,5.119,5.373,5.612,5.872,6.112,6.349,6.586,6.789,7.032,7.234,7.502,7.747,8.047,8.271,8.521,8.771,8.973,9.224,9.460,9.694,9.969,10.209,10.464,10.707,10.952,11.186,11.420,11.674,11.925,12.198,12.441,12.700,12.936,13.196,13.458,13.701,13.953,14.189,
1,35,0.184,0.423,0.673,0.888,1.118,1.349,1.587,1.848,2.088,2.314,2.540,2.802,3.066,3.295,3.542,3.785,4.027,4.286,4.519,4.769,5.026,5.284,5.526,5.769,6.023,6.270,6.527,6.770,7.033,7.270,7.489,7.732,7.989,8.225,8.488,8.701,8.955,9.217,9.475,9.725,9.991,10.225,
1,36,0.145,0.395,0.616,0.895,1.145,1.395,1.614,1.895,2.146,2.396,2.607,2.865,3.124,3.360,3.613,3.839,4.066,4.354,4.613,4.877,5.105,5.347,5.585,5.822,6.087,6.321,6.541,6.751,6.972,7.177,7.398,7.602,7.826,8.022,8.321,8.700,9.050,9.399,9.718,10.016,10.320,10.594,10.883,11.187,11.467,11.748,11.998,12.282,12.554,12.826,13.326,13.613,13.894,14.147,14.409,14.696,14.951,15.228,15.483,15.769,16.029,16.304,
1,37,0.203,0.485,0.713,0.997,1.267,1.514,1.727,2.048,2.344,2.483,2.952,3.148,3.289,3.432,3.584,3.719,3.898,4.048,4.215,4.364,4.525,
1,38,0.164,0.489,0.773,1.074,1.344,1.640,1.907,2.211,2.483,2.774,3.048,3.328,3.624,3.872,4.141,4.423,4.692,4.978,5.230,5.525,5.775,6.057,6.293,6.560,6.857,7.162,7.392,7.672,7.912,8.224,8.400,
1,39,0.149,0.415,0.646,0.960,1.234,1.499,1.760,2.018,2.268,
1,40,0.193,0.392,0.623,0.815,1.026,1.184,1.396,1.593,1.920,2.350,2.708,3.039,3.362,3.597,3.900,4.190,4.460,4.705,4.953,5.203,5.463,5.761,5.997,6.266,6.502,6.747,6.993,7.226,7.440,7.655,7.896,8.152,8.396,8.615,8.860,9.118,9.329,9.525,9.778,10.053,10.292,10.517,10.770,10.970,11.215,11.419,11.674,11.897,12.148,
1,41,0.250,0.437,0.677,0.883,1.154,1.400,1.590,1.807,2.052,2.280,2.518,
1,42,0.054,0.275,0.496,0.745,0.982,1.230,1.470,1.698,1.941,2.162,2.400,2.560,2.808,3.026,3.290,3.534,3.728,3.913,4.143,4.302,4.551,4.774,4.999,5.202,5.437,5.652,5.899,6.045,6.295,6.535,6.725,6.916,7.107,7.307,7.496,7.689,7.889,8.093,8.298,8.480,8.691,9.041,9.222,9.428,9.603,9.805,9.999,10.180,
1,43,0.170,0.372,0.569,0.752,0.975,1.163,1.332,1.545,1.703,1.899,2.072,2.273,2.450,2.627,2.801,2.986,3.172,3.343,3.481,3.687,3.849,4.063,4.192,4.394,4.528,4.730,4.891,5.084,5.224,5.440,5.598,5.831,5.961,6.158,6.327,
1,44,0.029,0.187,0.364,0.720,0.899,1.066,1.263,1.438,1.646,1.810,1.953,2.150,2.329,2.493,2.686,2.846,3.027,3.211,3.397,3.564,3.803,3.994,4.176,4.353,4.551,4.706,4.901,5.200,5.398,5.568,5.746,5.933,6.285,6.678,6.836,7.035,7.228,7.424,7.653,7.803,7.943,8.149,8.472,8.665,8.863,9.045,9.220,9.419,9.617,9.767,9.970,10.148,10.386,
1,45,0.157,0.352,0.573,0.749,0.964,1.151,1.326,1.493,1.678,1.833,2.058,2.251,2.437,2.618,2.819,3.001,3.178,3.385,3.592,4.002,4.330,4.717,4.910,5.121,5.321,5.501,5.677,5.870,6.041,6.386,6.602,6.814,7.003,7.158,7.348,7.545,7.746,8.122,8.309,8.495,8.664,8.854,9.072,9.460,9.659,9.859,10.058,10.237,
1,46,0.176,0.366,0.561,0.768,0.954,1.334,1.494,1.729,1.885,2.095,2.310,2.519,2.705,2.902,3.120,3.303,3.488,3.664,3.867,4.070,4.240,4.461,4.662,4.838,5.032,5.208,5.427,5.616,5.785,6.020,6.202,6.394,6.563,6.751,6.918,7.137,7.305,7.479,7.708,7.871,8.271,8.422,8.658,8.845,9.041,9.234,9.476,9.658,9.861,10.213,10.443,
1,47,0.203,0.395,0.594,0.813,0.982,1.177,1.395,1.740,1.922,2.120,2.328,2.536,2.719,2.913,3.105,3.274,3.438,3.646,4.035,4.199,4.369,4.565,4.961,5.181,5.361,5.562,5.767,5.947,6.127,6.331,6.486,6.702,6.877,7.077,7.218,7.432,
1,48,0.100,0.324,0.492,0.684,0.864,1.213,1.407,1.592,1.787,1.981,2.168,2.345,2.528,2.740,2.962,3.100,3.305,3.475,3.697,
1,49,0.445,0.644,0.863,1.072,1.275,1.662,1.888,2.087,
1,50,0.154,0.412,0.647,0.898,1.095,1.321,1.551,1.783,1.992,2.191,2.413,
1,51,0.052,0.285,0.667,0.885,1.086,1.292,1.519,1.741,1.974,2.373,2.581,2.801,3.020,3.213,3.443,3.662,3.899,4.120,4.358,4.570,4.809,5.021,5.247,5.459,5.666,5.894,6.107,6.308,6.528,6.721,6.946,7.175,7.428,7.707,7.988,8.272,8.535,8.836,9.210,9.523,9.809,10.109,10.396,10.693,11.023,11.337,11.644,11.969,12.274,12.574,12.860,13.141,13.442,13.738,14.028,14.317,14.575,14.856,15.171,15.450,15.728,16.026,
1,52,,
1,53,0.073,0.365,0.648,0.898,1.155,1.416,1.661,1.925,2.158,2.409,2.695,2.963,3.399,3.649,3.910,4.174,4.422,4.684,4.937,5.222,5.471,5.728,5.972,6.227,6.484,6.732,7.018,7.215,7.458,7.718,7.951,8.187,8.411,
1,54,0.150,0.339,0.581,0.808,1.024,1.250,1.454,1.685,1.920,2.141,2.391,2.608,2.823,3.069,3.314,3.575,3.840,4.033,4.261,4.525,4.738,4.988,5.211,5.451,5.694,6.104,6.331,6.554,6.793,7.056,7.355,7.731,7.972,8.227,8.482,8.749,9.042,9.296,9.556,9.819,10.111,10.356,10.601,10.846,11.121,11.399,11.670,11.927,12.123,
1,55,0.091,0.339,0.587,0.803,1.024,1.289,1.497,1.748,1.979,2.200,2.641,2.908,3.120,3.371,3.621,3.871,4.086,4.305,4.543,4.776,5.026,5.276,5.526,5.670,5.932,6.185,6.440,
1,56,0.041,0.244,0.421,0.649,0.894,1.097,1.327,1.543,1.775,2.022,2.286,2.483,2.707,2.912,3.136,3.340,3.571,3.782,3.933,4.146,4.352,4.591,4.827,5.038,5.270,5.487,5.745,5.955,6.168,6.388,6.601,6.801,6.982,7.177,7.607,7.843,8.058,8.292,8.554,8.787,9.022,9.249,9.486,9.727,9.948,10.159,10.375,10.621,10.839,11.023,11.246,11.465,11.689,11.925,12.147,12.376,12.641,13.078,13.278,13.479,13.688,13.930,14.156,14.391,14.652,14.892,15.089,15.312,15.516,15.749,16.026,16.276,
1,57,0.127,0.310,0.490,0.679,0.832,1.048,1.249,1.439,1.650,1.820,2.029,2.221,2.400,2.561,2.729,2.873,3.081,3.234,3.404,3.593,3.749,3.960,4.134,4.314,4.518,4.700,4.901,5.084,5.278,5.458,5.647,5.834,6.019,6.201,6.374,6.548,6.699,6.886,7.095,7.333,7.585,7.845,8.122,8.421,8.694,9.030,9.354,9.642,9.890,10.151,10.417,10.676,10.917,11.175,11.420,11.719,12.021,12.316,12.638,12.897,13.125,13.327,13.571,13.813,14.048,14.353,
1,58,0.140,0.360,0.723,0.956,1.209,1.435,1.707,2.074,2.271,2.455,2.664,2.925,
1,59,0.168,0.616,0.897,1.023,1.161,1.324,1.428,1.599,1.737,1.912,2.046,2.194,2.316,2.499,2.664,2.824,2.973,3.264,3.406,3.561,3.713,3.874,4.033,4.192,4.333,4.478,4.648,4.789,5.116,5.367,5.528,5.833,5.970,6.149,6.280,
1,60,0.172,0.303,0.464,0.776,1.083,1.397,1.736,1.987,2.472,2.784,3.075,3.356,3.610,3.834,4.060,4.184,4.356,4.500,4.660,4.780,4.967,5.097,5.271,5.399,5.561,5.727,5.859,6.022,6.175,6.322,6.484,6.617,6.772,6.902,7.071,7.214,7.362,7.522,7.673,7.792,7.960,8.111,8.285,
1,61,0.106,0.244,0.415,0.552,0.736,0.846,1.045,1.162,1.346,1.473,1.637,1.771,1.941,2.097,2.271,2.405,2.565,2.703,2.858,3.021,3.176,3.316,3.471,3.600,3.794,3.950,4.122,4.294,4.455,4.613,4.779,4.897,5.120,5.249,5.417,5.589,5.724,5.903,6.055,6.220,6.389,6.523,6.708,6.862,7.023,7.183,7.312,7.486,7.612,7.800,8.140,8.449,8.774,8.895,9.073,9.207,9.369,9.542,9.692,9.851,10.035,10.173,10.331,10.495,10.641,10.802,10.958,11.125,11.275,11.443,11.605,11.778,11.940,12.110,12.244,12.436,12.582,12.786,13.080,13.410,13.697,13.817,14.010,14.318,14.445,14.623,14.935,15.224,15.513,15.658,15.805,15.975,16.144,16.316,
1,62,0.092,0.226,0.397,0.529,0.699,0.894,1.025,1.181,1.327,1.510,1.668,1.832,1.979,2.159,2.270,2.466,2.589,2.781,2.941,3.079,3.229,3.398,3.518,3.677,3.823,4.015,4.148,4.351,4.652,4.765,4.952,5.069,5.285,5.433,5.591,5.749,5.896,6.079,6.269,6.577,6.862,7.013,7.191,7.317,7.520,7.657,7.838,7.955,8.164,8.397,8.647,8.781,8.931,9.070,9.242,9.398,9.574,9.730,9.917,10.092,10.265,10.648,10.786,10.990,11.155,11.334,11.495,11.698,11.856,12.043,12.229,12.413,
1,63,0.034,0.227,0.397,0.587,0.750,0.938,1.068,1.291,1.661,1.998,2.335,2.702,3.029,3.180,3.398,3.566,3.737,3.905,4.073,4.237,4.403,4.745,4.907,5.122,5.282,5.472,5.640,5.837,6.020,6.208,6.360,6.553,6.716,6.932,7.121,7.286,7.432,7.644,7.771,8.021,8.125,8.338,8.469,8.687,8.834,9.029,9.179,9.389,
1,64,0.286,0.480,0.592,0.791,1.117,1.447,1.609,1.777,1.961,2.124,2.321,2.481,2.634,2.833,2.988,3.171,3.343,3.525,3.718,3.874,4.040,4.244,4.385,4.585,4.769,4.949,5.166,5.484,5.641,5.824,5.985,6.178,6.328,6.523,6.687,6.835,7.020,7.207,7.369,7.537,7.720,7.887,8.062,8.224,8.401,8.542,8.720,8.894,9.053,9.228,9.387,9.574,9.708,9.926,10.243,10.370,10.561,10.742,10.898,11.093,11.419,11.772,12.117,12.440,12.550,12.772,12.923,13.106,13.240,13.426,13.601,13.773,13.926,14.111,14.273,14.444,14.581,14.741,14.927,15.118,15.286,15.496,
1,65,0.035,0.184,0.357,0.488,0.660,0.801,0.951,1.114,1.245,1.393,1.534,1.689,1.821,1.966,2.124,2.277,2.425,2.721,2.852,2.998,3.166,3.300,3.458,3.597,3.772,3.911,4.082,4.210,4.394,4.515,4.674,4.831,4.997,5.148,5.299,5.463,5.597,5.762,5.934,6.066,6.242,6.395,6.552,6.710,6.847,7.032,7.163,7.353,7.646,7.775,7.945,8.082,8.263,
1,66,0.099,0.235,0.400,0.536,0.714,0.823,1.017,1.168,1.327,1.464,1.639,1.804,1.951,2.110,2.268,2.435,2.590,2.736,2.902,3.058,3.242,3.377,3.552,3.685,3.875,4.060,4.205,4.353,4.528,4.694,4.840,5.058,5.389,5.707,6.073,6.427,6.770,7.155,7.557,7.726,7.922,8.137,8.314,8.489,8.668,8.866,9.184,9.572,9.781,9.955,10.138,10.285,10.490,10.638,10.839,10.996,11.205,11.374,11.532,11.690,11.875,12.033,12.214,12.365,12.576,12.738,12.956,13.146,13.346,13.523,13.703,13.877,14.063,14.243,14.434,
1,67,0.176,0.325,0.522,0.648,0.872,0.987,1.232,1.564,1.722,1.903,2.042,2.272,2.404,2.605,2.795,2.937,3.139,3.306,3.486,3.640,3.825,4.174,4.351,4.497,4.691,4.834,5.074,5.205,5.405,5.699,5.891,6.082,6.224,6.428,6.774,6.918,7.251,7.591,7.751,7.975,8.344,8.676,8.979,9.146,9.317,9.463,9.646,9.798,9.974,10.323,
1,68,0.087,0.250,0.427,0.585,0.768,0.911,1.103,1.232,1.432,1.571,1.752,1.890,2.105,2.435,2.769,2.901,3.066,3.209,3.386,3.539,3.709,4.040,4.174,4.347,4.474,4.668,4.802,4.991,5.155,5.313,5.468,5.791,5.967,6.137,6.298,6.441,
1,69,0.145,0.281,0.434,0.723,0.901,1.078,1.250,1.399,1.555,1.708,1.864,2.012,2.166,2.318,2.512,2.714,3.021,3.178,3.347,3.529,3.692,3.859,4.025,4.200,4.358,4.528,4.698,4.864,5.013,5.345,5.489,5.684,5.984,6.147,6.296,6.483,
1,70,0.028,0.216,0.560,0.685,0.875,1.018,1.226,1.522,1.670,2.058,2.214,2.399,2.697,2.896,3.054,3.239,3.396,3.579,3.719,4.056,4.220,4.397,4.558,4.727,4.900,5.093,5.226,5.397,5.595,5.752,5.931,6.095,6.355,6.440,6.648,6.845,7.169,7.324,7.499,7.667,7.819,7.991,8.161,8.309,8.493,8.666,8.857,8.988,9.156,9.315,9.496,9.656,9.832,10.016,10.153,10.322,10.483,10.665,10.826,11.017,11.177,11.303,11.541,11.689,11.884,12.021,12.193,12.347,12.542,12.727,12.884,13.076,13.240,13.413,13.591,13.768,13.923,14.099,14.275,14.412,14.594,14.752,14.934,15.117,15.269,15.441,15.643,15.988,16.148,16.350,16.474,16.685,
1,71,0.082,0.277,0.400,0.587,0.752,0.924,1.100,1.294,1.450,1.621,1.774,1.974,2.154,2.329,2.484,2.666,2.859,2.985,3.201,3.356,3.553,3.699,3.885,4.031,4.228,4.414,4.615,4.769,4.966,5.136,5.296,5.447,5.615,5.769,5.916,6.067,6.220,6.386,6.573,6.903,7.057,7.232,7.390,7.573,7.730,7.887,8.055,8.203,8.387,8.521,8.673,8.842,8.989,9.171,9.291,9.469,9.690,9.848,10.021,10.184,10.318,10.498,10.663,10.816,11.003,11.148,11.356,11.695,11.822,11.977,12.139,12.324,
1,72,0.097,0.226,0.427,0.733,0.908,1.095,1.234,1.420,1.547,1.765,1.874,2.077,2.230,2.399,2.557,2.714,2.911,3.061,3.226,3.366,3.536,3.711,3.900,4.053,4.232,4.400,4.573,4.710,4.900,5.070,5.348,5.517,5.670,5.820,5.973,6.183,6.322,6.457,
1,73,0.093,0.267,0.416,0.585,0.751,0.900,1.087,1.223,1.410,1.550,1.750,1.904,2.125,2.278,2.443,2.601,2.763,2.948,3.145,3.326,3.493,3.657,3.791,3.986,4.145,4.308,4.491,
1,74,0.078,0.239,0.426,0.771,1.058,1.241,1.400,1.591,1.771,1.923,2.071,2.242,2.403,2.561,
1,75,0.044,0.341,0.581,0.775,0.906,1.058,1.275,1.430,1.606,1.775,1.947,2.293,2.626,2.899,3.149,3.417,3.595,3.933,4.104,4.282,
1,76,0.095,0.260,0.420,0.590,
1,77,0.135,0.268,0.429,0.595,0.778,0.910,1.113,1.249,1.458,1.607,1.823,2.143,2.330,2.526,2.695,2.875,3.032,3.202,3.359,3.554,3.722,3.906,4.091,4.282,4.469,4.623,4.810,4.987,5.314,5.521,5.720,5.862,6.087,6.241,6.422,6.591,6.771,6.935,7.110,7.288,7.455,7.638,7.812,7.969,8.138,8.282,8.480,8.639,8.848,9.224,9.376,9.540,9.712,9.911,10.159,10.363,10.560,10.748,10.934,11.084,11.277,11.456,11.815,12.024,12.187,12.357,12.687,12.894,13.028,13.243,13.538,13.672,13.974,14.275,
1,78,0.169,0.448,0.909,1.086,1.236,1.400,1.544,1.721,1.851,2.017,2.165,2.309,2.444,2.599,2.720,2.901,3.054,3.188,3.359,3.487,3.840,4.018,4.158,4.327,
1,79,0.089,0.390,0.652,0.803,1.102,1.274,1.422,1.565,1.723,1.854,2.024,2.141,2.328,2.478,2.599,2.778,2.915,3.088,3.230,3.404,3.563,3.748,3.928,4.072,4.374,
1,80,0.083,0.265,0.405,0.573,0.708,0.872,1.016,1.171,1.309,1.462,1.613,1.783,1.915,2.082,2.209,2.400,2.536,2.714,2.900,3.029,3.194,3.388,3.517,3.714,3.863,4.066,4.215,4.401,4.540,4.715,4.863,5.032,5.197,5.363,5.518,5.679,5.847,5.992,6.168,6.308,6.518,6.834,6.988,7.144,7.315,7.519,7.657,7.820,7.984,8.159,8.314,
1,81,0.138,0.332,0.491,0.653,0.813,1.022,1.138,1.316,1.466,1.792,1.960,2.142,
1,82,0.051,0.216,0.527,0.672,0.850,0.997,1.160,1.356,1.501,1.656,1.826,2.027,2.185,2.356,2.516,2.646,2.793,3.099,3.267,3.428,3.611,3.772,3.967,4.147,4.290,4.473,4.664,4.868,5.051,5.401,5.587,5.951,6.294,6.648,6.984,
1,83,0.034,0.204,0.350,0.537,0.692,0.875,1.032,1.204,1.372,1.543,1.715,1.905,2.095,2.282,2.448,2.617,
1,84,0.038,0.182,0.356,0.736,0.898,1.053,1.225,1.398,1.552,1.740,1.915,2.079,2.452,2.649,2.784,2.970,3.106,3.292,3.461,3.616,3.785,4.149,4.362,4.492,4.701,4.853,5.039,5.211,5.365,5.539,5.716,5.900,6.027,6.223,6.376,6.564,6.740,6.901,7.084,7.242,7.438,7.597,7.771,7.915,8.091,8.268,8.410,8.589,8.931,9.078,9.268,9.414,9.571,9.742,9.926,10.098,10.269,
1,85,0.098,0.308,0.465,0.634,0.767,0.932,1.090,1.271,1.447,1.651,1.810,1.965,2.142,2.290,2.457,2.627,2.797,2.950,3.125,3.300,3.460,3.616,3.818,3.942,4.157,4.305,
1,86,0.088,0.263,0.403,0.578,0.780,0.937,1.089,1.247,1.409,1.557,1.736,1.873,2.048,2.218,
