0,1,0.041,0.243,0.455,0.655,0.860,1.055,1.263,1.499,1.700,1.920,2.125,2.327,2.535,2.737,2.953,3.162,3.364,3.562,3.766,3.968,4.177,4.398,4.605,4.801,5.015,5.226,5.430,5.648,5.850,6.049,6.265,6.470,6.668,6.899,7.076,7.288,7.477,7.676,7.899,8.099,8.312,8.519,8.718,8.919,9.116,9.314,9.496,9.711,9.905,10.105,
0,1,0.158,0.342,0.547,0.768,0.965,1.149,1.354,1.543,1.742,1.944,2.150,2.354,2.553,2.752,2.955,3.173,3.403,3.590,3.801,4.036,4.216,4.424,4.636,4.836,5.047,5.270,5.478,5.686,5.896,6.104,6.319,6.534,6.722,6.904,7.096,7.288,7.470,7.656,7.869,8.063,8.431,8.626,8.816,9.022,9.204,9.414,9.617,9.853,10.042,10.272,
0,1,,
0,1,0.401,0.586,0.804,1.018,
2,1,0.032,0.271,0.479,0.692,0.940,1.156,1.433,1.612,1.796,2.013,2.229,2.465,2.695,2.921,3.166,
2,2,0.212,0.463,0.677,0.917,1.164,1.401,1.626,
2,3,0.093,0.448,0.679,0.887,1.137,1.417,1.715,
2,4,0.279,0.552,0.813,
2,5,0.273,0.523,0.780,1.048,1.297,1.551,1.793,2.051,2.290,2.527,2.789,3.024,3.274,3.466,3.678,3.891,
2,6,0.247,
2,7,0.239,
2,8,0.194,0.512,0.895,1.243,1.576,2.012,2.328,2.608,2.876,3.110,
2,9,0.069,0.340,0.650,0.940,1.207,1.554,
2,10,0.295,0.592,0.854,1.070,1.333,1.568,1.784,
2,11,0.240,
2,12,0.104,0.404,0.672,0.961,1.235,1.478,1.709,1.958,2.204,2.422,2.678,2.914,3.163,
2,13,,
2,14,0.177,0.444,0.711,0.974,1.238,1.512,1.807,
2,15,0.180,0.444,0.689,0.951,1.209,1.457,1.739,1.999,2.251,2.523,2.751,2.998,3.232,
2,16,0.238,0.517,0.751,0.977,1.222,1.450,1.690,1.938,2.171,2.405,2.637,2.861,3.080,3.368,
2,17,0.236,0.490,0.734,
2,18,0.234,0.470,0.727,0.984,1.220,1.453,1.682,1.943,2.205,2.453,2.703,2.973,3.231,3.463,3.723,3.983,4.228,4.464,4.684,4.913,5.105,5.343,5.651,5.908,6.168,6.428,
2,19,0.400,0.766,1.017,1.240,1.493,1.767,1.991,2.454,
2,20,0.029,0.273,0.540,0.804,1.013,
2,21,,
2,22,0.175,0.424,0.680,0.899,1.123,1.353,1.574,1.820,
2,23,0.324,0.583,0.807,1.041,1.269,1.513,1.763,2.002,2.239,2.486,2.764,
2,24,0.266,0.563,
2,25,0.319,0.550,0.785,1.035,1.295,1.556,1.806,2.053,2.298,2.539,2.769,2.954,3.157,3.370,3.612,3.894,4.173,4.423,4.651,4.875,5.084,5.314,5.535,5.771,5.991,6.227,6.455,6.661,6.876,7.082,7.302,7.522,7.752,7.991,
2,26,,
2,27,0.151,0.398,0.620,0.858,1.079,1.306,1.530,1.771,
2,28,0.272,0.499,0.748,0.981,1.228,1.459,1.685,1.913,2.125,2.346,2.579,
2,29,0.305,0.543,0.767,1.022,1.260,1.481,1.719,1.969,2.195,2.446,2.666,2.897,3.148,3.394,3.644,3.894,4.122,4.356,4.576,
2,30,0.097,0.322,0.520,0.751,0.967,1.185,1.394,1.601,1.799,2.018,2.246,2.455,2.669,2.848,3.062,3.278,
2,31,0.140,0.356,0.592,0.810,1.043,1.273,1.507,1.740,1.973,2.216,2.460,2.704,2.957,3.180,3.421,3.605,3.836,4.035,
2,32,0.209,0.471,0.747,0.919,1.076,1.289,1.522,1.792,2.022,2.336,2.552,2.799,3.030,3.273,3.471,3.686,3.936,4.169,4.390,4.618,4.852,5.068,
2,33,0.273,0.523,0.750,1.023,
2,34,0.266,0.543,0.820,1.121,1.400,1.710,2.020,2.357,2.650,2.913,3.184,
2,35,0.226,0.515,0.741,1.037,1.314,1.570,1.846,2.121,2.403,2.725,2.975,3.266,3.516,
2,36,0.221,0.523,0.796,1.078,1.353,1.671,
2,37,0.102,0.418,0.646,0.913,1.166,1.418,1.699,1.972,2.212,2.463,2.742,3.014,3.264,3.514,3.776,4.055,4.340,
2,38,0.305,0.524,
2,39,0.474,0.719,0.969,1.209,1.527,1.782,2.081,2.319,2.591,2.849,3.101,3.335,3.542,3.743,3.958,4.196,4.476,4.769,4.942,5.176,5.415,5.614,
2,40,0.094,0.466,0.720,0.949,
2,41,0.408,0.670,0.984,1.282,1.588,1.866,2.137,2.416,2.686,2.977,3.271,
2,42,0.210,0.472,0.715,0.934,1.179,1.424,1.674,1.932,2.114,2.300,2.498,
2,43,0.279,0.556,0.796,1.063,1.303,1.551,1.801,2.023,2.273,2.535,2.725,2.923,3.304,
2,44,0.266,0.533,0.741,0.980,1.197,1.463,1.711,1.939,2.196,2.447,2.711,2.942,3.175,
2,45,0.208,0.497,0.929,1.109,
2,46,,
2,47,0.224,0.702,0.929,1.163,1.411,1.678,1.926,2.163,2.399,2.649,3.016,3.247,3.498,3.742,
2,48,0.102,0.392,0.595,0.873,1.146,1.343,1.526,1.745,
2,49,0.261,0.529,0.785,1.001,
2,50,0.065,0.299,
2,51,0.032,0.293,0.669,0.903,
2,52,0.333,0.647,0.866,1.147,1.376,1.647,1.897,2.148,2.398,2.624,2.874,3.115,
2,53,0.075,0.353,0.600,0.826,1.044,1.271,1.487,1.723,1.933,2.142,2.550,2.807,3.018,3.184,
2,54,0.118,0.400,0.650,0.900,1.095,1.325,1.610,1.900,2.173,2.435,2.687,2.967,3.220,3.462,3.700,
2,55,0.034,0.311,0.596,
2,56,0.191,0.461,0.782,1.059,1.272,1.539,
2,57,0.248,0.497,0.765,1.015,1.285,1.582,1.899,2.149,2.434,2.747,3.016,3.517,3.721,3.942,4.377,
2,58,0.174,0.438,
2,59,0.076,0.365,0.640,0.870,1.110,1.360,1.596,1.844,2.084,2.366,2.626,
2,60,0.302,0.542,0.742,0.979,1.207,1.453,1.698,1.975,2.324,2.533,2.720,2.914,
2,61,0.078,0.343,0.556,0.772,0.950,1.139,1.311,1.497,1.690,1.889,
2,62,0.208,0.442,0.657,0.835,1.029,1.244,1.418,1.607,
2,63,0.294,0.510,0.694,0.897,1.103,1.261,
2,64,0.201,0.424,0.602,0.822,1.167,1.400,1.566,1.751,1.932,2.088,
2,65,0.075,0.296,0.512,0.702,0.922,1.111,1.369,1.573,1.849,2.078,2.306,2.559,2.784,2.974,3.186,3.403,
2,66,0.142,0.392,0.612,0.840,1.053,1.286,1.526,1.744,1.974,2.195,2.427,2.605,2.780,2.972,3.156,3.340,3.527,3.727,
2,67,0.166,0.376,0.621,0.822,
2,68,0.086,0.349,0.817,1.041,1.273,1.517,1.784,2.017,2.241,
2,69,0.203,0.393,
2,70,0.216,0.471,0.688,0.903,1.117,1.319,1.548,1.784,1.994,
2,71,0.178,0.415,0.621,0.835,1.052,
2,72,0.187,0.425,0.627,0.850,1.081,1.289,1.515,1.712,1.899,2.055,
2,73,0.210,0.418,0.644,0.870,1.084,
2,74,0.066,0.321,0.547,0.760,0.959,1.178,1.371,1.598,1.812,2.029,
2,75,0.296,0.536,0.728,0.950,1.174,1.401,1.615,1.814,2.022,2.229,
2,76,0.240,0.520,0.744,0.998,1.206,1.415,1.613,1.825,
2,77,0.056,0.291,0.553,0.770,1.011,1.235,1.456,1.689,1.925,2.155,2.375,
2,78,0.270,0.472,0.687,
2,79,0.165,0.423,0.675,0.899,1.096,1.289,1.501,1.702,1.916,2.094,2.275,2.475,
2,80,0.040,0.273,0.475,0.650,0.875,1.168,1.344,
2,81,0.116,0.349,0.523,0.738,0.954,1.209,1.482,1.786,
2,82,0.219,0.460,0.709,0.952,1.144,1.411,1.654,1.894,2.215,
2,83,0.199,0.442,0.670,0.896,1.112,1.326,1.563,1.791,2.013,2.150,2.467,2.730,3.187,3.546,3.797,4.162,
2,84,0.271,0.518,0.698,0.936,1.193,1.422,1.638,1.845,
2,85,0.127,0.358,0.601,0.813,1.103,1.361,1.805,2.033,2.228,2.422,2.612,
2,86,0.029,0.232,0.481,0.681,0.918,1.164,1.396,1.623,1.845,2.073,
2,87,0.421,0.654,0.889,1.108,1.361,1.608,1.851,2.072,2.303,
2,88,0.110,0.387,0.637,0.868,1.091,1.313,1.548,1.771,1.980,
2,89,0.100,0.340,0.581,0.793,1.023,1.273,1.490,1.716,1.966,2.189,2.430,2.658,
2,90,0.212,0.433,0.636,0.850,1.071,
2,91,0.120,0.397,0.613,0.832,
2,92,0.264,0.514,
2,93,0.278,0.502,0.711,1.211,1.473,1.789,2.046,2.271,
2,94,0.026,0.293,0.536,
2,95,0.276,0.562,0.773,0.988,1.165,
2,96,0.140,0.356,0.582,0.796,1.027,
2,97,0.188,0.417,0.650,0.852,1.071,1.273,1.517,
2,98,0.166,0.399,0.623,0.822,1.034,1.248,1.456,1.665,1.874,2.073,
2,99,0.041,0.231,0.430,0.643,0.860,1.080,1.197,
2,100,0.202,0.440,0.705,0.929,1.147,1.347,1.548,1.768,
2,101,0.276,0.490,0.699,0.917,1.146,1.357,1.578,1.794,
2,102,0.090,0.320,0.532,0.746,
2,103,0.237,0.468,0.685,0.918,1.150,1.354,1.573,1.802,2.037,2.271,2.487,2.696,2.926,3.152,3.369,3.599,3.811,4.038,4.269,4.453,4.683,4.885,5.090,5.311,5.536,5.745,5.953,6.204,6.417,6.636,6.870,7.084,7.324,7.535,
2,104,0.325,0.558,0.773,0.985,1.203,1.406,1.610,1.831,
2,105,0.170,0.375,0.579,0.788,0.989,1.187,1.388,1.586,1.786,1.973,2.180,2.413,2.607,2.812,3.155,3.525,3.799,4.022,4.272,
2,106,0.073,0.309,0.532,0.724,0.935,1.166,1.401,1.620,1.841,2.069,2.293,2.518,2.778,3.102,3.427,3.722,
2,107,0.085,0.321,0.563,0.800,1.041,1.270,
2,108,0.121,0.351,0.578,0.811,1.034,1.276,1.490,1.697,1.923,2.143,2.328,2.561,
2,109,0.119,0.358,0.596,0.827,1.069,1.285,1.499,1.703,1.916,2.120,2.361,2.563,2.803,3.041,3.267,3.500,3.723,3.954,4.195,4.435,4.657,
2,110,0.218,0.454,0.675,
2,111,0.035,0.244,0.466,0.699,0.919,
2,112,0.222,0.483,0.698,0.938,1.179,1.415,1.650,1.852,2.083,2.279,2.498,2.746,3.034,3.285,3.499,
2,113,0.234,0.491,0.743,0.955,1.178,1.429,1.664,1.885,2.090,
2,114,0.173,0.409,0.647,0.872,1.095,1.320,1.539,1.752,1.993,
2,115,0.278,0.488,0.715,0.917,1.102,1.300,1.483,
2,116,0.140,0.349,0.570,0.771,0.973,
2,117,0.090,0.334,0.558,0.784,1.013,1.209,1.435,1.622,1.811,2.032,2.222,
2,118,0.039,0.290,0.523,0.750,0.985,1.211,
2,119,0.042,0.263,0.484,0.678,0.911,1.150,1.326,1.527,1.705,1.901,
2,120,0.033,0.252,0.488,0.713,0.929,1.150,1.374,1.597,1.813,
2,121,0.271,0.500,
2,122,0.334,0.541,0.723,0.931,1.140,1.367,1.583,1.794,2.032,2.299,2.727,
2,123,0.299,0.538,0.775,0.962,1.175,1.351,1.557,1.775,1.948,2.319,2.525,
2,124,0.048,0.267,0.461,0.663,0.884,1.071,1.277,1.483,1.673,
2,125,0.044,0.261,0.460,0.664,0.867,1.079,1.295,1.527,1.744,1.965,2.179,
2,126,0.149,0.373,0.610,0.822,1.040,1.266,1.478,1.701,
2,127,0.032,0.265,0.491,0.712,0.928,1.183,1.420,1.625,1.864,2.149,2.376,2.616,2.913,
2,128,0.035,0.269,0.519,
2,129,0.252,0.475,
2,130,0.082,0.321,0.533,0.774,0.993,1.212,1.433,1.641,
2,131,0.203,0.413,0.624,0.840,1.062,1.289,1.518,1.717,1.908,2.134,2.356,2.805,3.268,3.706,4.150,
2,132,0.283,0.518,0.727,0.929,1.145,1.349,1.558,1.752,1.971,2.223,2.454,2.684,2.949,3.386,3.777,4.020,4.237,4.483,4.702,5.121,
2,133,0.274,0.537,0.813,1.063,1.326,1.576,
2,134,0.045,0.342,0.588,
2,135,0.274,0.520,0.796,
2,136,0.280,0.571,0.804,1.053,1.270,1.520,1.744,
2,137,0.044,0.304,0.542,0.775,0.996,1.227,1.455,1.669,1.907,
2,138,0.069,0.399,0.658,0.887,1.124,1.373,1.623,1.894,2.135,2.385,2.624,2.886,3.119,3.374,3.620,3.852,4.105,4.367,
2,139,0.221,0.517,0.767,0.998,1.234,1.464,1.690,1.918,2.136,2.373,
2,140,0.188,0.455,0.691,0.944,1.169,1.409,1.615,1.895,2.145,2.395,2.645,2.895,
2,141,0.266,0.516,0.733,0.961,1.177,1.420,1.650,1.900,2.122,2.350,
2,142,0.218,0.428,0.660,
2,143,0.044,0.303,0.546,0.774,0.991,1.221,1.467,1.707,1.950,2.200,2.448,2.705,
2,144,0.212,0.483,0.701,0.936,1.143,1.364,1.610,1.809,2.034,2.273,2.493,2.692,2.937,3.160,3.368,
2,145,0.178,0.431,0.664,0.897,1.119,
2,146,0.114,0.360,0.602,0.802,
2,147,0.245,0.487,
2,148,0.079,0.327,0.530,0.747,0.990,1.211,1.442,1.658,1.874,2.090,2.406,2.648,2.909,3.219,3.477,
2,149,0.219,0.519,
2,150,0.243,0.539,
2,151,0.291,0.542,0.797,1.067,1.340,1.587,1.822,
2,152,0.065,0.470,0.692,0.938,1.173,1.402,1.649,1.849,
2,153,0.296,0.524,0.764,0.988,1.231,1.459,1.692,1.908,2.122,2.319,
2,154,0.213,0.491,0.730,0.975,1.213,1.439,1.684,1.917,2.158,2.412,
2,155,0.033,0.400,
2,156,0.036,0.324,0.565,0.793,1.023,1.270,1.517,
2,157,0.238,0.495,0.728,0.964,1.216,1.452,1.673,
2,158,0.066,0.429,
2,159,0.197,0.435,0.659,0.896,1.122,1.365,1.615,1.897,2.150,2.514,
2,160,0.050,0.304,0.568,0.817,1.050,1.277,1.534,1.767,1.996,2.268,2.462,2.655,3.101,
2,161,,
2,162,0.148,0.416,0.648,0.856,1.064,1.272,1.515,1.743,2.015,2.249,2.477,2.703,
2,163,0.090,0.320,0.574,0.816,1.083,
2,164,0.029,0.316,0.555,0.799,1.031,1.242,1.460,1.693,1.936,2.159,2.401,2.614,2.825,
2,165,0.298,0.551,0.772,1.022,1.207,
2,166,0.147,0.375,0.608,0.818,1.043,1.271,1.497,1.726,1.947,2.186,2.398,2.626,2.870,3.093,
2,167,0.272,0.561,0.772,
2,168,0.101,0.362,0.607,0.837,1.075,1.314,1.580,1.823,2.066,2.343,
2,169,0.126,0.376,0.641,0.891,1.119,1.365,1.625,
2,170,0.072,0.339,0.599,0.852,1.086,1.335,1.576,
2,171,0.208,0.453,0.706,0.938,1.181,1.478,1.729,1.971,2.216,2.427,
2,172,0.203,0.443,0.694,0.945,1.160,1.451,1.711,1.951,2.203,2.486,
2,173,0.167,0.412,0.643,0.874,1.119,1.353,1.593,1.853,
2,174,0.243,0.394,0.622,0.847,1.034,1.241,1.462,1.724,
2,175,0.269,0.500,0.746,0.984,1.220,1.450,1.686,1.945,2.174,
2,176,0.217,0.466,0.687,0.895,1.125,1.344,1.542,1.746,1.941,2.152,
2,177,0.175,0.413,0.660,0.897,1.119,1.347,1.575,1.793,1.991,
2,178,0.033,0.273,0.502,0.736,0.990,
2,179,0.170,0.396,0.612,0.815,1.027,1.209,1.413,1.612,1.808,
2,180,0.212,0.430,0.651,0.843,1.064,1.271,1.460,1.676,1.864,2.060,2.555,
2,181,0.160,0.464,0.693,0.911,1.146,1.359,1.574,1.794,1.992,2.230,
2,182,,
2,183,0.096,0.335,0.587,0.830,1.270,1.454,1.654,1.910,2.157,2.411,2.678,2.894,3.108,
2,184,0.120,0.370,0.597,0.844,1.069,1.276,1.461,1.662,1.877,2.097,2.308,2.522,2.780,3.046,3.314,3.527,3.709,
2,185,0.273,0.517,0.747,0.978,1.238,1.517,1.746,2.017,2.326,2.671,3.018,3.420,3.803,4.149,
2,186,0.151,0.424,0.718,0.963,1.250,1.519,1.800,2.073,2.337,2.609,2.901,
2,187,0.176,0.519,0.770,1.024,1.320,1.610,1.943,2.177,2.459,2.722,
2,188,0.148,0.440,0.741,1.018,1.331,1.601,1.933,
2,189,0.368,0.649,0.916,
2,190,,
2,191,0.060,0.288,0.541,0.785,1.049,1.295,1.533,1.803,2.064,
2,192,0.264,0.514,0.736,0.986,1.238,1.533,1.843,2.110,2.399,2.668,3.019,3.458,3.817,
2,193,0.060,0.343,0.584,0.841,1.121,1.399,1.652,
2,194,0.222,0.492,0.739,0.999,1.290,1.547,1.800,2.079,2.330,2.597,2.847,
2,195,0.092,0.449,0.699,0.957,1.267,1.542,1.787,
2,196,0.214,0.455,0.690,0.933,
2,197,0.124,0.366,0.604,0.876,1.146,1.396,1.613,1.843,
2,198,0.177,0.409,0.640,0.866,1.092,1.342,1.574,1.796,1.998,
2,199,0.037,0.341,0.580,0.839,1.092,1.354,1.600,1.871,2.121,2.395,2.638,
2,200,0.047,0.306,0.540,
2,201,0.335,0.581,0.802,1.031,1.275,1.499,1.743,1.968,2.201,
2,202,0.273,0.535,0.783,1.000,1.273,1.500,1.728,
