0,1,0.148,0.398,0.648,0.940,1.180,1.398,1.697,1.939,2.198,2.476,2.748,3.016,3.350,3.570,3.766,4.090,4.369,4.648,4.934,5.222,5.520,5.787,6.049,6.355,6.627,6.916,7.178,7.453,7.730,8.018,8.290,8.567,8.844,9.145,
0,1,0.373,0.589,0.837,1.062,1.329,1.568,1.825,2.070,2.323,2.588,2.816,3.041,3.341,3.549,3.780,4.020,4.270,4.494,4.746,4.962,5.193,5.442,5.675,5.916,6.150,6.391,6.614,6.845,7.083,7.316,7.553,7.778,8.022,8.240,8.465,8.700,8.935,9.161,9.403,9.657,9.901,10.123,10.342,
0,1,0.222,0.450,0.667,0.873,1.086,1.325,1.543,1.768,1.975,2.213,2.446,2.694,2.932,3.165,3.400,3.636,3.862,4.105,4.331,
0,1,0.090,0.326,0.576,0.799,1.034,1.282,1.499,1.732,1.965,2.215,2.451,2.686,2.914,3.162,3.412,3.635,3.886,4.108,4.339,4.578,4.814,5.036,5.235,
2,1,0.192,0.428,0.680,0.906,1.146,1.334,1.589,1.801,2.058,2.273,2.548,2.793,3.046,3.295,3.514,3.745,3.995,4.214,4.468,4.670,4.935,5.151,5.405,5.648,5.902,6.114,6.420,6.668,6.918,7.166,7.409,7.821,7.983,8.273,8.501,8.786,9.016,9.270,9.516,9.770,10.020,10.267,10.489,10.782,11.034,11.267,11.492,11.727,11.955,12.218,
2,2,0.286,0.650,1.026,1.408,1.770,2.141,2.530,2.911,3.298,3.717,4.084,4.440,4.822,5.179,5.555,5.925,6.269,6.636,7.019,7.386,7.736,8.118,
2,3,0.268,0.616,0.946,1.285,1.645,1.983,2.335,2.674,3.032,3.386,3.744,4.113,4.497,
2,4,0.339,0.684,1.044,1.377,1.691,2.022,2.389,2.729,3.075,3.421,3.752,4.108,4.441,4.802,5.171,5.500,5.837,6.180,6.574,6.898,7.241,7.614,7.958,8.297,8.663,8.999,9.371,9.704,10.046,10.400,10.767,11.099,11.459,11.811,12.144,12.510,12.866,13.210,13.578,
2,5,0.265,0.648,0.952,1.300,1.623,1.958,2.308,2.659,3.016,3.400,3.724,4.066,4.423,4.787,5.134,5.460,5.831,6.205,6.538,6.907,7.275,7.674,8.046,
2,6,0.297,0.640,0.980,1.332,1.690,2.053,2.405,2.774,3.119,3.479,3.821,4.166,4.525,4.892,5.259,5.613,5.976,
2,7,0.322,0.679,0.978,1.303,1.648,1.993,
2,8,0.206,0.653,0.986,1.316,1.621,1.950,2.285,
2,9,0.242,0.572,0.889,1.210,1.550,1.910,2.277,2.640,2.972,3.342,3.685,4.055,4.401,4.742,5.091,5.467,5.814,6.162,6.509,6.827,7.182,7.493,7.830,8.166,8.517,8.862,9.214,9.560,9.906,
2,10,0.272,0.603,0.932,1.272,1.596,1.948,2.336,2.674,3.023,3.351,3.684,4.027,4.394,4.718,5.053,5.401,5.749,6.072,6.411,6.775,7.122,7.450,7.785,8.123,
2,11,0.267,0.591,0.901,1.200,1.532,1.892,2.242,2.570,2.890,3.206,3.519,3.862,4.180,4.519,4.836,5.165,5.483,5.790,6.137,6.458,6.839,7.156,7.550,7.888,8.194,8.543,8.888,9.207,9.551,9.905,
2,12,0.289,0.650,0.983,1.333,1.668,2.018,2.360,2.705,3.050,3.387,3.715,4.051,4.393,4.717,5.019,5.350,5.685,6.023,6.362,6.700,7.020,7.361,7.679,8.002,8.354,8.684,9.042,9.372,9.712,10.053,
2,13,0.217,0.542,0.842,1.092,1.334,1.659,1.971,2.300,
2,14,0.269,0.649,1.029,1.367,1.745,2.054,2.400,2.721,3.069,3.406,3.724,4.040,
2,15,0.261,0.606,0.914,1.235,1.581,1.917,2.248,
2,16,0.266,0.582,0.920,1.234,1.583,1.912,2.242,2.574,2.909,3.263,3.575,3.910,4.247,4.597,4.922,5.264,5.600,5.915,
2,17,0.240,0.553,0.865,1.204,1.550,1.873,2.200,2.527,2.872,3.225,3.546,3.885,4.232,4.611,4.902,5.228,5.573,5.893,6.238,6.603,7.088,7.372,7.666,7.871,8.069,
2,18,0.427,0.730,0.997,1.242,1.533,1.848,2.135,
2,19,0.296,0.556,0.843,1.150,1.432,1.767,2.064,2.401,2.737,2.978,3.211,3.405,3.652,3.875,4.165,4.412,4.686,4.937,5.197,5.434,5.684,5.944,6.230,6.494,6.794,7.241,7.452,7.625,7.822,8.020,8.218,
2,20,0.345,0.804,1.059,1.297,1.562,1.843,2.126,2.394,2.621,2.912,3.173,3.519,3.786,4.043,4.335,4.697,5.040,5.372,5.731,6.078,6.417,
2,21,0.172,0.360,0.566,0.799,1.036,1.232,1.445,1.646,1.866,2.076,2.287,2.496,2.680,2.918,3.137,3.346,3.543,3.771,3.978,4.203,4.415,4.622,4.837,5.038,5.239,5.456,5.668,5.889,6.090,6.329,6.522,6.727,6.931,7.176,7.370,7.568,7.785,8.023,8.213,8.422,8.640,8.849,9.074,9.283,9.483,9.687,9.955,10.274,10.655,10.996,11.350,11.739,12.122,12.579,
2,22,0.112,0.394,0.728,1.067,1.370,1.651,1.991,2.314,2.645,2.972,3.295,3.646,3.962,4.269,4.614,4.966,5.269,5.623,5.994,6.361,6.699,7.014,7.338,7.657,8.021,8.324,8.675,9.064,9.445,9.792,10.149,
2,23,0.232,0.516,0.843,1.150,1.491,1.809,2.100,2.466,2.771,3.103,3.442,3.751,4.114,4.441,4.775,5.114,5.492,5.837,6.180,
2,24,0.242,0.571,0.914,1.273,1.588,1.934,2.273,2.614,2.920,3.241,3.610,3.945,4.309,
2,25,0.373,0.681,0.968,1.247,1.540,1.861,2.164,2.446,2.784,3.092,3.447,3.767,4.059,4.401,4.872,5.162,5.462,5.772,6.082,6.418,6.743,7.058,7.410,
2,26,0.243,0.523,0.748,0.989,1.233,1.484,1.724,2.024,2.274,2.524,2.746,3.025,3.299,3.654,3.907,4.169,4.408,4.699,4.892,5.142,5.374,5.786,5.990,6.172,6.330,6.719,6.949,7.143,7.393,7.590,7.845,8.074,8.321,8.574,8.843,9.118,9.411,9.686,10.023,10.313,10.670,10.998,11.349,11.679,12.041,
2,27,0.156,0.387,0.668,0.949,1.222,1.498,1.743,2.036,2.278,2.587,2.821,3.086,3.331,3.617,3.877,4.193,4.497,4.776,5.023,5.295,5.557,5.802,6.055,6.329,6.589,6.850,7.105,7.362,7.618,7.918,8.204,8.494,8.727,8.986,9.227,9.542,9.797,10.084,10.364,10.694,10.986,11.376,11.739,12.146,
2,28,0.222,0.537,0.820,1.116,1.374,1.672,1.914,2.182,2.428,2.724,3.001,3.284,3.569,3.898,4.148,4.413,4.686,4.962,5.266,5.526,5.790,6.097,6.341,6.611,6.874,7.194,7.461,7.767,8.029,8.364,8.651,8.937,9.206,9.462,9.749,10.050,10.312,10.613,10.935,11.275,11.599,12.025,
2,29,,
2,30,0.291,0.463,0.697,0.945,1.153,1.360,1.547,2.001,2.225,2.424,2.642,2.892,3.275,3.486,3.716,3.941,4.208,4.432,4.626,4.893,5.009,5.236,5.478,5.658,5.848,6.061,6.282,
2,31,0.314,0.598,0.871,1.147,1.417,1.686,1.943,2.220,2.487,2.733,2.993,3.264,3.516,3.785,4.048,4.310,4.598,4.852,5.119,5.370,5.646,5.896,6.117,6.366,6.671,6.921,7.174,7.446,7.685,7.914,8.192,8.472,8.716,8.951,9.192,9.459,9.694,9.964,10.183,10.461,10.724,10.964,11.251,11.482,11.715,11.963,12.179,12.453,12.718,12.956,13.228,13.478,13.726,13.993,14.219,
2,32,0.262,0.482,0.737,1.024,1.279,1.513,1.773,2.044,2.311,2.565,2.843,3.098,3.345,3.583,3.845,4.148,4.401,4.655,4.945,5.202,5.475,5.750,6.015,6.279,6.552,6.797,7.091,7.377,7.649,7.899,8.153,8.436,8.718,8.984,9.267,9.517,9.767,10.037,10.294,10.517,10.804,11.061,11.307,11.547,11.792,
2,33,0.244,0.535,0.875,1.225,1.525,1.776,2.036,2.317,2.553,2.805,3.061,3.311,3.578,3.804,4.052,4.328,4.549,4.789,5.036,5.295,5.520,5.761,6.011,6.261,6.518,6.714,6.967,7.238,7.481,7.735,7.976,8.199,8.465,8.702,8.935,9.152,9.396,9.646,9.869,10.103,10.396,10.661,10.865,10.916,11.191,11.482,11.729,11.957,12.271,12.563,
2,34,0.244,0.483,0.739,1.016,1.266,1.493,1.748,2.017,2.243,2.496,2.739,2.972,3.234,3.421,3.675,3.938,4.176,4.421,4.676,4.885,5.152,5.376,5.618,5.885,6.165,
2,35,0.332,0.584,0.849,1.144,1.441,1.711,1.980,2.272,2.559,2.838,3.139,3.416,3.691,3.957,4.203,4.494,4.773,5.046,5.309,5.565,5.852,6.075,6.359,6.612,6.890,7.144,7.377,7.619,7.906,8.151,8.435,8.719,8.970,9.200,9.487,9.725,10.025,10.249,
2,36,0.334,0.577,0.829,1.077,1.354,1.642,1.913,2.333,2.617,2.893,3.143,3.393,3.665,3.897,4.117,4.376,
2,37,0.266,0.572,0.827,1.283,1.553,1.801,2.048,2.284,2.561,2.796,3.061,3.316,3.566,3.802,4.040,4.300,4.599,4.856,5.101,5.354,5.609,5.842,5.985,6.297,6.573,6.869,6.992,7.308,
2,38,0.037,0.263,0.594,0.894,1.081,1.282,1.450,1.645,1.817,2.051,
2,39,,
2,40,0.250,0.442,0.650,1.045,
2,41,0.136,0.324,0.527,0.770,1.020,1.248,1.520,1.795,2.020,2.295,
2,42,0.304,0.500,0.717,0.931,1.163,1.367,1.612,1.844,2.101,2.327,2.548,2.852,3.116,3.328,3.580,3.801,4.046,4.249,4.510,4.714,4.957,5.143,5.394,5.644,5.865,6.118,6.353,6.594,6.853,7.079,7.348,7.679,7.873,8.145,8.376,8.598,8.856,9.074,9.338,9.555,10.012,10.420,
2,43,0.490,0.702,0.919,1.122,1.342,
2,44,0.139,0.339,0.538,0.768,0.944,1.152,1.349,1.567,1.786,1.972,2.201,2.519,2.977,3.162,3.335,3.702,3.870,4.039,4.206,4.361,4.532,4.719,4.903,5.091,5.283,5.462,5.641,5.812,5.967,6.137,6.295,6.463,6.638,6.795,6.953,7.048,7.240,7.404,7.563,7.726,7.888,8.053,8.228,8.388,8.549,8.738,8.908,9.083,9.272,9.435,9.610,9.790,9.961,10.122,10.285,10.455,10.611,10.773,10.934,11.104,11.293,11.451,11.640,11.798,12.051,
2,45,0.292,0.705,1.091,1.279,1.496,1.680,1.961,2.198,2.393,2.602,2.796,2.976,3.167,3.357,3.536,3.735,3.925,4.081,
2,46,0.290,0.488,0.665,0.853,1.081,1.278,1.440,1.617,1.829,2.037,2.195,2.358,2.606,2.802,2.936,3.096,3.316,3.491,3.796,3.990,4.230,4.427,4.622,
2,47,0.216,0.486,0.712,0.953,1.184,1.413,1.647,1.888,2.114,2.328,2.575,2.811,3.049,3.296,3.522,3.741,3.985,4.211,4.421,4.668,4.889,5.115,5.339,5.572,5.795,6.033,6.273,6.523,6.737,6.971,7.188,7.423,7.656,7.890,8.089,8.335,8.531,8.788,8.994,9.218,9.421,9.661,9.895,10.104,10.307,10.508,10.744,10.999,11.175,11.441,11.642,12.104,
2,48,0.107,0.273,0.401,0.573,0.706,0.861,1.023,1.162,1.339,1.523,1.689,1.855,1.995,2.179,2.351,2.548,2.728,2.894,3.065,3.241,3.405,3.581,3.774,3.930,4.105,4.274,4.489,4.690,4.860,5.056,5.203,5.375,5.550,5.720,5.892,6.070,6.243,
2,49,0.310,0.577,0.897,1.154,1.438,1.688,1.963,2.216,2.495,2.768,3.021,3.294,
2,50,0.302,0.582,0.859,1.119,1.387,1.664,1.959,2.199,2.485,2.771,3.058,3.289,3.539,3.816,4.085,4.349,4.615,4.889,5.174,5.441,5.734,5.985,6.238,6.480,6.746,7.023,7.291,7.549,7.820,8.093,8.351,8.578,8.872,9.173,9.406,9.668,9.911,10.161,
2,51,0.207,0.428,0.744,0.978,1.267,1.532,1.809,2.035,2.354,2.647,2.964,3.249,3.569,3.927,4.231,4.561,4.870,5.225,5.515,5.849,6.191,6.553,6.899,7.215,7.534,7.900,8.211,8.541,8.900,9.226,9.532,9.915,10.239,10.530,10.842,11.201,11.518,11.859,12.228,12.589,12.952,13.311,13.636,14.071,14.411,14.809,15.288,
2,52,0.067,0.422,0.774,1.100,1.432,1.801,2.201,2.587,2.952,3.346,3.744,4.149,4.520,
2,53,0.418,0.893,1.200,1.608,2.062,2.511,2.974,3.419,3.829,4.280,4.708,5.110,5.528,5.902,6.321,
2,54,0.220,0.569,0.950,1.337,1.713,2.045,2.439,2.791,3.165,3.496,3.893,4.260,4.644,5.017,5.404,5.737,6.123,6.480,6.844,7.209,7.536,7.792,8.160,8.522,8.902,9.296,9.653,10.013,10.426,10.799,11.223,11.667,12.081,
2,55,0.330,0.696,1.046,1.425,1.784,2.148,2.515,2.836,3.205,3.560,3.899,4.283,4.619,4.980,5.323,5.684,6.049,6.407,6.767,7.229,7.559,7.901,8.251,8.594,8.946,9.268,9.557,9.966,
2,56,,
2,57,0.059,0.184,0.329,0.461,0.604,0.742,0.894,1.051,1.199,1.347,1.493,1.638,1.786,1.946,2.100,2.269,2.417,2.576,2.734,2.886,3.026,3.202,3.376,3.537,3.689,3.838,4.020,4.180,4.337,4.501,4.640,4.813,4.971,5.144,5.305,5.460,5.604,5.774,5.943,6.109,6.286,6.451,6.614,6.784,6.954,7.138,7.304,7.475,7.656,7.949,8.156,8.319,8.492,8.669,9.023,9.247,9.523,9.773,10.096,10.478,10.933,
2,58,0.273,0.651,1.023,1.367,1.721,2.102,2.437,2.792,3.148,3.492,3.836,4.184,4.525,4.842,5.157,5.495,5.827,6.173,6.478,6.821,7.143,7.464,7.794,8.144,
2,59,0.401,0.767,1.050,1.384,1.715,2.052,2.376,2.716,3.019,3.357,3.691,4.043,4.386,4.681,5.019,5.350,5.680,6.020,6.371,6.710,7.030,7.366,7.702,8.063,8.388,8.732,9.069,9.425,9.784,10.139,10.474,10.874,11.238,11.569,11.914,12.241,12.613,12.900,13.273,13.640,14.024,14.337,14.667,15.024,15.340,15.668,16.001,
2,60,0.466,0.776,1.048,1.303,1.550,1.798,2.047,2.291,2.548,2.801,3.056,3.311,3.590,3.877,4.145,4.413,4.671,4.941,5.247,5.525,5.800,6.104,6.368,6.652,6.917,7.180,7.445,7.741,8.027,8.289,8.583,8.897,
2,61,0.324,0.514,0.795,1.017,1.192,1.449,1.647,1.877,2.047,2.210,2.367,2.658,2.809,3.043,3.212,3.398,3.542,3.790,3.965,4.149,4.320,
2,62,0.269,0.445,0.668,0.853,1.027,1.182,1.341,1.490,1.644,1.894,2.020,2.173,2.323,2.484,2.627,2.894,3.042,3.191,3.395,3.562,3.703,3.924,4.079,4.226,4.377,4.526,4.665,4.969,5.127,5.276,5.488,5.646,5.802,5.962,6.118,6.262,6.415,6.574,6.739,6.896,7.063,7.343,7.625,7.873,8.181,
2,63,0.402,0.545,0.697,0.849,1.002,1.272,1.399,1.649,1.769,1.919,2.068,2.230,2.347,2.605,2.752,2.900,3.056,3.207,3.357,3.500,3.657,3.816,3.983,4.141,4.289,4.457,4.614,4.771,4.938,5.096,5.353,5.669,5.919,6.060,6.317,6.465,6.635,6.932,7.085,7.407,7.543,7.686,7.859,8.029,8.181,8.345,8.519,8.662,8.831,8.988,9.145,9.306,9.461,9.610,10.020,10.302,10.589,10.870,11.045,11.341,11.597,11.739,11.891,12.051,12.203,
2,64,0.351,0.518,0.652,0.808,0.956,1.107,1.269,1.395,1.543,1.710,1.903,2.226,2.476,2.674,2.823,2.979,3.126,3.286,3.488,3.770,4.064,4.331,4.658,4.957,5.246,5.538,5.689,5.977,6.329,6.476,6.621,6.778,6.937,7.100,7.247,7.412,7.701,7.977,8.142,8.435,8.682,8.841,8.997,9.159,9.319,9.470,9.639,9.773,10.040,10.321,10.470,10.773,11.109,11.273,11.420,11.577,11.738,11.897,12.056,12.216,
2,65,0.366,0.689,0.841,1.023,1.176,1.342,1.499,1.670,1.840,1.993,2.163,2.330,2.592,2.774,2.989,3.156,3.326,3.489,3.653,3.965,4.120,4.285,4.460,4.623,4.790,4.955,5.104,5.258,5.424,5.599,5.776,5.912,6.199,6.519,6.699,6.859,7.030,7.190,7.459,7.619,7.897,8.076,8.338,8.617,8.897,9.059,9.260,9.426,9.586,9.749,9.911,10.078,10.261,10.426,10.588,10.775,10.968,11.145,11.292,11.569,11.902,12.177,12.469,12.645,12.927,13.262,13.423,13.585,13.920,
2,66,0.109,0.275,0.420,0.581,0.742,0.904,1.059,1.235,1.404,1.642,1.805,2.000,2.188,2.392,2.567,2.743,2.937,3.126,3.324,3.492,3.675,3.847,4.022,4.299,4.465,4.736,4.984,5.143,5.307,5.485,5.663,5.845,6.023,6.176,6.496,6.778,6.961,7.288,7.591,7.773,8.114,8.296,8.497,8.652,8.966,9.229,9.446,9.687,9.920,10.088,10.274,
2,67,0.366,0.530,0.690,0.854,1.024,1.186,1.352,1.521,1.674,1.840,2.022,2.183,2.340,2.522,2.690,2.864,3.022,3.314,3.486,3.651,3.961,4.155,4.603,4.773,4.994,5.273,5.444,5.614,5.785,5.968,6.143,6.317,6.500,6.672,6.852,7.049,7.224,7.397,7.549,7.843,8.058,8.249,8.455,8.622,8.933,9.219,9.395,9.613,9.795,9.962,10.208,10.502,10.659,10.841,11.026,11.206,11.412,11.590,11.776,11.937,12.117,12.313,12.493,12.673,12.841,13.002,13.168,13.442,13.794,14.103,14.422,
2,68,0.386,0.523,0.793,0.937,1.096,1.249,1.405,1.545,1.699,1.868,2.020,2.159,2.319,2.469,2.637,2.809,2.980,3.137,3.295,3.454,3.611,3.774,3.935,4.102,4.271,4.417,4.587,4.771,4.914,5.072,5.231,5.401,5.576,5.772,5.938,6.139,6.294,6.451,6.681,6.933,7.108,7.285,7.448,7.616,7.790,7.949,8.116,8.442,8.773,8.927,9.202,9.488,9.653,9.838,10.024,10.173,10.348,10.524,10.682,10.975,11.275,11.448,11.727,12.045,12.218,12.395,12.582,12.775,12.929,13.109,13.271,13.584,13.783,13.978,14.179,14.365,14.553,14.731,14.913,15.085,15.267,15.464,15.658,15.848,16.042,16.260,
2,69,,
2,70,0.153,0.318,0.472,0.650,0.776,0.939,1.248,1.430,1.603,1.780,2.090,2.226,2.410,2.585,2.743,2.906,3.059,3.238,3.423,3.618,3.908,4.037,4.201,4.292,4.421,4.768,4.995,5.206,5.502,5.769,6.167,6.293,6.449,6.609,6.776,6.943,7.109,7.279,7.459,7.636,7.816,7.988,8.189,
2,71,0.279,0.476,0.669,0.898,1.105,1.335,1.576,1.797,2.035,2.251,2.428,2.661,3.040,3.227,3.433,3.656,3.899,4.114,4.399,4.603,4.823,5.058,5.350,5.610,5.842,6.081,6.341,6.600,
2,72,,
2,73,0.215,0.377,0.580,0.794,0.971,1.165,1.657,1.779,1.979,2.151,2.284,2.450,2.620,2.797,2.972,3.112,3.405,3.603,3.748,3.920,4.090,4.229,
2,74,0.108,0.254,0.394,0.771,0.933,1.092,1.271,1.402,1.536,1.700,1.843,2.001,2.163,2.330,2.494,2.645,2.814,2.997,3.177,3.355,3.553,3.772,3.933,4.174,
2,75,0.239,0.400,0.583,0.772,0.919,1.098,1.249,1.419,1.595,1.778,2.068,2.245,2.397,2.565,2.785,2.976,3.148,3.332,3.515,3.695,3.915,4.098,4.289,4.522,4.683,4.865,5.079,5.265,5.448,5.649,5.980,6.149,6.324,6.495,6.682,6.866,7.041,7.216,7.403,7.592,7.771,7.956,8.118,8.289,8.457,8.650,8.804,8.971,9.152,9.311,9.484,9.641,9.819,10.168,10.348,10.521,10.723,10.901,11.025,11.268,11.424,11.608,11.810,11.996,12.201,12.377,12.561,12.944,13.119,13.284,13.478,13.657,13.836,14.020,14.189,14.386,14.559,14.743,14.943,15.113,15.299,15.520,15.890,
2,76,0.082,0.197,0.367,0.500,0.646,0.806,0.959,1.116,1.272,1.445,1.615,1.779,1.938,2.106,2.266,
2,77,0.220,0.353,0.499,0.656,0.821,0.985,1.150,1.334,1.498,1.674,1.851,2.017,2.175,2.344,2.542,2.705,2.886,3.056,3.235,3.433,3.617,3.801,3.977,4.154,4.331,4.518,4.701,4.885,5.094,5.224,5.451,5.645,5.836,5.993,6.218,6.411,6.607,6.834,7.029,7.222,7.408,7.605,7.815,8.204,8.410,8.637,8.839,9.118,9.280,9.484,9.704,9.942,10.164,10.360,10.601,10.845,11.021,11.220,11.480,11.699,11.871,12.086,12.361,12.556,12.783,13.239,
2,78,0.369,0.585,0.764,0.922,1.101,1.295,1.539,1.713,1.898,2.090,2.289,2.482,2.673,2.875,3.047,3.210,3.399,3.572,3.769,3.958,4.149,4.325,4.493,4.672,4.838,5.000,5.156,5.317,5.653,5.828,6.017,6.199,6.400,6.537,6.712,6.911,7.108,7.307,7.517,7.702,7.884,8.052,8.224,8.418,8.591,8.768,8.934,9.152,9.327,9.518,9.698,9.887,10.082,10.296,10.466,10.657,10.874,11.093,11.279,11.479,11.704,11.859,12.076,12.273,
2,79,0.444,0.585,0.763,1.107,1.266,1.445,1.646,1.809,2.032,2.150,2.319,2.491,2.674,2.844,3.014,3.189,3.380,3.547,3.728,3.959,4.096,4.281,4.486,4.677,4.850,5.015,5.197,5.398,5.593,5.765,5.972,6.158,6.343,6.515,6.710,6.902,7.119,7.332,7.516,7.698,7.909,8.107,8.318,8.516,8.686,8.869,9.056,9.240,9.469,9.675,9.900,10.120,10.321,10.542,10.767,10.994,11.215,11.432,11.656,11.901,12.319,12.593,12.768,12.984,13.236,13.441,13.652,14.073,
2,80,0.246,0.403,0.555,0.719,0.864,1.013,1.161,1.317,1.470,1.647,1.808,1.948,2.115,2.307,2.497,2.694,2.867,3.079,3.264,3.459,3.699,3.949,4.148,
2,81,0.266,0.426,0.582,0.749,0.923,1.104,1.280,1.456,1.649,1.820,2.023,2.233,2.459,2.672,2.860,3.071,3.277,3.517,3.731,3.923,4.123,4.346,4.545,4.751,4.923,5.108,5.304,5.518,5.902,6.072,6.268,
2,82,0.327,0.516,0.649,0.802,0.915,1.102,1.283,1.414,1.741,1.906,2.072,2.241,
2,83,,
2,84,0.047,0.214,0.403,0.560,0.729,0.903,1.074,1.215,1.366,1.524,1.700,1.858,2.027,2.185,2.368,2.540,2.723,2.902,3.069,3.250,3.424,3.619,3.793,4.142,4.342,4.509,4.704,4.874,5.240,5.425,5.643,5.851,6.012,
2,85,0.397,0.563,0.730,0.857,1.067,1.264,1.419,1.601,1.771,1.949,2.069,2.296,2.464,2.648,2.834,3.027,3.148,3.398,3.606,3.807,3.947,4.183,4.399,4.597,4.766,5.082,5.315,5.485,5.736,6.020,
2,86,0.402,0.560,0.702,0.862,1.019,1.200,1.365,1.550,1.913,2.064,2.266,2.477,2.666,2.843,3.013,3.275,3.453,3.647,3.847,4.014,4.217,4.607,4.768,4.963,5.182,5.348,5.532,5.739,5.966,6.185,6.368,6.711,6.915,7.317,7.463,7.730,7.975,8.205,8.458,8.728,9.199,9.439,9.684,10.080,
2,87,0.247,0.430,0.561,0.736,0.886,1.029,1.319,1.494,1.651,2.049,2.182,2.452,2.620,2.770,2.942,3.104,3.274,3.440,3.621,3.945,4.153,4.339,4.521,4.771,4.966,5.138,5.438,5.622,5.772,6.032,6.197,6.345,6.642,6.865,7.225,7.396,7.569,7.773,7.943,8.121,8.312,8.530,8.718,8.929,9.119,9.322,9.523,9.774,9.991,10.234,10.469,10.734,10.988,11.274,11.546,11.845,12.162,12.477,12.775,13.142,13.468,13.919,14.194,14.519,14.932,15.311,
2,88,0.098,0.265,0.409,0.581,0.765,0.926,1.062,1.225,1.409,1.599,1.733,2.058,2.235,2.406,2.597,2.766,2.932,3.105,3.311,3.529,3.949,4.143,4.338,4.566,4.767,4.962,5.166,5.357,5.537,5.768,6.018,6.191,6.402,6.616,6.821,7.048,7.293,7.497,7.742,7.965,8.199,8.429,8.653,8.892,9.122,9.357,9.601,9.839,10.093,10.319,10.567,10.804,11.020,11.270,11.521,11.720,11.972,12.196,12.438,12.653,12.894,13.124,13.332,13.544,13.786,14.000,14.246,14.460,14.689,14.917,15.163,15.370,15.600,15.806,16.065,16.280,
2,89,0.025,0.171,0.329,0.486,0.642,0.793,0.953,1.115,1.282,1.449,1.622,1.801,1.993,2.172,2.344,2.512,2.672,2.844,3.038,3.214,3.400,3.585,3.752,3.926,4.120,
2,90,0.055,0.237,0.400,0.573,0.747,0.913,1.085,1.267,1.433,1.618,1.797,2.001,2.166,
