0,1,0.274,
0,1,0.088,0.278,0.482,0.686,
0,1,0.180,0.375,0.571,0.768,0.969,1.166,1.366,1.567,1.768,1.953,2.151,2.361,2.565,2.769,2.981,3.169,3.366,3.563,3.772,3.973,4.175,4.386,4.568,4.769,4.975,5.174,5.386,5.581,5.787,6.020,6.217,6.425,6.625,6.822,7.021,7.214,7.408,7.609,7.817,8.025,8.227,8.428,8.641,8.848,9.065,9.278,9.495,9.706,9.924,10.125,10.336,
0,1,0.134,0.239,
2,1,0.124,0.302,0.470,0.647,0.799,0.963,1.116,1.288,1.451,1.609,1.775,1.929,2.101,2.271,2.445,2.617,2.793,2.954,3.127,3.297,3.471,3.648,3.819,3.992,4.152,4.318,4.484,4.649,4.814,4.978,5.149,5.322,5.498,5.676,5.845,6.023,6.196,6.376,6.548,6.731,6.905,7.080,7.243,7.405,
2,2,0.160,0.308,0.464,0.625,0.782,0.936,1.110,1.250,1.394,1.557,1.722,1.894,2.047,2.231,2.410,2.586,2.761,2.926,3.089,3.261,3.429,3.596,3.778,3.953,4.145,4.317,
2,3,0.251,0.412,0.562,0.700,0.859,1.011,1.166,1.327,1.492,1.667,1.836,2.011,2.177,2.345,2.517,
2,4,0.243,0.411,0.576,0.740,0.911,1.088,1.270,1.462,1.644,1.822,1.992,2.164,2.346,2.530,2.700,2.870,3.043,3.222,3.395,3.564,3.746,3.928,4.104,4.278,4.452,4.645,4.807,4.963,5.146,5.315,5.489,5.670,5.848,6.019,6.196,6.396,6.560,
2,5,0.060,0.223,0.386,0.553,0.706,0.886,1.053,1.216,1.390,1.551,1.715,1.886,2.059,2.240,2.420,
2,6,0.252,0.374,0.530,0.685,0.842,1.001,1.182,1.351,1.533,1.715,1.899,2.084,2.266,2.421,2.609,2.784,2.964,3.153,3.347,3.529,3.709,3.900,4.068,4.244,4.420,4.609,4.774,4.937,5.119,5.295,5.494,5.659,5.853,6.042,6.233,6.426,6.618,6.821,7.018,7.195,7.389,7.580,7.775,7.970,8.169,8.365,8.551,8.728,8.920,9.112,9.310,9.485,
2,7,0.034,0.201,0.384,0.564,0.767,0.933,1.115,1.302,1.482,1.664,1.846,2.043,2.236,
2,8,0.126,0.300,0.482,0.654,0.827,1.014,1.196,1.397,1.573,1.764,1.941,2.121,2.311,2.500,2.690,2.876,3.052,3.241,3.430,3.619,3.811,4.015,4.205,
2,9,0.184,0.345,0.534,0.716,0.893,1.076,1.260,1.427,1.602,1.772,1.964,2.161,2.358,2.545,2.743,2.943,3.144,3.361,3.555,3.751,3.946,4.145,4.329,4.521,4.720,4.917,5.116,5.305,5.498,5.682,5.864,6.026,6.209,6.402,6.621,6.815,7.001,7.188,7.358,
2,10,0.093,0.277,0.472,0.663,0.856,1.050,1.229,1.430,1.638,1.812,2.021,2.189,2.388,2.575,2.772,2.952,3.154,3.357,3.550,3.744,3.935,4.124,4.327,4.529,4.712,4.889,5.079,5.276,5.470,5.664,
2,11,0.077,0.276,0.427,0.614,0.784,0.959,1.119,1.486,1.833,2.164,2.510,2.815,3.144,3.467,3.817,4.184,4.511,4.859,5.218,5.548,5.910,6.228,6.599,
2,12,0.161,0.473,0.798,1.126,1.460,1.783,2.106,2.420,2.776,3.113,3.425,3.763,4.096,4.423,4.783,5.147,5.451,5.813,6.177,6.495,6.846,7.198,7.533,7.847,8.168,8.478,8.819,9.149,9.467,9.812,10.149,10.489,10.837,11.170,11.520,11.900,12.226,12.524,12.920,13.217,13.549,13.901,
2,13,0.332,0.779,1.104,1.443,1.783,2.117,2.478,2.787,3.134,3.445,3.807,4.121,4.421,4.727,5.070,5.459,5.772,6.068,
2,14,0.248,0.568,0.900,1.243,1.589,1.918,2.282,2.627,2.982,3.346,3.696,4.031,4.363,4.719,5.068,5.429,5.792,6.136,
2,15,0.101,0.429,0.736,1.089,1.400,1.737,2.076,2.399,2.768,3.094,3.420,3.769,4.088,4.417,4.784,5.136,5.481,5.814,6.180,6.537,6.908,
2,16,0.302,0.644,0.994,1.304,1.688,2.027,2.407,2.750,3.112,3.459,3.774,4.146,4.513,4.858,5.195,5.539,5.912,6.263,6.599,
2,17,0.252,0.613,0.959,1.304,1.648,1.959,2.284,2.596,2.899,3.222,3.534,3.899,4.193,4.502,4.900,5.231,5.541,5.872,6.214,6.556,6.877,7.215,7.547,7.853,8.213,
2,18,0.198,0.522,0.862,1.199,1.522,1.814,2.149,2.482,2.820,3.143,3.502,3.846,4.240,4.590,4.956,5.313,5.647,5.981,6.343,
2,19,0.184,0.514,0.820,1.147,1.446,1.779,2.124,2.442,
2,20,0.418,0.736,
2,21,0.279,0.595,0.900,1.224,1.524,1.884,2.198,
2,22,0.109,0.433,0.780,1.096,1.391,1.696,2.033,2.366,2.686,3.021,3.347,3.667,4.001,4.321,4.651,4.976,5.322,5.654,5.997,6.327,
2,23,0.263,0.591,0.897,1.208,1.558,1.897,2.203,2.529,2.854,3.207,3.563,3.898,4.212,4.545,4.899,5.249,5.599,5.911,6.249,6.606,
2,24,0.226,0.527,0.894,1.212,1.547,1.901,2.237,2.552,2.895,3.240,3.562,3.922,4.250,4.573,4.937,5.280,5.646,5.989,6.335,6.646,7.020,7.339,7.728,8.072,8.397,
2,25,0.369,0.733,1.073,1.407,1.774,2.117,2.462,2.834,3.178,3.557,3.904,4.268,4.608,4.944,5.291,5.648,5.991,6.362,6.721,7.032,7.403,
2,26,0.294,0.610,0.955,1.241,1.608,1.955,2.307,2.649,2.963,3.286,3.650,3.961,4.289,4.650,4.962,5.309,5.615,5.923,6.268,6.618,6.975,7.324,7.656,8.019,8.335,8.669,9.019,9.359,9.697,
2,27,0.329,0.621,0.989,1.225,1.521,1.641,1.775,2.025,2.165,2.484,2.642,2.748,2.892,2.980,3.118,3.214,3.345,3.433,3.772,4.052,4.237,4.405,4.627,4.809,4.992,5.173,5.362,5.549,5.742,5.934,6.068,6.352,6.462,
2,28,0.315,0.551,0.672,0.893,1.051,1.226,1.397,1.568,1.746,1.942,2.052,2.357,2.644,2.807,3.171,3.291,3.360,3.484,3.546,3.659,3.861,4.039,4.241,4.294,4.414,4.475,4.593,4.667,4.785,4.861,4.966,5.036,5.151,5.221,5.402,5.498,5.584,5.783,5.895,5.961,6.066,6.145,6.246,6.322,6.438,6.646,6.805,6.975,7.156,7.212,7.331,7.396,7.513,7.692,7.763,7.873,7.931,8.050,8.126,8.237,8.294,
2,29,,
2,30,0.304,0.454,0.616,0.731,0.797,0.913,1.094,1.271,1.452,1.639,1.819,2.018,2.196,2.367,2.551,2.739,2.909,3.091,3.272,3.441,3.617,3.796,4.167,4.331,4.519,4.582,4.664,4.773,5.099,5.172,5.270,5.351,5.440,5.636,5.713,5.794,5.873,6.076,6.270,6.345,6.423,6.605,6.770,7.065,7.175,7.348,7.453,7.535,7.667,7.812,8.113,8.291,8.435,8.596,8.771,8.911,9.063,9.220,9.373,9.534,
2,31,0.341,0.452,0.537,0.622,0.696,0.976,1.202,1.271,1.387,1.485,1.569,1.676,1.735,1.890,2.038,2.138,2.410,2.497,2.587,2.683,2.775,2.897,2.960,3.059,3.138,3.272,3.443,3.565,3.654,3.772,3.864,3.977,
2,32,0.173,0.228,0.311,0.394,0.455,0.562,0.715,0.957,1.116,1.312,1.414,1.485,1.580,1.687,1.797,1.864,1.958,2.261,2.355,2.542,2.645,2.708,2.796,2.895,2.987,3.046,3.145,3.345,3.438,3.526,3.645,3.718,3.825,3.920,4.012,4.107,4.228,
2,33,0.118,0.414,0.767,0.963,1.199,1.443,1.692,1.917,2.164,2.428,2.741,3.074,3.372,3.720,4.022,4.298,4.602,4.919,5.214,5.519,5.830,6.138,6.421,6.726,7.032,7.326,7.646,7.967,8.288,8.637,8.919,9.240,9.521,9.827,10.162,
2,34,0.025,0.174,0.344,0.525,0.671,0.834,0.970,1.164,1.392,1.585,1.788,1.962,2.125,2.271,2.430,2.586,2.683,2.783,2.867,2.969,3.147,3.326,3.476,3.644,3.918,4.176,4.290,4.475,4.663,4.808,5.023,5.231,5.441,5.571,5.761,5.968,6.162,6.395,6.468,6.586,6.679,6.874,7.094,7.299,7.512,7.706,7.825,7.913,8.043,8.122,8.244,
2,35,0.355,0.461,0.557,0.653,0.722,0.824,1.016,1.215,1.412,1.496,1.604,1.927,2.024,2.150,2.352,2.457,2.571,2.668,2.767,2.870,2.964,3.076,3.274,3.486,3.583,3.768,3.859,4.054,4.280,4.377,4.442,4.535,4.597,4.735,4.800,4.924,4.995,5.102,5.180,5.281,5.458,5.635,5.806,5.877,5.982,6.135,6.205,6.297,6.407,6.579,6.776,6.900,7.103,
2,36,0.367,0.696,0.899,1.163,1.399,1.668,1.899,
2,37,0.052,0.481,0.678,0.877,1.101,1.321,1.528,1.730,1.934,2.154,2.552,3.018,3.412,3.835,4.046,4.239,4.641,4.857,5.073,5.270,5.479,5.685,5.896,6.307,6.502,6.699,6.898,7.065,7.274,7.410,7.627,
2,38,0.371,0.555,0.770,0.993,1.165,1.377,1.575,1.818,2.049,2.267,2.455,2.663,2.877,3.086,3.309,3.518,3.732,3.950,4.161,4.356,4.562,4.772,4.980,5.201,5.424,5.637,5.852,6.046,6.252,6.464,6.664,6.886,7.105,7.313,7.519,7.721,7.941,8.151,8.348,8.542,8.770,
2,39,0.366,0.578,0.816,1.017,1.233,1.420,1.627,1.833,2.219,2.440,
2,40,0.307,0.577,0.856,1.108,1.344,1.587,1.785,1.992,2.196,2.415,2.609,2.800,2.988,3.194,3.395,3.568,3.748,3.953,4.146,4.302,4.488,4.669,4.853,5.032,5.200,5.396,5.568,5.747,5.906,6.066,6.242,6.416,6.566,6.735,6.907,7.090,7.238,7.404,7.570,7.738,7.898,8.036,8.211,8.362,8.518,8.700,
2,41,0.353,0.520,0.681,0.997,1.164,1.324,1.647,1.803,1.971,2.147,2.309,2.476,2.648,2.983,3.165,3.331,3.648,3.806,3.989,4.297,4.462,4.649,4.809,4.984,5.164,5.334,5.671,6.016,6.339,6.696,7.023,7.187,7.359,7.527,7.706,7.900,8.048,8.221,8.393,8.736,9.071,9.411,9.725,
2,42,0.335,0.510,0.697,0.903,1.061,1.235,1.408,1.585,1.760,1.956,2.144,2.327,2.511,2.693,2.894,3.062,3.245,3.421,3.619,3.805,3.990,4.174,4.365,4.548,4.738,4.920,5.145,5.324,5.512,5.677,5.874,6.056,6.231,6.612,6.807,6.989,7.173,7.400,7.588,7.770,7.960,8.147,8.455,8.654,8.844,8.997,9.167,9.374,9.546,9.747,9.924,10.112,
2,43,0.033,0.236,0.417,0.617,1.001,1.190,1.401,1.576,1.774,1.962,2.166,2.360,2.555,2.749,2.936,3.116,3.310,3.518,3.703,3.904,4.092,4.294,4.488,4.679,4.867,5.065,5.269,5.453,5.656,5.859,6.056,6.270,6.437,6.639,6.848,7.044,7.238,7.425,7.620,7.834,8.020,8.205,8.402,8.604,8.793,8.990,9.182,9.388,9.566,9.739,9.914,10.095,10.271,10.447,10.625,10.791,10.963,11.148,11.324,11.522,11.687,11.877,12.039,12.225,
2,44,0.314,0.655,0.994,1.280,1.473,1.617,1.789,1.957,
2,45,0.302,0.478,0.788,1.145,1.472,1.666,1.844,2.164,2.525,2.888,3.075,3.272,3.620,3.975,4.339,4.696,5.049,5.435,5.773,6.118,6.446,6.783,7.102,7.441,7.726,7.978,8.168,8.367,8.554,8.736,8.920,9.103,9.290,9.481,9.669,9.853,10.032,10.223,
2,46,0.306,0.461,0.643,0.952,1.122,1.296,1.602,1.776,1.949,2.136,2.302,2.481,2.654,2.994,3.170,3.348,3.535,3.710,3.871,4.050,4.229,
2,47,0.344,0.524,0.716,0.908,1.092,1.274,1.461,1.641,1.823,2.024,2.198,2.391,2.561,2.741,2.929,3.113,3.307,3.492,3.703,3.895,4.096,4.305,4.499,4.697,4.892,5.087,5.281,5.471,5.649,5.838,6.036,6.236,6.427,6.792,7.163,7.535,7.904,8.088,8.265,8.450,8.644,8.809,9.016,9.395,9.747,10.107,10.449,10.825,11.012,11.194,11.370,11.565,11.752,11.930,12.269,12.656,13.023,13.400,13.770,13.941,14.123,14.317,
2,48,0.346,0.533,0.738,0.915,1.119,1.302,1.491,1.685,1.867,2.053,2.263,2.447,2.646,3.027,3.205,3.396,3.584,3.787,3.977,4.162,4.351,4.548,4.734,4.907,5.087,5.264,5.431,5.604,5.791,5.990,6.163,6.335,6.500,6.670,6.826,7.148,7.306,7.489,7.649,7.969,8.149,
2,49,0.284,0.573,0.801,0.969,1.086,1.400,1.680,1.813,1.936,2.231,2.487,2.651,2.768,3.050,3.312,3.458,3.590,3.899,4.155,
2,50,0.164,0.514,0.752,1.030,1.322,1.441,1.613,1.898,2.167,2.348,2.461,2.751,3.031,3.185,3.292,3.588,3.846,4.122,4.423,4.652,4.936,5.210,5.463,5.598,5.715,5.985,6.206,
2,51,0.033,0.127,0.226,0.335,0.425,0.510,0.627,0.705,0.819,0.918,1.144,1.280,1.338,1.446,1.550,1.778,1.963,2.157,2.511,2.735,2.932,3.145,3.347,3.550,3.752,3.971,4.177,4.396,4.590,4.792,4.996,5.197,5.399,5.603,5.818,6.035,6.242,6.441,6.656,6.858,7.069,7.273,7.482,7.689,7.897,8.100,
2,52,0.331,0.514,0.723,0.941,1.118,1.321,1.534,1.944,2.117,2.315,2.515,2.898,3.103,3.299,3.515,3.905,4.106,4.325,4.516,4.720,4.914,5.149,5.338,5.549,5.750,5.954,6.160,6.363,6.767,6.957,7.192,7.393,7.603,7.787,7.972,8.186,8.391,8.608,8.807,9.018,9.191,9.543,9.732,9.912,10.096,10.319,10.522,10.718,10.922,
2,53,0.249,0.691,1.152,1.609,2.054,
2,54,0.430,0.834,1.113,1.279,1.539,1.693,1.946,2.104,2.325,2.540,2.732,2.932,3.140,3.347,3.777,4.209,4.641,5.064,5.343,5.500,5.743,5.895,6.062,6.278,
2,55,0.291,0.703,1.119,1.551,1.949,2.367,2.787,3.200,3.642,
2,56,0.323,0.718,1.076,1.470,1.826,2.228,2.564,2.744,2.965,3.228,3.549,3.825,
2,57,0.058,0.355,0.593,0.816,1.054,1.268,1.462,1.948,2.208,2.411,2.635,2.827,3.018,3.407,3.606,3.793,4.026,4.186,4.405,4.540,4.773,4.893,5.071,5.209,5.432,5.724,5.835,5.995,6.118,6.251,6.398,6.535,6.650,6.829,6.935,7.039,7.140,7.300,7.390,7.527,7.725,7.972,8.057,8.192,8.288,8.401,8.521,8.619,8.725,8.824,8.932,9.033,9.141,9.233,9.348,9.549,9.638,9.747,9.842,9.942,10.044,10.138,10.235,10.327,10.399,10.522,10.700,10.779,10.946,11.059,
2,58,0.085,0.337,0.544,0.763,0.947,1.146,1.303,1.494,1.671,1.867,2.021,2.183,2.320,2.468,2.587,2.721,2.829,2.961,3.082,3.206,3.318,3.424,3.521,3.647,3.712,3.826,4.024,4.148,4.355,4.553,4.765,4.867,4.960,5.053,5.168,5.249,5.372,5.580,5.792,6.015,6.193,6.309,6.399,6.515,6.594,6.702,6.800,6.899,6.994,7.116,7.178,7.297,7.376,7.493,7.577,7.694,7.782,7.897,8.116,
2,59,0.306,0.475,0.560,0.650,0.716,0.812,0.903,1.001,1.109,1.190,1.279,1.468,1.670,1.868,2.065,2.267,2.454,2.651,2.784,2.979,3.166,3.361,3.558,
2,60,0.077,0.197,0.287,0.393,0.472,0.583,0.783,0.987,1.191,1.275,1.393,1.494,1.585,1.695,1.782,1.894,1.969,2.077,2.163,2.267,2.369,2.477,2.577,2.683,2.778,2.894,2.975,3.075,3.168,3.266,3.367,3.462,3.560,3.662,3.751,3.863,4.055,4.261,
2,61,0.052,0.124,0.232,0.301,0.416,0.500,0.608,0.689,0.790,0.899,0.980,1.086,1.291,1.490,1.582,1.684,1.777,1.883,1.977,2.081,2.181,2.286,2.400,2.474,2.584,2.665,2.785,2.979,3.170,3.267,3.377,3.466,3.583,3.787,3.987,4.189,4.377,4.576,4.768,4.959,5.159,5.363,5.438,5.566,5.749,5.979,6.189,6.405,6.604,6.698,6.800,6.906,7.000,7.213,7.522,7.619,7.727,7.937,
2,62,0.066,0.119,0.216,0.303,0.406,0.484,0.590,0.802,0.987,1.153,1.349,1.432,1.538,1.622,1.722,1.836,2.016,2.149,2.288,2.446,2.647,2.833,2.981,3.189,3.534,3.711,3.896,4.267,4.401,4.717,4.876,5.151,5.406,5.680,5.768,5.916,6.144,6.248,6.385,6.518,6.635,6.730,6.835,7.054,7.191,7.373,7.493,7.586,7.694,7.802,7.908,8.019,8.235,8.312,8.447,8.647,8.846,9.056,9.270,9.481,9.687,9.887,10.077,
2,63,0.274,0.410,0.484,0.647,0.825,0.986,1.141,1.274,1.454,1.613,1.775,2.106,2.275,2.432,2.583,2.748,2.904,3.069,3.189,3.346,3.516,3.607,3.739,3.904,4.098,4.185,4.364,4.457,4.893,5.058,5.208,5.357,5.514,5.692,5.821,5.957,6.143,6.304,6.450,6.579,6.722,6.894,6.999,7.089,7.189,7.366,7.548,7.705,7.840,7.934,8.028,8.114,8.195,8.305,8.472,8.657,8.858,9.035,9.211,9.395,
2,64,0.076,0.177,0.331,0.517,0.690,0.860,1.044,1.225,1.404,1.584,1.774,1.960,2.038,2.151,2.214,2.482,2.588,2.798,2.885,2.981,3.073,3.230,3.284,3.390,3.480,3.577,3.781,3.893,3.974,4.071,4.172,4.365,4.578,4.816,5.019,5.196,5.367,5.570,5.770,5.952,6.157,6.270,6.520,
2,65,0.221,0.417,0.595,0.779,0.907,1.150,1.307,1.491,1.654,1.855,2.044,2.226,2.416,2.502,2.604,2.701,2.802,2.884,2.983,3.063,3.170,3.251,3.366,3.563,3.651,3.834,4.033,4.228,4.327,
2,66,0.278,0.444,0.524,0.583,0.661,0.826,0.997,1.171,1.339,1.523,1.697,1.797,1.892,2.069,2.248,2.412,2.601,2.793,2.977,3.159,3.369,3.463,3.535,3.655,3.740,3.848,3.943,4.157,4.272,4.376,4.490,4.600,4.797,5.012,5.204,5.403,5.587,5.769,5.950,6.144,6.394,6.589,6.671,6.760,6.858,7.052,7.277,7.443,7.572,7.772,7.965,8.099,8.169,8.275,8.410,8.576,8.775,8.952,
2,67,0.122,0.311,0.494,0.690,0.792,0.892,1.025,1.209,1.414,1.659,1.844,2.041,2.159,2.393,2.610,2.820,3.041,3.195,3.370,3.541,3.716,3.869,3.991,4.116,4.215,4.355,
2,68,0.122,0.269,0.424,0.587,0.645,0.748,0.840,1.019,1.202,1.443,1.573,1.743,1.856,1.947,2.206,2.345,2.426,2.687,2.826,3.001,3.168,3.310,3.482,3.641,3.798,3.909,4.021,4.200,4.306,
2,69,0.158,0.311,0.462,0.618,0.775,0.930,1.099,1.269,1.443,1.604,1.770,1.938,2.086,2.209,2.294,2.397,2.801,2.963,3.147,3.308,3.471,3.605,3.718,3.794,4.077,4.434,4.603,4.804,4.960,5.124,5.304,5.499,5.690,5.862,6.052,6.171,6.399,6.597,6.778,6.947,
2,70,0.093,0.288,0.470,0.650,0.818,1.002,1.190,1.375,1.566,1.744,1.947,2.151,
2,71,0.119,0.323,0.517,0.715,0.823,1.017,1.196,1.425,1.613,1.791,1.961,2.268,
2,72,0.036,0.212,0.406,0.582,0.766,0.919,1.016,1.107,1.223,1.488,1.659,1.803,1.900,2.162,2.327,2.488,2.650,2.852,3.017,3.177,3.300,3.369,3.546,3.727,3.896,4.073,4.267,4.454,4.644,4.768,4.834,4.950,5.144,5.385,5.557,5.732,5.833,5.930,6.018,6.114,6.302,6.472,6.586,6.791,7.034,7.238,
2,73,0.048,0.230,0.397,0.586,1.078,1.529,1.898,2.193,2.471,2.747,2.898,3.030,3.307,3.649,3.899,4.176,4.516,4.730,5.058,5.361,5.672,5.966,6.267,6.594,6.930,7.270,7.585,7.910,8.224,8.524,8.814,8.980,
2,74,0.272,0.525,0.787,0.992,1.190,1.418,1.618,1.977,2.288,2.607,2.896,3.140,3.453,3.711,4.024,4.308,4.593,4.891,5.151,5.406,5.684,5.963,6.207,
2,75,0.219,0.377,0.527,0.699,0.848,1.017,1.173,1.333,1.488,1.646,1.807,1.975,2.144,2.319,2.474,2.644,2.823,3.018,3.152,3.325,3.495,3.685,3.861,4.060,4.235,4.470,4.776,5.090,5.405,5.728,6.056,6.372,6.680,7.032,7.343,7.654,7.987,8.295,8.601,8.920,9.231,
2,76,0.201,0.586,0.994,1.398,1.814,2.220,2.613,2.995,3.412,3.601,3.811,4.023,4.201,4.397,4.606,4.803,5.024,5.214,5.425,5.620,5.823,6.037,6.241,6.447,6.657,6.870,7.062,7.275,7.472,7.686,7.892,8.098,8.314,8.532,8.776,8.974,9.220,9.643,
2,77,0.213,0.617,1.001,1.415,1.801,2.207,2.596,2.801,3.018,3.203,3.404,3.613,3.828,4.045,4.268,
2,78,0.115,0.333,0.540,0.766,0.961,1.196,1.400,1.624,1.847,2.066,
2,79,0.241,0.463,0.688,0.916,1.153,1.368,1.606,1.824,2.068,2.278,2.518,2.749,2.985,3.216,3.454,3.704,3.927,4.176,4.391,4.617,4.848,
2,80,0.109,0.343,0.564,0.787,1.022,1.272,1.474,1.706,1.931,2.159,2.389,2.620,2.841,3.068,3.295,3.523,3.745,3.975,4.198,4.425,4.654,4.891,5.111,5.350,5.568,5.794,6.024,6.251,6.484,6.714,6.941,7.166,7.395,7.625,
2,81,0.069,0.540,0.994,1.477,1.906,2.317,2.706,3.017,3.301,3.584,3.846,4.088,4.355,4.604,4.816,5.057,5.268,5.450,5.635,5.817,6.018,6.181,6.353,6.518,6.637,6.941,7.243,7.318,7.448,7.750,8.044,8.155,8.269,8.601,
2,82,0.326,0.582,0.842,1.077,1.317,1.550,1.769,2.225,2.442,2.737,2.985,3.175,3.276,3.396,3.538,3.639,3.769,3.969,4.175,4.282,4.409,4.493,4.600,4.797,4.871,4.981,5.067,5.168,5.277,5.502,5.712,6.070,6.271,
2,83,0.033,0.150,0.226,0.316,0.391,0.517,0.698,0.809,0.908,1.017,1.118,1.328,1.517,1.610,1.722,1.813,1.928,2.134,2.319,2.424,2.530,2.617,2.730,2.955,3.150,3.283,3.357,3.455,3.592,3.846,4.038,4.218,4.429,4.638,4.833,4.954,5.043,5.136,5.243,5.529,5.711,5.918,6.113,
2,84,0.288,0.459,0.641,0.730,0.831,0.911,1.022,1.195,1.321,1.419,1.522,1.598,1.686,1.796,1.976,2.105,2.309,2.399,2.522,2.609,2.821,3.026,3.231,3.428,3.543,3.643,3.735,3.834,3.919,4.027,4.140,4.233,
2,85,0.196,0.401,0.501,0.691,0.773,0.890,1.096,1.286,1.497,1.589,1.681,1.805,2.024,2.229,2.434,2.641,2.718,2.837,2.944,3.039,3.141,3.229,3.331,3.531,3.718,3.913,4.111,4.227,4.430,4.642,4.834,5.045,5.218,5.421,5.532,5.737,5.812,6.064,6.283,
2,86,0.040,0.233,0.417,0.615,0.704,0.835,1.027,1.187,1.357,1.524,1.678,1.749,1.869,2.031,2.200,2.350,2.458,2.558,2.729,2.892,3.001,3.093,3.275,3.431,3.535,3.642,3.824,3.980,4.061,4.184,4.364,4.526,4.667,4.815,4.929,5.045,5.199,5.434,5.660,5.900,5.987,6.115,6.206,6.345,6.551,6.777,6.994,7.200,7.288,7.420,7.513,7.644,7.822,8.028,8.219,8.421,8.618,8.797,8.926,9.114,9.315,9.461,
2,87,0.339,0.467,0.693,0.899,1.016,1.159,1.282,1.400,1.599,1.830,2.053,2.279,2.374,2.504,2.720,2.929,3.141,3.366,3.613,3.840,3.927,4.056,4.141,4.268,4.352,4.457,4.547,4.658,4.744,4.856,4.942,5.056,5.252,5.336,5.458,5.651,5.737,5.851,5.933,6.047,6.245,6.324,6.454,6.652,6.848,7.055,7.269,7.386,7.473,7.554,7.678,7.886,8.097,8.294,8.520,8.707,8.928,9.140,9.346,9.554,9.770,9.967,
2,88,0.431,0.528,0.708,0.902,1.074,1.179,1.461,1.577,1.781,1.899,1.975,2.101,2.234,2.410,2.521,2.612,2.722,2.810,2.917,2.990,3.103,3.294,3.472,3.534,3.655,3.721,3.832,3.917,4.020,4.113,4.209,4.295,4.403,4.479,4.603,4.787,4.975,5.053,5.173,5.274,5.482,5.683,5.785,5.906,6.108,6.303,6.399,6.485,6.589,6.680,6.774,6.864,6.955,7.053,7.243,7.338,7.434,7.638,7.888,8.078,8.180,
2,89,0.049,0.351,0.540,0.640,0.810,1.023,1.164,1.305,1.402,1.555,1.732,1.910,2.036,2.169,2.347,2.524,2.624,2.749,2.920,3.071,3.156,3.287,3.467,3.606,3.735,3.862,4.034,4.190,4.299,4.435,4.620,4.752,4.868,5.028,5.148,5.275,5.409,5.627,5.849,6.043,6.241,
2,90,0.067,0.206,0.400,0.539,0.699,0.865,1.049,1.189,1.311,1.453,1.626,1.774,1.908,2.101,2.267,2.416,2.501,
2,91,0.092,0.246,0.421,0.570,0.683,0.816,0.982,1.127,1.245,1.366,1.535,1.696,1.809,1.919,2.075,2.235,2.367,2.539,2.747,2.949,3.154,3.400,3.575,3.835,3.987,4.076,4.200,4.399,4.613,4.713,4.840,5.052,5.268,5.463,5.669,5.792,5.895,5.989,6.108,6.198,6.322,6.528,
2,92,0.090,0.172,0.277,0.470,0.530,0.650,0.806,0.979,1.147,1.301,1.445,1.609,1.720,1.868,2.028,2.243,2.391,2.545,2.705,2.816,2.948,3.127,3.278,3.391,3.486,3.642,3.775,3.861,4.037,4.152,4.285,4.392,4.525,4.613,4.723,4.805,4.926,5.233,5.348,5.458,5.620,5.810,5.980,6.143,6.206,6.327,6.510,6.643,6.786,6.865,6.981,7.175,7.369,7.561,7.746,
2,93,0.301,0.563,0.771,1.012,1.228,1.446,1.668,1.864,2.098,
2,94,0.239,0.407,0.618,0.824,0.998,1.180,1.327,1.493,1.668,1.828,1.955,2.110,2.271,
2,95,0.273,0.578,0.835,1.122,1.430,1.687,1.995,2.274,2.391,2.524,2.598,2.741,
2,96,0.330,0.521,0.690,0.814,0.948,1.151,1.285,1.375,1.501,1.678,1.838,1.970,2.086,2.268,2.421,2.562,2.662,2.844,3.018,3.152,3.320,3.458,3.694,3.900,4.114,4.325,4.519,4.610,4.718,4.802,4.909,4.983,5.097,5.289,5.474,5.539,5.652,5.733,5.940,6.143,6.242,6.338,6.715,6.828,7.115,7.463,7.771,8.098,8.271,8.374,8.491,8.673,8.833,
2,97,0.087,0.245,0.412,0.607,0.769,0.980,1.141,1.221,1.331,1.432,1.534,1.623,1.746,1.942,2.061,2.153,2.240,2.348,2.441,2.714,2.903,2.999,3.102,3.205,3.480,3.647,3.729,3.844,4.031,4.220,4.388,4.583,4.888,5.068,5.158,5.271,5.455,5.642,5.806,5.891,5.996,6.170,6.388,6.608,6.821,7.187,
2,98,0.371,0.871,
2,99,0.097,0.318,0.524,0.743,0.932,1.122,1.301,1.493,1.698,1.898,2.105,2.324,2.522,2.732,2.923,3.126,3.329,3.540,3.742,3.937,4.149,
2,100,0.166,0.345,0.526,0.704,0.900,1.075,1.218,1.395,1.565,1.750,1.893,2.053,2.232,2.415,2.602,2.814,2.992,3.180,3.384,3.591,3.792,4.018,4.200,4.402,4.610,4.789,5.050,5.227,5.422,5.625,5.906,6.135,6.466,6.779,7.122,7.454,7.830,7.998,8.187,8.372,8.556,8.746,8.936,9.099,9.274,9.658,
2,101,0.076,0.260,0.450,0.627,0.812,1.010,1.186,1.363,1.552,1.746,1.936,2.121,2.307,2.494,2.691,2.895,3.062,3.244,3.420,3.607,3.790,3.971,4.163,4.367,4.569,4.776,4.981,5.185,5.411,5.615,5.811,6.022,
2,102,0.039,0.234,0.424,0.640,0.834,1.036,1.223,1.419,1.621,1.832,2.038,2.233,2.443,2.658,2.852,3.062,3.274,3.451,3.644,3.835,4.028,4.241,4.450,
2,103,0.218,0.411,0.599,0.791,0.998,1.212,1.414,1.610,1.806,2.025,2.207,2.418,2.642,2.846,3.076,3.283,3.525,3.733,3.941,4.142,4.349,4.560,4.769,4.986,5.209,5.419,5.643,5.850,6.061,6.284,6.514,6.727,6.953,7.178,7.411,7.607,7.817,8.026,8.261,8.470,8.693,8.917,9.145,9.368,9.574,9.788,10.002,10.209,10.422,10.645,10.864,11.092,11.313,11.525,11.724,11.916,
3,1,0.227,0.521,0.768,0.948,1.151,1.298,1.468,1.652,1.827,2.019,2.216,2.402,2.578,2.779,2.975,3.159,3.338,3.519,3.711,4.068,4.270,4.478,4.682,4.870,5.035,5.229,5.415,5.613,5.807,6.020,6.354,6.736,6.926,7.112,
3,2,0.103,0.298,0.486,0.670,0.854,1.046,1.219,1.407,1.597,1.774,1.950,2.141,2.329,2.524,2.709,2.901,3.093,3.290,3.467,3.654,3.848,4.035,4.232,4.412,4.599,4.782,4.982,5.167,5.359,5.546,5.726,5.905,6.094,6.279,6.461,6.643,6.809,6.996,7.192,7.377,7.559,
3,3,0.119,0.290,0.465,0.664,0.846,1.048,1.244,1.422,1.608,1.807,1.994,2.172,2.347,2.531,2.710,2.885,3.066,3.246,3.452,3.641,3.828,4.019,4.197,
3,4,0.208,0.390,0.572,0.773,0.943,1.140,1.318,1.500,1.682,1.864,2.058,2.251,2.457,2.654,2.845,3.036,3.229,3.403,3.603,3.794,3.968,4.163,4.369,4.547,4.775,4.942,5.142,5.314,5.525,5.698,5.869,6.070,6.276,6.451,6.643,6.845,7.039,7.235,7.422,7.624,7.813,7.997,8.184,8.360,8.552,8.722,9.020,9.202,9.360,9.534,9.693,9.862,10.030,10.185,
3,5,0.175,0.373,0.558,0.624,0.747,0.941,1.109,1.295,1.525,1.696,1.859,1.985,2.184,2.468,2.649,2.837,3.026,3.152,3.334,3.430,3.609,3.801,3.995,4.197,4.375,4.522,4.643,4.717,4.813,4.893,4.992,5.183,5.394,5.560,5.741,5.923,6.040,6.144,6.222,6.328,6.511,6.688,6.894,7.062,7.261,7.441,7.615,7.809,7.905,8.189,8.395,
3,6,0.084,0.266,0.375,0.450,0.553,0.737,0.929,1.121,1.303,1.470,1.585,1.770,1.871,2.051,2.243,2.444,2.650,2.828,2.999,3.163,3.355,3.517,3.681,3.867,4.076,4.295,4.486,4.713,4.914,4.997,5.118,5.315,5.518,5.718,5.966,6.083,6.203,
3,7,0.148,0.328,0.515,0.658,0.769,0.844,0.950,1.149,1.344,1.552,1.749,1.923,2.104,2.285,2.399,2.587,2.899,3.077,3.286,3.478,3.664,3.811,3.919,4.109,4.303,
3,8,0.045,0.231,0.402,0.538,0.646,0.834,1.046,1.237,1.438,1.646,1.806,2.013,2.147,2.314,
3,9,0.118,0.301,0.460,0.650,0.833,1.017,1.192,1.267,1.373,1.549,1.714,1.806,1.911,2.017,2.106,2.191,2.312,2.518,2.729,2.931,3.114,3.221,3.318,3.405,3.518,3.703,3.885,4.045,4.135,4.268,4.449,4.621,4.738,4.840,5.038,5.224,5.414,5.619,5.796,5.985,6.111,6.223,6.317,6.420,6.491,6.606,6.791,6.978,7.160,7.351,7.554,7.744,
3,10,0.088,0.198,0.364,0.534,0.713,0.784,0.906,1.088,1.275,1.445,1.642,1.831,2.026,2.206,
3,11,0.044,0.251,0.579,0.923,1.091,1.250,1.560,1.919,2.070,2.223,2.525,2.808,3.138,3.417,3.740,4.036,4.202,4.522,4.676,4.970,5.286,5.739,5.896,6.211,6.523,6.681,6.798,6.939,7.023,7.160,7.243,7.604,7.746,7.900,8.100,8.274,8.339,8.459,8.641,8.781,8.905,
3,12,0.275,0.422,0.567,0.735,0.895,1.068,1.246,1.399,1.476,1.599,1.781,1.954,2.139,2.321,2.496,2.679,2.857,3.020,3.214,3.292,3.422,3.611,3.790,3.971,4.167,4.341,4.732,
3,13,0.270,0.670,1.092,1.469,1.891,2.084,2.288,2.488,2.680,2.867,3.046,3.236,3.415,3.614,3.804,4.022,4.210,
3,14,0.262,0.425,0.819,0.986,1.345,1.743,1.956,2.324,
3,15,0.172,0.434,0.748,1.035,1.303,1.520,1.785,2.037,2.246,2.479,2.591,2.701,2.774,2.897,3.109,3.336,3.465,3.573,3.771,4.229,4.330,4.424,
3,16,0.246,0.469,0.688,0.862,0.963,1.072,1.155,1.280,1.707,1.785,1.899,2.078,2.516,2.695,2.769,2.899,3.350,3.473,3.656,3.776,3.877,3.985,4.057,4.184,4.267,4.383,4.447,4.561,4.650,4.767,4.845,4.953,5.032,5.150,5.233,5.355,5.559,5.634,5.767,5.969,6.074,6.287,6.588,6.768,6.935,7.109,7.302,7.460,7.612,7.747,7.926,8.074,8.194,8.335,
3,17,0.076,0.241,0.426,0.584,0.763,0.911,1.057,1.194,1.368,1.518,1.657,1.797,1.963,2.131,2.274,2.553,2.898,3.061,3.238,3.405,3.573,3.725,3.898,4.057,4.192,4.329,4.491,4.683,4.819,5.132,5.516,5.671,6.030,6.205,6.399,6.533,6.691,6.813,6.909,6.992,7.096,7.169,7.286,7.352,7.469,7.650,7.710,7.841,8.036,8.216,8.401,8.589,8.767,8.827,8.948,9.029,9.134,9.219,9.330,9.524,9.606,9.723,9.933,10.168,
3,18,0.103,0.283,0.448,0.609,0.766,0.914,1.026,1.189,1.288,1.424,1.592,1.701,1.830,1.947,2.267,2.487,2.699,2.900,3.109,3.331,3.547,3.767,3.860,3.995,4.205,4.411,4.624,4.768,4.973,5.268,5.468,5.607,5.706,5.788,5.902,6.116,6.327,6.541,6.617,6.769,6.821,6.962,7.167,7.269,7.392,7.474,7.614,7.835,8.036,8.270,8.358,8.479,8.565,8.688,8.896,
3,19,0.142,0.616,1.062,1.523,1.958,2.417,2.808,3.196,3.563,3.730,3.839,4.056,4.274,4.445,4.627,4.808,4.891,5.025,5.208,5.300,5.401,5.495,5.590,5.693,5.787,5.869,5.983,6.057,6.178,6.275,6.392,6.451,6.581,6.649,6.776,6.980,7.174,7.369,7.536,7.699,7.850,8.055,8.284,8.509,8.658,8.903,9.039,9.168,9.288,9.377,9.495,9.680,9.744,9.855,9.918,10.027,
3,20,0.176,0.265,0.360,0.436,0.540,0.649,0.727,0.830,1.016,1.085,1.201,1.434,1.649,1.917,2.150,2.298,2.517,2.697,2.883,3.059,3.243,3.400,3.576,3.740,3.911,4.069,4.243,4.389,4.535,4.659,4.836,4.947,5.082,5.176,5.323,5.433,5.562,5.684,5.807,5.919,6.030,6.152,6.269,
3,21,0.222,0.347,0.486,0.627,0.738,0.843,0.963,1.045,1.156,1.232,1.358,1.476,1.590,1.678,1.783,1.900,2.081,2.303,2.414,2.517,2.650,2.725,2.867,2.950,3.099,3.176,3.328,3.554,3.770,3.877,4.001,4.117,4.239,4.339,4.434,4.524,4.668,4.741,4.873,4.958,5.095,5.174,5.311,5.392,5.530,5.736,5.953,6.152,6.385,6.599,6.815,6.934,7.055,7.247,7.319,7.457,7.550,7.693,7.793,7.912,8.019,8.139,8.230,
3,22,0.115,0.334,0.565,0.793,0.985,1.217,1.640,1.777,1.952,2.065,2.196,2.280,2.410,2.485,2.622,2.693,2.816,2.905,3.024,3.114,
3,23,0.163,0.369,0.502,0.643,0.760,0.893,1.027,1.125,1.243,1.361,1.487,1.594,1.733,1.862,1.980,2.082,2.218,2.453,2.701,2.940,3.063,3.181,3.285,3.436,3.515,3.651,3.761,3.919,4.011,4.164,4.261,4.395,4.500,4.645,4.743,4.865,4.982,5.210,5.427,5.645,5.908,5.990,6.084,6.170,6.236,6.341,6.527,6.626,6.717,6.794,6.862,6.963,7.013,7.146,7.251,7.310,7.403,7.476,7.559,7.646,7.719,7.799,7.877,8.001,8.121,8.189,8.281,8.350,8.424,8.478,8.623,8.711,8.767,8.858,8.937,9.040,9.121,9.207,9.297,9.514,9.596,9.687,9.774,
3,24,0.039,0.106,0.213,0.285,0.389,0.465,0.538,0.622,0.720,0.810,0.914,0.997,1.085,1.176,1.280,1.493,1.590,1.711,1.933,2.121,2.230,2.310,2.413,2.487,2.589,2.662,2.774,2.841,2.947,3.046,3.141,3.248,3.403,3.490,3.554,3.641,3.701,3.811,3.921,4.024,4.141,4.196,4.391,4.528,4.608,4.704,4.778,4.853,4.943,4.990,5.148,5.235,5.342,5.441,5.538,5.642,5.726,5.804,5.907,6.000,6.149,6.222,6.326,6.433,6.536,6.708,6.830,6.937,7.026,7.143,7.343,7.424,7.553,7.643,7.748,7.850,7.947,8.146,8.353,8.472,8.553,
3,25,0.079,0.396,0.742,1.116,1.346,1.616,1.908,2.273,
3,26,0.085,0.436,0.787,1.153,1.535,1.922,2.325,
3,27,0.201,0.616,1.057,1.492,1.934,2.391,2.816,3.056,3.245,3.471,3.698,3.904,4.119,
3,28,,
3,29,0.096,0.278,0.452,0.686,0.843,1.019,1.193,1.388,1.585,1.779,2.020,2.122,2.270,2.358,2.465,2.548,2.668,2.913,3.093,3.302,3.521,3.715,3.920,4.141,4.364,4.568,4.774,4.994,5.196,5.405,5.602,5.794,6.022,6.220,6.425,6.639,6.833,7.071,7.279,7.426,7.522,7.626,7.748,7.964,8.166,8.389,8.586,8.800,
3,30,0.098,0.390,0.594,0.743,0.958,1.213,1.333,1.449,1.575,1.835,2.030,2.244,2.496,2.664,2.774,2.891,3.141,3.274,3.569,3.734,4.039,4.126,4.275,4.373,4.478,4.591,4.686,4.788,4.906,4.995,5.125,5.216,5.351,5.439,5.565,5.676,5.782,5.904,6.121,6.226,6.345,6.458,6.570,6.673,6.782,6.877,6.981,7.107,7.199,7.332,7.594,7.823,8.074,8.415,8.529,8.643,8.770,9.010,9.236,9.455,9.543,9.681,9.894,
3,31,0.088,0.213,0.294,0.417,0.516,0.614,0.812,1.016,1.099,1.229,1.325,1.434,1.517,1.650,1.713,1.852,2.017,2.150,2.229,2.517,2.615,2.904,3.268,3.583,3.655,3.905,3.977,4.200,
3,32,0.237,0.311,0.518,0.635,0.787,1.043,1.229,1.354,1.476,1.605,1.739,1.864,1.975,2.099,2.200,2.315,2.471,2.886,3.019,3.113,3.304,3.460,3.608,3.702,3.831,3.903,4.037,4.148,4.294,4.429,4.561,4.651,4.782,4.850,4.968,5.230,5.447,5.575,5.637,5.770,5.910,6.137,6.401,6.484,6.604,6.692,6.803,6.906,7.127,7.365,7.471,7.588,7.866,7.974,8.102,8.183,8.313,8.522,8.595,8.703,8.796,8.920,9.022,
3,33,0.191,0.417,0.609,0.794,0.922,1.099,1.517,1.886,2.120,2.494,2.641,2.767,2.901,2.994,3.127,3.211,3.355,3.450,3.612,3.666,3.835,3.914,4.045,4.137,4.268,4.346,4.476,4.570,4.691,4.793,4.913,5.022,5.146,5.241,5.361,5.458,5.583,5.667,5.798,5.888,6.019,6.098,6.231,6.299,6.444,6.522,6.696,6.900,7.044,7.170,7.269,7.407,
3,34,0.035,0.145,0.351,0.461,0.564,0.780,0.996,1.108,1.213,1.326,1.427,1.530,1.646,1.864,2.084,2.193,2.281,2.399,2.585,2.766,
