0,1,0.057,0.279,0.518,0.671,0.843,1.076,1.296,1.515,1.709,1.927,2.120,2.319,2.515,2.716,2.921,3.125,3.325,3.519,3.708,3.907,4.106,4.315,4.533,4.743,4.966,5.179,5.364,5.578,5.799,5.998,6.204,6.350,6.474,6.589,6.674,6.807,6.916,7.017,7.117,7.215,7.319,7.432,7.521,7.639,7.768,7.875,7.988,8.166,8.328,8.525,8.768,8.956,9.144,9.359,9.572,9.769,9.937,10.138,
0,1,0.034,0.226,0.411,0.603,0.792,0.991,1.200,1.401,1.623,1.824,2.018,2.237,2.416,2.635,2.808,2.990,3.185,3.376,3.568,3.769,3.958,4.170,4.367,4.576,4.782,4.973,5.164,5.353,5.534,5.719,5.924,6.141,6.326,6.524,6.718,6.935,7.137,7.325,7.521,7.705,7.900,8.116,8.332,8.546,8.750,8.968,9.163,9.365,9.551,9.743,9.917,10.087,10.275,10.475,
0,1,0.095,0.319,0.518,0.713,0.917,1.119,1.305,1.519,1.713,1.919,2.109,2.291,2.495,2.708,2.902,3.095,3.306,3.520,3.728,3.959,4.175,4.387,4.583,4.807,5.020,5.202,5.418,5.637,5.854,6.062,
0,1,0.037,0.280,
2,1,0.172,0.396,0.596,0.798,1.012,1.212,1.411,1.619,1.813,2.013,2.229,
2,2,0.291,0.446,0.617,0.844,1.031,1.226,1.430,1.623,1.806,2.017,2.246,
2,3,0.154,0.366,0.550,0.746,0.956,1.161,1.362,1.556,1.778,1.973,2.222,2.481,2.717,2.930,3.155,3.356,3.564,3.750,3.967,4.173,
2,4,0.047,0.265,0.467,0.655,0.862,1.052,1.251,1.445,1.649,1.829,2.033,2.221,2.423,2.606,2.797,2.995,3.186,3.368,3.582,3.783,3.968,4.162,4.360,4.556,4.767,4.938,5.134,5.309,5.517,5.726,5.920,6.106,6.302,6.481,6.671,6.870,7.059,7.249,7.431,7.646,7.822,8.019,8.212,8.397,8.594,8.785,8.958,9.149,9.359,9.563,9.769,9.941,10.145,
2,5,0.213,0.423,0.593,0.776,0.972,1.146,1.327,1.530,1.750,1.922,2.097,2.286,
2,6,0.221,0.390,0.593,0.770,0.961,1.143,1.370,1.540,1.675,1.871,2.035,2.186,2.373,2.579,2.781,3.021,3.190,3.409,3.599,3.801,4.002,4.200,4.395,4.602,4.778,4.988,5.177,5.367,5.568,5.772,5.969,6.166,6.357,6.557,6.750,6.929,7.140,7.334,7.526,7.722,7.923,8.143,8.322,8.524,8.717,8.897,9.094,9.280,9.466,9.644,9.857,10.028,10.207,10.391,10.591,10.798,10.983,11.161,11.342,11.525,11.703,11.892,
2,7,0.040,0.231,0.430,0.620,0.815,1.017,1.212,1.401,1.588,1.795,1.982,2.176,2.375,2.559,2.730,2.926,3.135,3.321,3.492,3.706,3.900,4.090,4.293,4.486,4.689,4.886,5.076,5.269,5.464,5.646,5.828,6.029,6.204,6.411,6.593,6.792,6.992,7.186,7.369,7.579,7.771,7.942,8.157,8.367,
2,8,0.167,0.364,0.561,0.745,0.969,1.148,1.330,1.519,1.689,1.874,2.052,2.236,2.417,2.596,2.785,2.970,3.168,3.373,3.560,3.735,3.913,4.104,4.283,4.468,4.657,4.842,5.057,5.247,5.437,5.655,5.811,5.989,6.170,6.330,6.541,6.721,6.912,7.108,7.314,7.522,7.703,7.922,8.123,8.324,8.535,8.750,8.939,9.154,9.354,9.580,9.796,9.997,10.209,10.411,10.620,10.813,11.024,11.224,11.484,11.673,11.911,12.252,12.428,12.596,12.751,12.891,13.118,13.319,13.465,13.642,13.790,13.965,14.149,
2,9,0.041,0.236,0.435,0.620,0.811,1.010,1.185,1.361,1.591,1.773,1.968,2.154,2.331,2.557,2.713,2.895,3.079,3.262,3.441,3.645,3.793,3.976,4.158,4.342,4.538,4.717,4.855,5.041,5.217,5.396,5.583,5.770,5.935,6.122,6.292,6.479,6.650,6.860,7.043,7.237,7.400,7.575,7.770,7.953,8.102,8.252,8.422,8.585,8.764,8.933,9.096,9.264,9.464,9.655,9.840,10.027,10.209,10.409,10.596,10.799,10.991,11.176,11.371,11.516,11.669,11.851,12.022,12.191,12.350,12.523,
2,10,0.153,0.336,0.499,0.656,0.779,0.974,1.144,1.295,1.448,1.549,1.928,2.087,2.232,2.401,2.564,2.761,2.924,3.086,3.261,3.445,3.615,3.773,3.959,4.145,4.320,4.595,4.842,5.026,5.239,5.425,5.599,5.773,5.950,6.146,
2,11,0.082,0.285,0.491,0.666,0.873,1.091,1.268,1.459,1.683,1.850,2.050,2.268,2.438,2.635,2.835,3.028,3.235,3.439,3.649,3.833,4.019,4.209,4.414,4.596,4.792,4.920,5.100,5.270,5.429,5.597,5.780,5.923,6.088,6.270,6.410,6.660,6.875,7.020,7.192,7.349,7.572,7.739,7.891,8.060,8.210,8.359,8.528,8.681,8.931,9.087,9.330,9.491,9.559,9.721,9.877,10.112,10.272,10.435,10.605,10.776,10.899,11.022,11.183,11.429,11.550,11.792,11.926,12.189,
2,12,0.187,0.330,0.516,0.677,0.900,1.150,1.400,1.650,1.834,2.088,2.304,2.517,2.724,2.940,3.178,3.376,3.586,3.768,3.963,4.144,4.339,4.533,4.742,4.917,5.092,5.283,5.476,5.640,5.815,6.019,6.221,6.386,6.597,6.779,6.937,7.136,7.323,7.520,7.677,7.853,8.020,8.165,8.319,8.500,8.729,8.887,8.999,9.127,9.339,9.456,9.648,9.745,9.908,10.223,10.377,10.521,10.699,10.864,11.028,11.240,11.424,11.578,11.748,11.945,12.083,
2,13,0.164,0.326,0.496,0.668,0.831,0.981,1.163,1.353,1.522,1.665,1.832,1.995,2.159,2.322,2.490,2.624,2.773,2.873,3.047,3.242,3.371,3.550,3.701,3.844,3.941,4.349,4.527,4.689,4.852,5.057,5.241,5.457,5.685,6.031,6.234,6.415,6.612,7.025,7.225,7.414,7.642,7.892,8.023,8.221,
2,14,0.036,0.229,0.451,0.627,0.796,0.966,1.157,1.363,1.542,1.744,1.929,2.116,2.317,2.488,2.698,2.898,3.082,3.290,3.463,3.688,3.888,4.048,4.238,4.458,4.641,4.803,5.021,5.192,5.310,5.522,5.691,5.858,6.100,6.449,6.649,6.858,7.086,7.317,7.538,7.732,7.939,8.126,8.330,8.535,8.716,8.939,9.126,9.296,9.466,9.640,9.810,9.973,10.140,10.298,10.524,10.719,10.909,11.202,11.365,11.556,11.704,11.895,
2,15,0.146,0.297,0.462,0.646,0.897,1.050,1.210,1.372,1.533,1.696,1.856,2.014,2.172,2.335,2.482,2.647,2.897,3.065,3.245,3.442,3.595,3.765,3.923,4.117,4.265,4.462,4.648,4.802,4.969,5.111,5.230,5.445,5.649,5.808,5.974,6.149,6.302,6.472,6.649,6.799,6.987,7.177,7.344,7.534,7.701,7.900,8.077,8.235,8.386,8.531,8.680,8.940,9.097,9.345,9.556,9.719,9.831,10.027,10.215,
2,16,0.186,0.348,0.555,0.728,0.951,1.112,1.302,1.498,1.653,1.770,1.908,2.076,2.168,2.331,2.496,2.640,2.800,2.940,3.202,3.387,3.558,3.720,3.898,4.070,4.229,4.429,4.607,4.748,4.855,5.041,5.199,5.388,5.639,5.818,6.037,6.185,6.343,6.522,6.686,6.841,7.029,7.210,7.389,7.703,7.890,8.114,
2,17,0.089,0.273,0.458,0.611,0.829,1.048,1.252,1.439,1.610,1.779,1.978,2.165,2.348,2.577,2.801,2.996,3.163,3.344,3.530,3.705,3.873,4.052,4.234,4.557,4.761,4.946,5.343,5.561,5.742,5.961,6.162,6.579,6.751,6.949,7.191,7.399,7.623,7.846,8.041,8.275,8.479,8.686,8.896,9.069,9.419,9.647,9.848,10.027,10.198,
2,18,0.031,0.195,0.397,0.553,0.745,0.946,1.151,1.377,1.608,1.819,2.024,2.222,2.425,2.623,2.817,3.015,3.191,3.376,3.577,3.788,3.979,4.176,4.361,4.563,4.792,4.990,5.164,5.315,5.523,5.694,5.873,6.084,6.246,6.435,6.628,6.831,7.017,7.180,7.377,7.654,7.901,8.108,8.349,8.613,8.847,9.053,9.290,9.533,9.747,9.999,10.281,10.519,10.749,10.980,11.189,11.369,11.580,11.779,11.973,12.177,
2,19,0.024,0.209,0.408,0.593,0.806,0.987,1.197,1.394,1.566,1.774,1.972,2.173,2.351,2.525,2.693,2.902,3.086,3.314,3.480,3.645,3.812,3.987,
2,20,0.180,0.388,0.575,0.779,0.965,1.156,1.355,1.559,1.772,1.938,2.139,2.348,2.571,2.737,2.929,3.118,3.307,3.523,3.690,3.862,4.042,4.194,4.390,4.541,4.706,4.890,5.053,5.222,5.391,5.556,5.716,5.897,6.104,6.284,6.494,6.702,6.943,7.101,7.309,7.525,7.680,7.861,8.083,8.341,8.473,8.684,8.825,9.026,9.201,9.370,9.531,9.759,9.978,10.175,10.335,10.625,10.799,10.938,11.114,11.265,11.415,11.576,11.760,11.928,12.091,12.242,
2,21,0.217,0.418,0.614,0.807,0.973,1.144,1.349,1.535,1.706,1.867,2.058,2.240,2.389,2.560,2.679,2.825,2.981,3.193,3.386,3.603,3.769,3.907,4.023,4.228,4.386,4.668,4.833,5.020,5.328,5.545,5.741,5.945,6.280,6.439,6.564,6.784,6.972,7.163,7.344,7.521,7.687,7.911,8.096,8.242,8.364,8.570,8.772,8.970,9.178,9.370,9.556,9.772,9.976,10.200,10.367,10.562,10.938,11.143,11.351,11.550,11.749,11.924,12.050,
2,22,0.055,0.237,0.402,0.574,0.734,0.892,1.083,1.276,1.455,1.623,1.824,1.936,2.127,2.334,2.523,2.726,2.917,3.140,3.351,3.573,3.777,4.024,4.206,4.444,4.660,4.867,5.074,5.346,5.547,5.704,5.904,6.080,6.245,6.418,6.572,6.729,6.830,7.008,7.177,7.439,7.602,7.776,7.929,8.126,8.296,8.481,8.665,8.832,9.017,9.204,9.393,9.564,9.750,9.928,10.113,10.299,
2,23,0.144,0.329,0.499,0.689,0.831,1.021,1.211,1.399,1.579,1.751,1.947,2.149,2.307,2.452,2.594,2.762,2.940,3.112,3.281,3.447,3.772,3.957,4.146,4.370,4.586,4.839,5.055,5.277,5.525,5.750,5.993,6.199,
2,24,0.149,0.361,0.548,0.736,0.909,1.099,1.283,1.458,1.650,1.803,1.990,2.167,2.338,2.517,2.680,2.852,3.017,3.223,3.396,3.581,3.784,3.954,4.116,4.319,
2,25,0.073,0.266,0.473,0.629,0.806,0.982,1.170,1.342,1.501,1.663,1.846,2.020,2.195,2.353,2.536,2.711,2.897,3.042,3.213,3.397,3.553,3.726,3.904,4.083,4.248,4.415,4.578,4.777,4.942,5.117,5.299,5.496,5.658,5.823,5.996,6.176,6.399,6.544,6.743,6.928,7.121,7.361,7.526,7.659,7.848,8.000,8.164,8.308,8.463,8.633,8.766,8.900,9.072,9.318,9.494,9.633,9.711,9.900,10.029,10.200,10.355,10.517,10.685,10.853,11.030,11.197,11.358,11.518,11.698,11.870,12.037,12.210,12.385,12.543,12.691,12.851,13.018,13.169,13.339,13.528,13.676,13.835,14.019,14.169,14.311,14.464,14.578,14.769,14.919,15.073,15.241,15.412,
2,26,0.140,0.303,0.495,0.661,0.816,1.140,1.295,1.479,1.644,1.827,1.993,2.161,2.323,2.524,2.665,2.823,3.025,3.154,3.360,3.559,3.727,3.892,4.086,4.275,4.460,4.676,4.914,5.111,5.288,5.495,5.738,5.902,6.112,6.330,6.531,6.710,6.937,7.123,7.323,7.532,7.725,7.900,8.144,8.307,8.481,8.678,8.967,9.144,9.295,9.463,9.681,9.862,10.060,10.226,10.395,10.570,10.768,10.912,11.091,11.267,11.432,11.595,11.783,11.944,12.123,12.290,
2,27,0.197,0.406,0.693,0.911,1.123,1.335,1.528,1.745,1.943,2.159,2.354,2.558,2.785,2.991,3.181,3.415,3.620,3.859,4.052,4.276,
2,28,0.168,0.313,0.461,0.646,0.828,1.013,1.168,1.314,1.494,1.700,1.897,2.057,2.230,2.397,2.557,2.719,2.897,3.050,3.483,3.657,3.837,4.014,4.228,4.442,4.619,4.801,4.945,5.164,5.331,5.515,5.681,5.906,6.101,6.497,6.669,6.849,7.048,7.280,7.441,7.607,7.791,7.998,8.194,
2,29,0.191,0.372,0.549,0.685,0.826,1.020,1.158,1.302,1.445,1.599,1.770,1.984,2.161,2.322,2.466,2.616,2.815,
2,30,0.079,0.271,0.476,0.677,0.855,1.052,1.235,1.439,1.622,1.821,2.028,2.222,2.395,2.608,2.797,3.000,3.228,3.402,3.621,3.817,3.997,4.197,4.402,4.597,4.800,4.995,5.204,5.390,5.530,5.774,5.957,6.144,6.354,6.549,6.731,6.894,7.079,7.278,7.482,7.661,7.865,8.062,8.325,8.484,8.713,9.186,9.359,9.578,9.788,9.993,10.177,10.326,10.699,10.873,11.078,11.209,11.393,11.524,11.685,11.893,12.078,12.263,
2,31,0.301,0.477,0.654,0.926,1.077,1.236,1.395,1.550,1.704,1.895,2.081,2.354,2.546,2.778,2.976,3.432,3.597,3.806,3.994,4.204,4.376,4.589,4.791,5.044,5.220,5.396,5.610,5.778,5.982,6.196,6.375,6.575,6.694,6.864,7.126,7.310,7.449,7.616,7.913,8.057,8.235,8.447,8.675,8.865,
2,32,0.121,0.307,0.482,0.678,0.899,1.081,1.266,1.499,1.679,1.867,2.067,2.286,2.490,2.684,2.870,3.081,3.267,3.471,3.683,3.884,4.074,4.277,4.469,4.654,4.846,5.024,5.222,5.423,5.611,6.109,6.298,
2,33,0.200,0.387,0.567,0.749,0.930,1.094,1.274,1.470,1.647,1.830,2.021,2.184,2.342,2.521,2.738,2.917,3.124,3.295,3.483,3.656,3.840,4.037,4.217,4.416,4.581,4.797,4.954,5.158,5.334,5.523,5.689,5.858,6.023,6.162,6.335,
2,34,,
2,35,0.118,0.301,0.463,0.638,0.811,0.992,1.162,1.323,1.499,1.666,1.835,2.022,2.209,2.398,2.572,2.744,2.913,3.091,3.273,3.453,3.625,3.792,3.969,4.153,4.335,4.523,4.704,4.890,5.063,5.235,5.417,5.597,5.778,5.957,6.141,6.307,6.479,6.651,6.828,7.024,7.168,7.365,7.542,7.722,7.909,8.103,8.285,8.480,8.664,8.842,9.035,9.221,9.412,9.594,9.759,9.966,10.180,
2,36,0.099,0.281,0.467,0.646,0.808,0.974,1.161,1.321,1.513,1.676,1.838,2.022,2.205,2.374,2.553,2.725,2.897,3.060,3.228,3.431,3.593,3.764,3.926,4.099,4.286,4.471,4.651,4.818,4.985,5.185,5.398,5.586,5.782,5.969,6.148,6.319,6.515,6.705,6.899,7.064,7.234,7.409,7.591,7.776,7.953,8.122,8.300,8.482,8.659,8.832,9.016,9.189,9.360,9.526,9.682,9.850,10.026,10.192,
2,37,0.032,0.216,0.416,0.609,0.793,0.970,1.162,1.327,1.509,1.679,1.837,2.011,2.189,2.357,2.517,2.675,2.857,3.026,3.176,3.376,3.569,3.741,3.903,4.081,4.263,4.433,4.607,4.779,4.943,5.113,5.279,5.438,5.608,5.868,6.037,6.207,6.395,6.561,6.725,6.895,7.085,7.421,7.587,7.781,7.954,8.112,8.269,8.435,8.592,8.741,8.937,9.107,9.266,9.445,9.613,9.815,9.982,10.146,10.272,10.446,10.624,10.773,11.022,11.210,11.372,11.543,11.730,11.897,12.073,
2,38,0.111,0.277,0.464,0.641,0.787,0.957,1.141,1.321,1.491,1.651,1.818,1.984,2.145,2.312,2.490,2.642,2.814,2.975,3.157,3.354,3.519,3.706,3.892,4.080,4.264,4.445,4.623,4.791,5.116,5.355,5.665,5.845,6.020,6.183,6.348,6.569,6.725,6.897,7.085,7.249,7.418,7.644,7.802,8.011,8.198,8.371,8.553,8.732,8.905,9.186,9.369,9.567,9.747,9.922,10.121,
2,39,0.088,0.273,0.455,0.618,0.779,0.970,1.140,1.324,1.500,1.679,1.854,2.027,2.194,2.342,2.524,2.695,2.891,3.056,3.238,3.405,3.573,3.774,3.938,4.141,4.291,
2,40,0.166,0.349,0.494,0.685,0.858,1.042,1.223,1.399,1.584,1.750,1.968,2.206,
2,41,0.102,0.291,0.488,0.641,0.814,0.982,1.148,1.299,1.497,1.642,1.802,1.965,2.121,2.275,2.429,2.596,2.776,2.935,3.102,3.276,3.434,3.619,3.776,3.947,4.115,4.275,4.456,4.643,4.789,4.947,5.118,5.279,5.447,5.626,5.792,5.950,6.112,6.265,
2,42,0.031,0.213,0.377,0.537,0.708,0.861,1.028,1.177,1.308,1.461,1.562,1.709,2.090,2.231,2.454,2.605,2.842,2.959,3.075,3.183,3.300,3.403,3.540,3.583,3.763,3.913,4.040,4.246,4.396,4.527,4.671,4.795,4.913,5.193,5.338,5.456,5.572,5.696,5.803,5.957,6.087,6.219,6.419,6.567,6.898,7.044,7.295,7.668,7.846,8.015,8.168,8.321,8.472,8.621,8.839,9.108,9.300,9.438,9.582,9.691,9.973,10.166,
2,43,0.032,0.193,0.349,0.502,0.656,0.790,0.914,1.036,1.153,1.251,1.376,1.488,1.598,1.712,1.815,1.940,2.051,2.150,2.270,2.481,2.660,2.791,2.900,3.017,3.125,3.333,3.454,3.524,3.685,3.911,4.039,4.267,4.378,4.583,4.727,4.901,4.998,5.134,5.239,5.392,5.497,5.674,5.837,5.990,6.145,6.337,6.525,6.688,6.863,7.106,7.248,7.319,7.498,7.636,7.769,7.924,8.053,8.179,8.345,8.479,8.602,8.770,8.893,9.037,9.175,9.316,9.452,9.609,9.751,9.896,10.027,10.175,10.332,10.478,10.622,10.887,11.027,11.189,11.369,11.528,11.690,11.783,11.949,12.101,
2,44,0.096,0.236,0.471,0.608,0.752,0.935,1.100,1.250,1.554,1.699,1.969,2.068,2.237,2.387,2.537,2.709,2.875,3.045,3.202,3.351,3.530,3.688,3.834,3.970,4.109,4.247,4.388,4.521,4.623,4.771,4.871,4.997,5.092,5.238,5.568,5.727,5.876,6.101,6.272,
2,45,0.164,0.316,0.464,0.612,0.783,0.925,1.088,1.236,1.404,1.544,1.687,1.853,2.017,2.158,2.316,2.443,2.586,2.744,2.894,3.052,3.203,3.358,3.438,3.606,3.768,3.913,4.072,4.331,4.469,4.620,4.785,4.900,5.033,5.152,5.548,5.686,5.830,5.989,6.126,6.269,6.403,6.534,6.664,6.787,6.939,7.090,7.231,7.348,7.464,7.598,7.739,7.862,7.995,8.137,8.314,
2,46,0.148,0.417,0.530,0.771,0.899,1.065,1.232,1.391,1.543,1.695,1.850,2.021,2.148,2.203,2.388,2.549,2.694,2.838,3.098,3.217,3.374,3.550,3.701,3.925,4.106,4.279,4.455,4.661,4.970,5.139,5.280,5.434,5.583,5.729,5.892,6.040,6.196,6.351,6.501,6.653,6.803,6.945,7.095,7.248,7.408,7.608,7.774,7.891,8.039,8.197,8.335,8.483,8.641,8.784,8.926,9.073,9.228,9.376,9.525,9.686,9.837,9.987,10.142,10.300,10.441,10.594,10.745,10.892,11.036,11.191,11.337,11.490,11.649,11.784,11.927,12.078,12.218,12.342,12.479,12.643,12.779,12.920,13.063,13.209,13.354,13.473,13.613,13.760,13.911,14.045,14.198,14.348,14.485,14.644,14.769,15.042,15.194,15.368,15.525,15.676,15.794,15.941,16.080,
2,47,0.119,0.250,0.427,0.582,0.739,0.896,1.041,1.314,1.464,1.621,1.778,1.935,2.098,2.263,2.411,2.557,2.710,2.861,3.155,3.294,3.445,3.691,3.862,3.997,4.199,4.358,4.524,4.689,4.868,5.065,5.272,5.447,5.652,5.848,6.022,6.197,6.367,6.557,6.765,6.933,7.115,7.291,7.472,7.656,7.846,8.016,8.176,8.324,8.473,8.620,8.734,8.858,8.986,9.106,9.240,9.373,9.488,9.623,9.857,9.986,10.110,10.238,10.328,10.473,10.611,10.734,10.854,10.998,11.121,11.252,11.401,11.517,11.654,11.794,11.935,12.074,12.338,12.494,12.652,12.914,13.052,13.197,13.329,13.461,13.598,13.737,13.875,13.981,14.118,14.269,14.365,
2,48,0.035,0.186,0.351,0.518,0.666,0.813,0.948,1.105,1.269,1.420,1.580,1.730,1.877,2.026,2.167,2.316,2.466,2.610,2.773,2.913,3.049,3.196,3.358,3.492,3.639,3.784,3.930,4.076,4.224,4.369,4.520,4.656,4.809,5.000,5.156,5.319,5.458,5.599,5.751,6.021,6.176,6.325,6.465,6.593,6.731,6.888,7.028,7.171,7.303,7.424,7.593,7.729,7.888,8.076,8.225,8.369,8.522,8.639,8.772,8.892,9.057,9.215,9.358,9.522,9.660,9.805,9.923,10.089,10.273,10.533,10.685,10.832,11.169,11.334,11.523,11.665,11.806,11.964,12.104,12.252,12.435,12.585,12.744,12.891,13.031,13.188,13.347,13.483,13.595,13.775,13.904,14.042,
2,49,0.158,0.364,0.532,0.719,0.908,1.081,1.278,1.458,1.649,1.819,1.985,2.149,2.266,
2,50,0.232,0.399,0.538,0.708,0.899,1.048,1.208,1.362,1.516,1.653,1.825,1.975,2.150,2.301,2.466,2.650,2.786,2.935,3.084,3.234,3.384,3.524,3.683,3.838,3.979,4.151,4.294,4.448,4.598,4.768,4.909,5.045,5.196,5.349,5.525,5.685,5.841,6.018,6.159,6.320,6.461,6.609,6.750,6.914,7.056,7.194,7.362,7.519,7.663,7.818,7.967,8.116,8.276,8.420,8.575,8.730,8.886,9.032,9.184,9.336,9.476,9.637,9.777,9.922,10.077,10.224,10.368,10.476,10.637,
2,51,0.149,0.295,0.456,0.604,0.745,0.868,1.036,1.195,1.333,1.470,1.615,1.752,1.900,2.049,2.211,2.355,2.490,2.626,2.770,2.918,3.059,3.200,3.359,3.500,3.622,3.780,3.919,4.060,4.217,4.364,4.518,4.659,4.810,4.936,5.087,5.223,5.374,5.538,5.667,5.805,5.919,6.071,6.199,6.327,6.483,6.643,6.769,6.916,7.078,7.238,7.388,7.554,7.685,7.826,7.957,8.108,8.282,8.447,8.618,8.785,8.930,9.067,9.193,9.344,9.460,9.617,9.770,9.912,10.173,10.334,10.466,10.580,10.705,10.839,10.974,11.216,11.388,11.528,11.649,11.771,11.915,12.036,12.165,
2,52,0.116,0.278,0.429,0.566,0.738,0.898,1.053,1.213,1.361,1.525,1.676,1.847,1.985,2.142,2.279,
2,53,0.040,0.275,0.418,0.613,0.931,1.079,1.223,1.366,1.493,1.625,1.776,1.892,2.019,2.264,2.415,2.622,2.789,2.951,3.108,3.246,3.410,3.539,3.705,3.836,3.952,4.076,4.176,4.333,4.474,4.608,4.711,4.877,5.044,5.300,5.465,5.627,5.782,6.080,6.266,6.466,6.676,6.895,7.074,7.276,7.446,7.621,7.837,8.012,8.175,8.421,
2,54,0.099,0.241,0.393,0.567,0.706,0.890,1.041,1.202,1.325,1.592,1.738,1.876,2.024,2.144,2.274,2.430,2.588,2.774,2.926,3.068,3.331,3.472,3.641,3.784,3.938,4.084,4.224,
2,55,0.155,0.293,0.479,0.649,0.765,0.909,1.044,1.191,1.349,1.462,1.599,1.711,1.859,2.020,2.169,2.310,2.444,2.568,2.713,2.816,3.063,3.211,3.377,3.529,3.767,3.937,4.088,4.267,4.535,4.680,4.804,4.930,5.086,5.237,5.371,5.518,5.656,5.812,5.950,6.097,6.275,
2,56,0.150,0.345,0.534,0.739,0.913,1.074,1.227,1.400,1.561,1.718,1.877,2.017,2.169,2.319,2.455,2.581,2.730,2.895,3.031,3.175,3.327,3.489,3.645,3.768,3.915,4.066,4.217,4.358,4.512,4.649,4.787,4.913,5.043,5.177,5.330,5.474,5.624,5.763,5.900,6.058,6.212,6.361,6.523,6.678,6.829,6.996,7.156,7.306,7.436,7.588,7.723,7.870,8.026,8.167,8.310,8.468,8.647,8.789,8.961,9.100,9.226,9.358,9.515,9.652,9.803,9.940,10.095,10.251,10.364,10.515,10.607,10.765,10.923,11.084,11.236,11.433,11.604,11.787,11.987,12.161,12.345,12.516,12.715,12.876,13.036,13.204,13.348,13.520,13.694,13.867,13.995,14.150,14.295,14.466,14.633,14.804,14.969,15.116,15.267,15.413,15.524,16.017,16.252,16.423,16.582,16.768,
2,57,0.150,0.342,0.517,0.717,0.918,1.098,1.274,1.462,1.658,1.848,2.018,2.196,2.384,
2,58,0.150,0.320,0.476,0.613,0.793,0.951,1.105,1.249,1.440,1.598,1.767,1.922,2.076,2.230,2.398,2.544,2.705,2.860,3.001,3.141,3.318,3.431,3.584,3.728,3.901,4.049,4.196,4.348,4.518,4.667,4.815,4.973,5.143,5.291,5.439,5.590,5.737,5.903,6.051,6.201,6.349,6.659,6.833,6.984,7.139,7.292,7.449,7.593,7.733,7.861,8.020,8.160,8.316,8.452,8.582,8.705,8.834,8.953,9.099,9.343,9.495,9.652,9.795,9.911,10.045,10.171,10.316,10.444,10.580,10.798,10.957,11.206,11.334,11.464,11.556,11.688,11.859,11.995,12.139,12.244,
2,59,0.167,0.318,0.476,0.656,0.823,0.979,1.143,1.303,1.454,1.617,1.762,1.908,2.058,2.195,2.353,2.500,2.644,2.791,2.936,3.087,3.210,3.351,3.491,3.621,3.771,3.922,4.056,4.196,
2,60,0.109,0.265,0.405,0.680,0.829,0.990,1.149,1.280,1.426,1.540,1.680,1.817,1.955,2.108,2.239,2.476,2.731,2.929,3.087,3.223,3.377,3.523,3.656,3.811,3.951,4.096,4.400,
2,61,0.096,0.211,0.360,0.536,0.659,0.811,0.939,1.095,1.243,1.351,1.493,1.654,1.770,2.044,2.192,2.364,2.517,2.656,2.777,2.925,3.074,3.217,3.349,3.489,3.622,3.768,3.918,4.064,4.297,4.401,4.713,4.887,5.089,5.226,5.340,5.519,5.679,5.832,5.979,6.123,6.291,6.445,6.591,6.751,6.891,7.037,7.208,7.360,7.653,7.802,7.907,8.052,8.217,8.370,8.547,8.729,8.943,9.114,9.270,9.426,9.593,9.771,9.953,10.149,10.300,10.458,10.618,10.748,10.938,11.138,11.281,11.460,11.697,11.850,12.022,12.164,12.331,12.496,12.639,12.804,12.960,13.105,13.210,
2,62,0.179,0.350,0.511,0.645,0.785,0.927,1.086,1.249,1.553,1.711,1.895,2.033,2.189,2.377,2.533,2.692,2.846,3.019,3.185,3.365,3.548,3.703,3.862,4.028,4.217,4.396,4.566,4.804,4.935,5.091,5.301,5.480,5.660,5.814,5.971,6.147,6.271,6.453,6.622,6.786,6.966,7.104,7.338,7.487,7.648,7.793,7.930,8.064,8.227,8.377,8.522,8.670,8.797,8.918,9.050,9.188,9.341,9.475,9.612,9.783,9.938,10.084,10.266,10.463,10.626,10.806,11.031,11.189,11.337,11.492,11.650,11.791,12.017,12.158,12.293,12.460,12.587,12.743,12.910,13.057,13.203,13.354,13.495,13.636,13.802,13.955,14.102,14.244,14.389,14.584,14.768,14.912,15.070,15.365,15.528,15.830,
2,63,0.176,0.358,0.591,0.773,0.970,1.152,1.326,1.481,1.640,1.785,1.936,2.090,2.249,2.400,2.548,2.701,2.867,2.998,3.140,3.286,3.408,3.553,3.693,3.856,4.024,4.172,4.350,4.524,4.653,4.792,4.960,5.123,5.275,5.429,5.576,5.740,5.892,6.032,6.199,6.356,6.525,6.664,6.825,6.951,7.103,7.248,7.410,7.570,7.728,7.932,8.083,8.246,
2,64,0.036,0.183,0.323,0.484,0.647,0.809,0.923,1.106,1.264,1.431,1.605,1.780,1.929,2.070,2.213,2.381,2.491,2.648,2.802,2.954,3.148,3.353,3.515,3.668,3.823,3.998,4.163,4.339,4.474,4.625,4.822,4.989,5.152,5.319,5.495,5.627,5.752,5.899,6.305,6.473,6.618,6.770,6.899,7.033,7.209,7.383,7.536,7.848,8.020,8.209,8.400,8.576,
2,65,0.141,0.304,0.489,0.678,0.852,1.034,1.242,1.401,1.576,1.734,1.911,2.076,2.224,2.368,2.548,2.706,2.858,3.021,3.184,3.351,3.529,3.701,3.951,4.124,4.279,4.439,4.599,4.762,4.986,5.158,5.311,5.512,5.706,5.873,6.069,
2,66,0.196,0.390,0.626,0.795,0.954,1.115,1.277,1.427,1.575,1.742,1.895,2.056,2.204,2.361,2.524,2.673,2.841,2.975,3.124,3.275,3.411,3.557,3.664,3.844,3.998,4.159,4.310,4.473,4.619,4.778,4.953,5.118,5.288,5.592,5.749,5.907,6.072,6.236,6.396,6.556,6.702,6.848,6.973,7.125,7.289,7.449,7.586,7.735,7.913,8.196,8.553,8.717,8.869,9.011,9.103,
2,67,0.241,0.402,
2,68,0.049,0.214,0.387,0.537,0.692,0.856,1.045,1.195,1.354,1.524,1.683,1.872,2.048,2.202,2.361,2.528,2.691,2.868,3.043,3.208,3.388,3.541,3.731,3.888,4.051,4.214,4.389,4.549,4.712,4.889,5.026,5.188,5.341,5.529,5.699,5.865,6.038,6.210,6.390,6.555,6.735,6.897,7.065,7.244,7.410,7.587,7.774,7.942,8.102,8.274,8.435,8.617,8.791,8.962,9.141,9.296,9.524,9.696,9.872,10.052,10.219,10.363,10.562,10.726,10.909,11.091,11.288,11.453,11.642,
2,69,0.190,0.400,0.573,0.737,0.935,1.098,1.274,1.454,1.650,1.811,1.998,2.153,2.326,2.480,2.651,2.829,2.993,3.174,3.329,3.518,3.689,3.854,4.022,4.268,4.519,4.730,4.907,5.095,5.293,5.471,5.655,5.840,6.019,6.202,6.388,6.568,6.733,6.912,7.084,7.270,7.439,7.608,7.743,7.927,8.110,8.290,8.447,8.637,8.803,8.991,9.156,9.320,9.477,9.652,9.831,10.028,10.218,10.398,10.638,10.811,10.991,11.155,11.353,11.539,11.709,11.899,12.073,12.272,12.431,12.603,12.772,
2,70,0.065,0.231,0.383,0.573,0.745,0.915,1.076,1.234,1.371,1.549,1.714,1.896,2.050,2.217,
2,71,0.301,0.462,0.618,0.789,0.961,1.168,1.328,1.488,1.661,1.822,1.988,2.161,2.324,2.476,2.637,2.797,2.985,3.135,3.305,3.459,3.599,3.781,3.959,4.117,4.278,4.426,4.577,4.741,4.890,5.056,5.223,5.372,5.526,5.692,5.852,6.020,6.170,
2,72,0.157,0.311,0.484,0.663,0.831,0.989,1.178,1.341,1.518,1.666,1.839,1.992,2.146,2.319,2.472,2.654,2.822,2.990,3.169,3.342,3.518,3.684,3.857,4.019,4.172,4.335,4.519,4.687,4.855,5.026,5.194,5.348,5.519,5.660,5.836,5.980,6.143,6.289,6.472,6.637,6.807,6.979,7.167,7.344,7.494,7.676,7.844,8.024,8.186,8.344,8.521,8.660,8.869,9.001,9.154,9.301,9.447,9.638,9.813,9.983,10.156,10.294,10.453,10.627,10.785,10.958,11.126,11.299,11.483,11.642,11.797,11.960,12.123,12.279,12.429,12.579,12.773,12.938,13.108,13.273,13.451,13.623,13.789,13.955,14.127,
2,73,0.032,0.185,0.489,0.649,0.809,0.965,1.149,1.315,1.492,1.674,1.849,2.016,2.189,2.359,2.526,2.689,2.837,3.016,3.158,3.313,3.466,3.650,3.797,3.991,4.165,4.328,4.499,4.695,4.852,5.017,5.180,5.353,5.527,5.696,5.868,6.042,6.205,6.385,6.556,6.725,6.885,7.043,7.355,7.519,7.676,7.845,8.041,8.242,
2,74,0.047,0.234,0.392,0.574,0.745,0.926,1.099,1.251,1.444,1.567,1.744,1.899,2.100,2.276,2.427,2.580,2.759,2.937,3.112,3.294,3.457,3.643,3.786,3.994,4.112,4.277,4.438,4.607,4.774,4.984,5.144,5.324,5.514,5.678,5.855,6.018,6.184,6.375,6.536,6.706,6.895,7.067,7.241,7.410,7.587,7.768,7.949,8.119,8.286,8.456,8.646,8.829,8.982,9.161,9.332,9.519,9.705,9.896,10.082,10.263,10.430,10.647,10.802,10.992,11.181,11.330,11.498,11.679,11.855,12.035,12.196,12.351,12.514,12.687,12.864,13.041,13.214,13.398,13.568,13.731,13.920,14.093,14.265,
2,75,0.150,0.308,0.491,0.662,0.840,1.017,1.202,1.335,1.517,1.673,1.860,2.042,2.246,
2,76,0.180,0.343,0.521,0.698,0.904,1.060,1.232,1.423,1.624,1.791,1.956,2.121,2.294,2.469,2.661,2.838,3.022,3.197,3.317,3.483,3.671,3.846,4.058,4.234,4.377,4.708,4.890,5.053,5.218,5.366,5.527,5.677,5.821,5.990,6.244,6.394,6.564,6.730,6.907,7.049,7.226,7.391,7.546,7.697,7.843,8.025,8.220,8.409,8.586,8.790,8.952,9.113,9.278,9.451,9.596,9.711,9.875,10.048,10.233,10.405,10.580,10.776,10.921,11.075,11.249,11.393,11.556,11.759,11.917,12.089,12.269,
2,77,0.116,0.284,0.444,0.595,0.774,0.918,1.093,1.246,1.413,1.582,1.750,1.909,2.072,2.231,2.392,
2,78,0.070,0.243,0.420,0.599,0.752,0.917,1.080,1.246,1.420,1.581,1.736,1.898,2.049,2.221,2.345,2.524,2.695,2.876,3.050,3.205,3.401,3.552,3.720,3.885,4.054,4.235,4.424,4.585,4.769,4.927,5.102,5.269,5.437,5.622,5.798,5.967,6.136,6.314,6.646,6.821,6.993,7.160,7.328,7.549,7.717,7.887,8.050,8.277,8.447,8.637,8.856,9.038,9.217,9.411,9.577,9.778,9.938,10.138,10.300,
2,79,0.097,0.270,0.423,0.598,0.770,0.916,1.057,1.192,1.337,1.459,1.597,1.714,1.864,2.002,2.137,2.288,2.440,2.562,2.702,2.844,2.986,3.071,3.246,3.391,3.533,3.652,3.818,3.990,4.150,4.316,4.468,4.627,4.775,4.927,5.075,5.211,5.348,5.522,5.654,5.819,5.995,6.146,6.300,6.459,6.609,6.773,6.904,7.045,7.193,7.349,7.484,7.652,7.810,7.958,8.122,8.273,8.461,8.614,8.773,8.937,9.105,9.308,9.469,9.641,9.811,9.979,10.150,10.299,10.450,10.620,10.792,10.960,11.117,11.275,11.443,11.611,11.775,11.939,12.085,12.250,
2,80,0.079,0.247,0.424,0.586,0.733,0.892,1.025,1.167,1.421,1.584,1.759,1.915,2.077,2.259,2.414,2.560,2.720,2.893,3.026,3.149,3.291,3.432,3.578,3.709,3.868,4.210,4.393,4.578,4.734,4.964,5.124,5.301,5.487,5.666,5.869,6.037,6.261,
2,81,0.052,0.213,0.400,0.607,0.791,0.954,1.102,1.267,1.407,1.566,1.709,1.854,1.990,2.241,2.404,2.579,2.741,2.923,3.103,3.268,3.399,3.547,3.695,3.825,3.955,4.247,4.404,4.565,4.713,4.864,4.996,5.135,5.250,5.385,5.519,5.653,5.791,5.941,6.070,6.235,6.409,6.578,6.726,6.875,7.019,7.162,7.341,7.500,7.658,7.809,7.965,8.125,8.285,8.441,8.599,8.744,8.901,9.052,9.202,9.352,9.465,9.620,9.771,9.904,10.043,10.191,10.349,10.482,10.638,10.801,10.910,11.051,11.213,11.406,11.559,11.713,11.898,12.160,12.289,12.445,12.639,12.811,12.970,13.139,13.299,13.475,13.643,13.785,13.980,14.150,14.339,14.523,14.672,14.827,14.997,15.308,15.480,15.647,15.979,16.141,
2,82,0.164,0.357,0.541,0.708,0.865,1.039,1.226,1.386,1.546,1.738,1.900,2.017,2.178,2.351,2.557,2.768,2.945,3.134,3.317,3.528,3.720,3.901,4.069,4.241,4.429,4.647,4.832,5.019,5.192,5.375,5.681,5.823,5.987,6.157,6.335,6.536,6.731,6.949,7.126,7.302,7.520,7.685,7.937,8.114,8.292,8.460,8.729,8.877,9.048,9.215,9.418,9.602,9.785,9.993,10.173,10.357,10.558,10.727,10.936,11.112,11.308,11.566,11.670,11.855,12.054,12.246,
