1,1,1.000,92,18.128,NaN,15.604,16.604,0,0
1,2,18.606,7,0.759,0.781,1.767,20.372,5,5
1,3,22.073,118,32.000,NaN,20.760,42.833,0,5
1,4,44.834,106,18.128,18.157,18.978,63.812,5,10
1,5,65.513,104,18.128,18.154,18.914,84.427,5,15
1,6,86.128,59,10.201,10.212,11.028,97.157,5,20
1,7,98.876,56,10.201,10.220,10.923,109.799,5,25
1,8,111.500,33,5.672,5.683,6.595,118.095,5,30
1,9,119.796,174,32.000,32.020,32.694,152.490,5,35
1,10,154.192,59,10.201,10.214,11.242,165.434,5,40
1,11,167.136,10,1.604,1.622,2.330,169.466,5,45
1,12,171.167,98,18.128,18.151,18.736,189.903,5,50
1,13,191.604,10,1.604,1.615,2.417,194.021,5,55
1,14,195.722,126,32.000,NaN,24.550,220.272,0,55
1,15,222.273,7,0.759,0.777,1.762,224.035,5,60
1,16,225.736,7,0.759,0.782,1.661,227.397,5,65
1,17,229.098,97,18.128,18.164,18.790,247.888,5,70
1,18,249.589,5,0.276,0.290,1.338,250.927,5,75
1,19,252.628,5,0.759,0.787,1.549,254.177,5,80
1,20,255.878,9,1.604,1.622,2.274,258.152,5,85
1,21,259.869,3,0.276,0.299,1.151,261.020,5,90
1,22,262.720,140,32.000,NaN,27.024,289.745,0,90
1,23,291.746,143,32.000,NaN,26.688,318.434,0,90
1,24,320.436,32,5.672,5.680,6.493,326.929,5,95
1,25,328.630,53,10.201,10.225,10.910,339.541,5,100
1,26,341.242,6,0.759,0.781,1.650,342.892,5,105
1,27,344.592,53,10.201,10.221,11.026,355.618,5,110
1,28,357.319,91,18.128,18.154,18.735,376.054,5,115
1,29,377.755,16,3.083,3.103,3.701,381.456,5,120
1,30,383.159,10,1.604,1.618,2.387,385.545,5,125
1,31,387.246,50,10.201,10.220,10.996,398.242,5,130
1,32,399.944,2,0.276,0.291,0.830,400.774,5,135
1,33,402.476,57,10.201,10.215,10.900,413.375,5,140
1,34,415.077,96,32.000,NaN,19.126,434.202,0,140
1,35,436.204,3,0.276,0.298,1.016,437.220,5,145
1,36,438.922,33,5.672,5.684,6.496,445.418,5,150
1,37,447.120,11,1.604,1.621,2.344,449.464,5,155
1,38,451.165,5,0.759,0.777,1.537,452.701,5,160
1,39,454.402,8,0.276,0.291,2.217,456.619,5,165
1,40,458.320,10,1.604,1.625,2.353,460.673,5,170
1,41,462.375,32,5.672,5.691,6.440,468.815,5,175
1,42,470.516,6,0.759,0.785,1.520,472.036,5,180
1,43,473.738,30,5.672,5.683,6.285,480.023,5,185
1,44,481.725,29,5.672,5.684,6.276,488.000,5,190
1,45,489.701,3,0.276,0.293,0.981,490.682,5,195
1,46,492.384,73,18.128,NaN,15.423,507.807,0,195
1,47,509.809,93,32.000,NaN,18.771,528.580,0,195
1,48,530.581,18,3.083,3.100,3.824,534.405,5,200
1,49,536.107,6,0.759,0.776,1.659,537.766,5,205
1,50,539.467,15,3.083,3.101,3.725,543.192,5,210
1,51,544.894,92,18.128,18.151,18.904,563.799,5,215
1,52,565.500,30,5.672,5.682,6.432,571.932,5,220
1,53,573.634,16,3.083,3.101,3.886,577.520,5,225
1,54,579.221,51,10.201,10.220,10.888,590.109,5,230
1,55,591.810,13,3.083,NaN,3.047,594.857,0,230
1,56,596.859,93,32.000,NaN,18.736,615.595,0,230
1,57,617.596,10,1.604,1.626,2.276,619.871,5,235
1,58,621.573,17,3.083,3.101,3.831,625.404,5,240
1,59,627.105,17,3.083,3.105,3.859,630.964,5,245
1,60,632.665,3,0.276,0.296,1.039,633.704,5,250
1,61,635.406,17,3.083,3.091,3.870,639.276,5,255
1,62,640.978,31,5.672,5.690,6.429,647.406,5,260
1,63,649.108,90,18.128,18.153,18.843,667.950,5,265
1,64,669.652,18,3.083,3.095,3.897,673.549,5,270
1,65,675.249,51,10.201,10.220,10.811,686.060,5,275
1,66,687.762,17,3.083,3.094,3.910,691.672,5,280
1,67,693.374,29,5.672,5.685,6.361,699.735,5,285
1,68,701.436,10,1.604,1.625,2.343,703.780,5,290
1,69,705.481,10,1.604,1.616,2.350,707.831,5,295
1,70,709.532,5,0.759,0.782,1.547,711.079,5,300
1,71,712.780,28,5.672,5.688,6.414,719.194,5,305
1,72,720.895,88,18.128,18.167,18.867,739.762,5,310
1,73,741.463,82,18.128,18.159,18.722,760.184,5,315
1,74,761.885,2,0.276,0.287,0.911,762.796,5,320
1,75,764.498,2,0.276,0.292,0.854,765.352,5,325
1,76,767.054,50,10.201,10.226,10.854,777.908,5,330
1,77,779.609,85,18.128,18.164,18.854,798.463,5,335
1,78,800.164,47,10.201,10.214,10.876,811.040,5,340
1,79,812.741,3,0.276,0.306,1.034,813.775,5,345
1,80,815.475,4,0.759,0.790,1.502,816.977,5,350
1,81,818.678,66,32.000,NaN,13.972,832.650,0,350
1,82,834.651,5,0.759,0.790,1.395,836.046,5,355
1,83,837.747,3,0.276,0.294,0.911,838.658,5,360
1,84,840.358,3,0.276,0.285,0.920,841.278,5,365
1,85,842.979,32,32.000,NaN,6.566,849.545,0,365
1,86,851.547,41,32.000,NaN,8.374,859.921,0,365
1,87,861.922,18,3.083,3.116,3.908,865.830,5,370
1,88,867.531,11,1.604,1.626,2.365,869.896,5,375
1,89,871.597,45,18.128,NaN,8.767,880.363,0,375
1,90,882.364,61,32.000,NaN,11.889,894.253,0,375
1,91,896.255,3,0.276,0.298,0.964,897.218,5,380
2,1,1.001,0,18.128,NaN,6.447,7.448,0,380
2,2,9.451,0,0.276,0.297,0.673,10.125,5,385
2,3,12.128,0,1.604,1.622,2.024,14.152,5,390
2,4,16.154,0,0.759,0.781,1.150,17.303,5,395
2,5,19.306,0,5.672,5.683,6.043,25.349,5,400
2,6,27.353,0,0.276,0.287,0.839,28.192,5,405
2,7,30.196,0,3.083,3.097,3.500,33.696,5,410
2,8,35.699,0,3.083,3.097,3.552,39.251,5,415
2,9,41.256,0,32.000,NaN,12.714,53.970,0,415
2,10,55.972,0,0.759,0.782,1.404,57.376,5,420
2,11,59.378,0,18.128,NaN,14.686,74.064,0,420
2,12,76.067,0,10.201,10.218,10.598,86.665,5,425
2,13,88.667,0,32.000,NaN,14.418,103.085,0,425
2,14,105.088,0,0.276,0.289,0.778,105.866,5,430
2,15,107.869,0,32.000,NaN,14.780,122.649,0,430
2,16,124.651,0,32.000,NaN,17.456,142.108,0,430
2,17,144.110,0,1.604,1.619,1.986,146.096,5,435
2,18,148.099,0,18.128,NaN,15.725,163.823,0,435
2,19,165.826,0,5.672,5.682,6.044,171.870,5,440
2,20,173.875,0,10.201,10.223,10.698,184.573,5,445
2,21,186.575,0,0.276,0.291,0.920,187.495,5,450
2,22,189.498,0,5.672,5.689,6.277,195.775,5,455
2,23,197.777,0,1.604,1.627,2.024,199.802,5,460
2,24,201.806,0,0.276,0.300,0.655,202.461,5,465
2,25,204.465,0,0.276,0.292,0.558,205.024,5,470
2,26,207.026,0,18.128,NaN,11.592,218.618,0,470
2,27,220.619,0,3.083,3.097,3.769,224.388,5,475
2,28,226.390,0,0.759,0.778,1.280,227.669,5,480
2,29,229.672,0,1.604,1.615,2.017,231.688,5,485
2,30,233.693,0,1.604,1.613,1.915,235.607,5,490
2,31,237.608,0,10.201,10.220,10.733,248.340,5,495
2,32,250.343,0,10.201,10.224,10.543,260.887,5,500
2,33,262.890,0,18.128,NaN,11.404,274.294,0,500
2,34,276.297,0,1.604,1.612,1.964,278.260,5,505
2,35,280.262,0,5.672,5.684,6.058,286.320,5,510
2,36,288.321,0,32.000,NaN,11.282,299.602,0,510
2,37,301.603,0,3.083,3.102,3.542,305.145,5,515
2,38,307.148,0,18.128,NaN,16.740,323.888,0,515
2,39,325.891,0,32.000,NaN,12.014,337.905,0,515
2,40,339.909,0,10.201,10.218,10.636,350.545,5,520
2,41,352.546,0,3.083,3.100,3.525,356.070,5,525
2,42,358.072,0,1.604,1.626,1.965,360.037,5,530
2,43,362.038,0,3.083,3.095,3.514,365.552,5,535
2,44,367.553,0,5.672,5.685,6.049,373.602,5,540
2,45,375.604,0,3.083,3.102,3.530,379.135,5,545
2,46,381.135,0,10.201,NaN,9.293,390.428,0,545
2,47,392.429,0,1.604,1.618,1.997,394.426,5,550
2,48,396.428,0,32.000,NaN,11.015,407.443,0,550
2,49,409.444,0,5.672,5.680,6.064,415.508,5,555
2,50,417.511,0,0.759,0.781,1.197,418.708,5,560
2,51,420.710,0,0.276,0.300,0.597,421.306,5,565
2,52,423.310,0,0.759,0.784,1.152,424.463,5,570
2,53,426.465,0,10.201,NaN,0.284,426.750,0,570
2,54,428.751,0,5.672,5.682,6.044,434.795,5,575
2,55,436.799,0,5.672,5.688,6.312,443.111,5,580
2,56,445.114,0,18.128,NaN,12.230,457.344,0,580
2,57,459.347,0,0.759,0.782,1.194,460.541,5,585
2,58,462.542,0,3.083,3.106,3.653,466.195,5,590
2,59,468.197,0,0.276,0.285,0.833,469.030,5,595
2,60,471.031,0,10.201,10.224,10.576,481.607,5,600
2,61,483.608,0,0.759,0.782,1.267,484.875,5,605
2,62,486.877,0,32.000,NaN,14.123,501.000,0,605
2,63,503.002,0,18.128,NaN,13.406,516.408,0,605
2,64,518.410,0,18.128,NaN,13.137,531.547,0,605
2,65,533.550,0,18.128,NaN,11.273,544.824,0,605
2,66,546.826,0,0.276,0.293,0.682,547.509,5,610
2,67,549.512,0,10.201,10.214,10.597,560.109,5,615
2,68,562.111,0,5.672,5.685,6.044,568.155,5,620
2,69,570.157,0,0.759,0.774,1.236,571.393,5,625
2,70,573.396,0,0.759,0.786,1.088,574.484,5,630
2,71,576.487,0,32.000,NaN,12.478,588.965,0,630
2,72,590.967,0,0.759,0.774,1.315,592.282,5,635
2,73,594.285,0,18.128,NaN,11.323,605.608,0,635
2,74,607.610,0,10.201,10.210,10.415,618.025,5,640
2,75,620.026,0,1.604,1.613,2.034,622.060,5,645
2,76,624.062,0,1.604,1.629,1.991,626.053,5,650
2,77,628.053,0,3.083,3.106,3.493,631.546,5,655
2,78,633.547,0,0.759,0.781,1.189,634.736,5,660
2,79,636.738,0,1.604,1.625,2.361,639.099,5,665
2,80,641.103,0,10.201,10.216,10.585,651.687,5,670
2,81,653.688,0,18.128,NaN,12.167,665.855,0,670
2,82,667.857,0,5.672,5.689,6.141,673.998,5,675
2,83,676.000,0,32.000,NaN,11.546,687.546,0,675
2,84,689.548,0,5.672,5.691,6.113,695.662,5,680
2,85,697.665,0,1.604,1.627,2.160,699.825,5,685
2,86,701.827,0,0.759,0.783,1.365,703.192,5,690
2,87,705.193,0,10.201,10.223,10.601,715.795,5,695
2,88,717.798,0,0.759,0.787,2.041,719.838,5,700
2,89,721.840,0,0.759,0.780,1.182,723.021,5,705
2,90,725.022,0,3.083,3.100,3.486,728.509,5,710
2,91,730.511,0,0.276,0.295,0.647,731.158,5,715
2,92,733.161,0,5.672,5.683,6.077,739.238,5,720
2,93,741.241,0,3.083,3.106,3.502,744.743,5,725
2,94,746.747,0,1.604,1.619,2.090,748.836,5,730
2,95,750.838,0,18.128,NaN,9.568,760.405,0,730
2,96,762.408,0,0.759,0.781,1.241,763.649,5,735
2,97,765.652,0,5.672,5.691,6.096,771.747,5,740
2,98,773.752,0,18.128,NaN,11.728,785.480,0,740
2,99,787.483,0,1.604,1.618,2.092,789.574,5,745
2,100,791.577,0,0.276,0.292,0.611,792.188,5,750
2,101,794.190,0,18.128,NaN,8.728,802.919,0,750
2,102,804.922,0,3.083,3.105,3.773,808.695,5,755
2,103,810.699,0,32.000,NaN,9.535,820.235,0,755
2,104,822.236,0,32.000,NaN,8.977,831.213,0,755
2,105,833.214,0,18.128,NaN,10.277,843.491,0,755
2,106,845.493,0,32.000,NaN,11.324,856.817,0,755
2,107,858.820,0,10.201,10.219,10.698,869.518,5,760
2,108,871.520,0,32.000,NaN,9.932,881.452,0,760
2,109,883.456,0,0.276,0.290,0.686,884.142,5,765
2,110,886.143,0,0.276,0.288,0.602,886.745,5,770
2,111,888.747,0,3.083,3.102,3.421,892.169,5,775
3,1,1.001,0,3.083,3.101,3.734,4.735,5,780
3,2,6.737,0,32.000,NaN,8.680,15.416,0,780
3,3,17.419,0,10.201,NaN,7.972,25.391,0,780
3,4,27.393,0,5.672,5.689,6.342,33.735,5,785
3,5,35.739,0,0.759,0.779,1.229,36.967,5,790
3,6,38.970,0,5.672,5.685,6.053,45.023,5,795
3,7,47.024,0,32.000,NaN,8.416,55.439,0,795
3,8,57.441,0,5.672,5.689,6.103,63.544,5,800
3,9,65.546,0,3.083,3.103,3.521,69.067,5,805
3,10,71.068,0,10.201,NaN,9.695,80.763,0,805
3,11,82.766,0,0.759,0.790,1.275,84.041,5,810
3,12,86.043,0,1.604,1.615,2.001,88.044,5,815
3,13,90.045,0,0.759,0.781,1.199,91.244,5,820
3,14,93.247,0,3.083,3.098,3.564,96.811,5,825
3,15,98.813,0,0.276,0.300,1.090,99.904,5,830
3,16,101.906,0,3.083,3.094,3.500,105.405,5,835
3,17,107.406,0,18.128,NaN,9.351,116.757,0,835
3,18,118.761,0,5.672,5.681,6.176,124.937,5,840
3,19,126.940,0,5.672,5.689,6.124,133.064,5,845
3,20,135.067,0,0.276,0.297,0.742,135.810,5,850
3,21,137.813,0,18.128,NaN,9.399,147.211,0,850
3,22,149.213,0,1.604,1.625,1.990,151.203,5,855
3,23,153.206,0,10.201,10.221,10.614,163.820,5,860
3,24,165.821,0,32.000,NaN,10.679,176.500,0,860
3,25,178.504,0,32.000,NaN,8.859,187.363,0,860
3,26,189.367,0,0.276,0.289,0.774,190.141,5,865
3,27,192.143,0,10.201,10.219,10.221,202.364,5,870
3,28,204.369,0,1.604,1.612,2.098,206.467,5,875
3,29,208.468,0,5.672,5.684,6.112,214.580,5,880
3,30,216.582,0,1.604,1.621,1.999,218.580,5,885
3,31,220.583,0,3.083,3.106,3.525,224.107,5,890
3,32,226.110,0,3.083,3.098,3.502,229.612,5,895
3,33,231.616,0,5.672,5.680,6.106,237.722,5,900
3,34,239.723,0,10.201,NaN,9.611,249.334,0,900
3,35,251.336,0,0.276,0.300,0.744,252.080,5,905
3,36,254.081,0,5.672,5.692,6.314,260.395,5,910
3,37,262.397,0,18.128,NaN,10.578,272.975,0,910
3,38,274.979,0,10.201,NaN,9.330,284.309,0,910
3,39,286.310,0,18.128,NaN,5.146,291.456,0,910
3,40,293.457,0,3.083,3.100,3.563,297.021,5,915
