0,1,0.395,0.694,0.844,0.977,1.217,1.395,1.542,1.692,1.849,1.993,2.150,2.298,2.439,2.574,2.699,2.811,2.927,3.058,3.196,3.340,3.484,3.626,3.777,3.933,4.090,4.241,4.397,4.530,4.668,4.812,4.957,5.108,5.264,5.402,5.540,5.685,5.833,5.982,6.125,6.269,6.402,6.539,6.685,6.827,6.969,7.118,7.272,7.414,7.565,7.720,7.868,8.015,8.167,8.302,8.420,8.568,8.711,8.899,9.170,9.322,9.461,9.627,9.800,9.968,10.150,10.318,10.481,10.680,10.900,11.047,
0,1,,
0,1,,
0,1,0.268,0.404,0.551,0.683,0.884,1.018,1.166,1.305,1.445,1.666,1.902,2.023,2.173,2.324,2.476,2.620,2.769,2.894,3.034,3.184,
1,1,0.319,0.439,0.586,0.727,0.856,0.988,1.081,1.213,1.355,1.491,1.610,1.730,1.852,1.950,2.105,2.263,2.396,2.543,2.686,2.823,2.961,3.113,3.263,3.409,3.549,3.804,3.915,4.054,4.206,4.344,4.496,4.647,4.775,4.916,5.061,5.216,5.354,5.496,5.648,5.801,5.957,6.101,6.236,6.369,6.515,6.657,6.802,6.951,7.100,7.235,7.399,7.536,7.686,7.831,7.984,8.149,8.270,8.417,8.649,8.784,8.899,9.043,9.180,9.332,9.497,9.654,9.797,9.968,10.098,10.250,
1,2,0.445,0.599,0.725,0.861,1.000,1.149,1.266,1.399,1.476,1.650,1.781,1.921,2.060,2.200,2.322,2.544,2.674,2.820,2.953,3.091,3.242,3.400,3.532,3.675,3.823,3.963,4.108,4.243,4.401,4.532,4.682,4.830,4.985,5.134,5.268,5.401,5.549,5.698,5.840,5.995,6.135,6.268,6.398,6.540,6.676,6.827,6.978,7.125,7.273,7.407,7.543,7.699,7.841,7.994,8.142,8.290,8.438,8.581,8.712,8.870,9.024,9.178,9.307,9.451,9.600,9.752,9.906,10.060,10.203,10.341,10.467,10.603,10.718,10.872,11.029,11.197,11.358,11.499,
1,3,0.318,0.464,0.596,0.731,0.876,1.019,1.151,1.283,1.430,1.581,1.730,1.873,2.019,2.152,2.278,2.424,2.562,2.703,2.863,2.998,3.153,3.291,3.441,3.585,3.728,3.868,4.020,4.159,4.304,4.451,4.594,4.727,4.865,5.020,5.148,5.292,5.427,5.579,5.727,5.878,6.029,6.195,6.350,6.501,6.655,6.802,6.945,7.092,7.228,7.372,7.530,7.683,7.834,7.975,8.123,8.272,8.393,8.522,8.652,8.803,8.955,9.100,9.247,9.396,9.560,9.720,9.889,10.044,10.195,10.351,10.499,10.652,10.807,10.959,11.099,11.244,11.390,11.557,11.721,11.875,12.028,12.200,12.355,12.524,12.671,12.833,12.986,13.146,13.302,13.456,13.611,13.775,13.891,14.029,14.169,14.325,
1,4,0.350,0.481,0.627,0.766,0.912,1.061,1.216,1.363,1.514,1.659,1.809,1.963,2.112,2.264,2.419,2.566,2.710,2.867,3.031,3.166,3.330,3.467,3.628,3.783,3.940,4.100,4.240,4.398,4.532,4.660,4.812,4.955,5.113,5.270,5.408,5.565,5.724,5.876,6.032,6.186,6.344,6.516,6.664,6.816,6.981,7.150,7.291,7.449,7.588,7.750,7.904,8.048,8.205,8.365,8.521,8.678,8.836,8.981,9.150,9.295,9.448,9.609,9.744,9.906,10.065,10.229,10.401,10.545,10.704,10.856,11.018,11.166,11.324,11.486,11.644,11.796,11.942,12.094,12.242,12.407,12.559,12.725,12.898,13.057,13.205,13.360,13.519,13.671,13.822,13.973,14.124,14.288,14.446,14.604,14.770,14.902,15.048,15.195,15.341,15.486,15.650,15.810,
1,5,,
1,6,0.288,0.431,0.569,0.702,0.849,1.001,1.155,1.310,1.459,1.613,1.774,1.921,2.067,2.224,2.375,2.524,2.675,2.824,2.979,3.141,3.296,3.435,3.587,3.734,3.876,4.025,4.156,4.298,4.457,4.600,4.775,4.904,5.053,5.203,5.364,5.530,5.689,5.844,6.000,6.160,6.319,6.478,6.643,6.785,6.942,7.116,7.279,7.430,7.589,7.747,7.902,8.061,8.231,8.394,8.557,8.716,8.894,9.043,9.209,9.378,9.542,9.703,9.864,10.023,10.175,
1,7,0.321,0.451,0.603,0.747,0.898,1.046,1.195,1.347,1.519,1.652,1.802,1.955,2.109,2.269,2.405,2.556,2.721,2.876,3.040,3.183,3.363,3.503,3.669,3.819,3.981,4.136,4.297,4.454,4.608,4.770,4.909,5.070,5.224,5.387,5.521,5.670,5.837,5.993,6.145,6.298,6.452,6.619,6.776,6.941,7.089,7.249,7.418,7.574,7.725,7.893,8.049,8.216,
1,8,0.343,0.482,0.620,0.771,0.905,1.043,1.196,1.337,1.452,1.609,1.772,1.928,2.068,2.216,2.374,2.531,
1,9,0.326,0.449,0.604,0.743,0.895,1.042,1.196,1.339,1.489,1.645,1.789,1.950,2.108,2.274,2.399,2.555,2.691,2.841,3.003,3.161,3.324,3.485,3.646,3.805,3.957,4.116,4.280,4.442,4.591,4.735,4.892,5.037,5.182,5.331,5.473,5.624,5.776,5.933,6.098,6.259,6.417,6.579,6.746,6.911,7.068,7.214,7.371,7.527,7.686,7.833,7.994,8.143,8.292,8.440,8.579,8.717,8.855,9.001,9.144,9.282,9.428,9.574,9.723,9.853,9.993,10.145,10.284,10.435,10.579,10.735,10.895,11.038,11.220,
1,10,0.248,0.373,0.525,0.660,0.799,0.958,1.110,1.275,1.392,1.537,1.679,1.806,1.945,2.091,2.244,
1,11,0.375,0.512,0.646,0.779,0.930,1.064,1.211,1.347,1.498,1.646,1.796,1.955,2.103,2.242,2.397,2.539,2.682,2.828,2.976,3.116,3.264,3.406,3.545,3.705,3.865,4.014,4.152,4.311,4.476,4.648,4.791,4.947,5.113,5.265,5.407,5.553,5.701,5.844,5.995,6.127,6.274,6.429,6.575,6.730,6.875,7.039,7.192,7.350,7.496,7.664,7.812,7.968,8.149,8.303,
1,12,0.300,0.447,0.593,0.721,0.874,1.017,1.175,1.330,1.469,1.628,1.779,1.919,2.077,2.219,2.384,2.526,2.691,2.836,3.001,3.144,3.283,3.436,3.593,3.736,3.902,4.052,4.210,
1,13,0.274,0.414,0.568,0.694,0.833,0.960,1.097,1.249,1.396,1.546,1.684,1.818,1.972,2.116,2.275,2.404,2.555,2.702,2.846,2.996,3.151,3.276,3.422,3.593,3.718,3.849,3.997,4.151,4.330,
1,14,0.305,0.443,0.589,0.721,0.863,1.027,1.171,1.327,1.497,1.648,1.802,1.952,2.108,2.278,2.425,2.584,2.739,2.894,3.044,3.194,3.351,3.511,3.672,3.829,3.986,4.145,4.300,4.457,4.608,4.770,4.929,5.096,5.272,5.453,5.621,5.771,5.926,6.085,6.247,6.408,6.567,6.726,6.896,7.066,7.237,7.412,7.577,
1,15,0.226,0.358,0.502,0.651,0.788,0.941,1.090,1.235,1.401,1.542,1.704,1.856,2.018,2.169,2.334,2.492,2.656,2.817,2.977,3.138,3.302,3.461,3.616,3.778,3.933,4.094,4.269,
1,16,0.328,0.462,0.613,0.767,0.905,1.060,1.200,1.346,1.500,1.650,1.795,1.947,2.110,2.267,
1,17,,
1,18,0.400,0.545,0.687,0.830,0.978,1.150,1.285,1.436,1.582,1.745,1.900,2.060,2.215,2.369,2.534,2.684,2.845,3.000,3.162,3.320,3.479,3.651,3.805,3.973,4.138,4.302,4.457,4.610,4.768,4.920,5.078,5.240,5.404,5.569,5.731,5.895,6.065,6.234,6.407,6.589,6.769,6.914,7.072,7.232,7.396,7.558,7.719,7.874,8.035,8.188,
1,19,0.301,0.440,0.596,0.741,0.897,1.060,1.213,1.369,1.527,1.691,1.856,2.022,2.181,2.342,2.531,2.685,2.848,3.148,3.292,3.451,3.608,3.777,3.938,4.103,4.265,4.413,4.589,4.753,4.920,5.090,5.265,5.429,5.580,5.740,5.904,6.079,6.237,6.408,6.587,6.766,6.940,7.123,7.310,7.481,7.650,7.807,7.972,8.149,8.317,8.485,8.650,8.811,8.988,9.159,9.336,9.517,9.704,
1,20,0.124,0.277,0.447,0.593,0.777,0.906,1.071,1.242,1.409,1.571,1.722,1.876,2.033,2.194,2.348,2.514,2.687,2.860,3.031,3.198,3.364,3.535,3.702,3.895,4.055,4.230,
1,21,0.356,0.497,0.645,0.788,0.939,1.090,1.241,1.407,1.567,1.734,1.896,2.046,2.211,2.370,2.541,2.706,2.854,3.027,3.201,3.362,3.527,3.684,3.851,4.018,4.197,4.369,4.532,4.697,4.868,5.050,5.235,5.411,5.585,5.764,5.925,6.092,6.247,6.419,6.580,6.746,6.903,7.062,7.232,7.415,7.575,7.732,7.907,8.071,8.236,8.399,8.556,8.721,8.899,9.044,9.204,9.354,9.525,9.686,9.871,10.034,10.212,10.400,10.566,10.738,10.909,11.082,11.267,11.431,11.602,11.782,11.960,12.121,12.279,12.460,12.651,
1,22,0.303,0.453,0.601,0.748,0.900,1.050,1.197,1.351,1.517,1.675,1.823,1.979,2.151,2.301,2.463,2.619,2.789,2.957,3.117,3.283,3.445,3.612,3.780,3.942,4.108,4.268,4.439,4.608,4.773,4.942,5.115,5.309,5.501,5.685,5.857,6.019,6.193,6.372,6.541,6.722,6.889,7.061,7.228,7.403,7.549,7.714,7.877,8.044,8.210,8.362,8.520,8.663,8.814,8.958,9.123,9.289,9.442,9.580,9.750,9.919,10.080,
1,23,0.343,0.471,0.640,0.782,0.946,1.094,1.247,1.399,1.551,1.710,1.857,2.024,2.155,2.311,2.472,2.641,2.808,2.982,3.153,3.315,3.487,3.622,3.774,3.936,4.093,4.275,4.419,4.581,4.739,4.910,5.081,5.244,5.407,5.553,5.717,5.877,6.047,6.210,6.392,6.554,6.715,6.877,7.038,7.205,7.393,7.554,7.731,7.915,8.093,8.277,8.443,8.619,8.798,8.964,9.124,
1,24,0.352,0.491,0.652,0.789,0.939,1.100,1.268,1.414,1.591,1.769,1.917,2.072,2.240,2.402,2.546,2.703,2.864,3.019,3.180,3.341,3.488,3.643,3.797,3.954,4.114,4.274,4.450,4.607,4.776,4.942,5.108,5.275,5.442,5.596,5.771,5.927,6.096,6.271,6.446,6.609,6.780,6.955,7.138,7.283,7.454,7.619,7.904,8.071,8.229,8.405,8.572,8.752,8.935,9.139,9.306,9.496,9.676,9.901,
1,25,0.292,0.448,0.611,0.771,0.914,1.052,1.211,1.373,1.526,1.683,1.847,2.022,2.162,2.312,2.475,2.639,2.800,2.977,3.143,3.309,3.461,3.626,3.787,3.948,4.118,4.288,4.462,4.639,4.797,4.959,5.117,5.278,5.437,5.586,5.773,5.917,6.077,6.243,6.395,6.538,6.674,6.821,6.979,7.145,7.305,7.472,7.641,7.786,7.950,8.123,8.286,8.457,8.641,8.809,8.989,9.173,9.353,9.537,9.725,9.901,
1,26,0.396,0.536,0.693,0.837,0.982,1.141,1.280,1.426,1.571,1.719,1.866,2.025,2.169,2.335,2.498,2.657,2.829,3.026,3.167,3.329,3.490,3.643,3.801,3.933,4.084,4.243,
1,27,0.286,0.439,0.585,0.717,0.864,1.016,1.154,1.310,1.443,1.601,1.744,1.900,2.069,2.207,2.366,2.521,2.668,2.817,2.975,3.124,3.285,3.460,3.598,3.749,3.915,4.083,4.243,4.401,4.545,4.700,4.860,5.018,5.185,5.333,5.499,5.651,5.805,5.976,6.152,6.305,6.461,6.625,6.784,6.943,7.103,7.269,7.427,7.594,7.769,7.937,8.113,8.279,
1,28,0.311,0.465,0.606,0.742,0.876,1.026,1.177,1.330,1.485,1.649,1.803,1.973,2.139,2.281,2.432,2.593,2.746,2.896,3.053,3.214,3.367,3.523,3.676,3.832,3.995,4.147,4.309,4.459,4.605,4.773,4.911,5.067,5.220,5.390,5.535,5.707,5.875,6.042,6.213,6.365,6.533,6.708,6.862,7.029,7.191,7.347,7.525,7.678,7.851,8.025,8.179,8.341,8.503,8.679,8.841,9.025,9.214,9.346,9.522,9.692,9.858,10.035,10.211,
1,29,0.375,0.516,0.657,0.795,0.939,1.091,1.248,1.409,1.549,1.707,1.862,2.013,2.161,2.315,
1,30,,
1,31,0.276,0.414,0.549,0.678,0.811,0.959,1.091,1.242,1.372,1.531,1.683,1.836,2.001,2.148,2.314,2.465,2.619,2.782,2.943,3.091,3.261,3.402,3.564,3.719,3.876,4.036,4.191,4.343,4.485,4.653,4.810,4.972,5.121,5.300,5.454,5.622,5.794,5.962,6.105,6.262,6.420,6.583,6.762,6.900,7.051,7.202,7.371,7.520,7.686,7.846,8.017,8.177,8.335,8.492,8.646,8.810,8.959,
1,32,0.288,0.423,0.564,0.695,0.825,0.961,1.090,1.225,1.366,1.521,1.680,1.822,1.965,2.106,2.242,2.376,2.521,2.655,
1,33,0.282,0.419,0.567,0.700,0.845,0.997,1.152,1.305,1.451,1.595,1.742,1.898,2.036,2.185,2.346,2.515,2.667,2.834,2.982,3.149,3.293,3.464,3.649,3.793,3.954,4.128,4.296,4.463,4.621,4.775,4.950,5.123,5.291,5.446,5.650,5.804,5.971,6.150,6.301,6.456,6.621,6.776,6.934,7.092,7.267,7.428,7.595,7.768,7.934,8.095,8.268,8.432,8.613,8.777,8.951,9.120,9.305,9.482,9.676,9.859,10.023,
1,34,0.290,0.429,0.583,0.731,0.896,1.029,1.189,1.354,1.497,1.646,1.806,1.952,2.112,2.263,2.418,2.567,2.713,2.858,3.013,3.151,3.303,3.456,3.617,3.768,3.931,4.101,4.269,4.422,4.583,4.735,4.898,5.053,5.197,5.361,5.529,5.701,5.854,6.019,6.185,6.349,6.503,6.667,6.818,6.967,7.110,7.270,7.429,7.565,7.742,7.904,8.065,8.225,8.399,8.556,8.716,8.877,9.069,9.241,9.408,9.591,9.771,9.956,10.124,10.301,10.501,10.671,10.848,11.060,11.236,
1,35,0.201,0.346,0.497,0.646,0.770,0.904,1.054,1.212,1.396,1.545,1.709,1.853,2.001,2.155,2.302,2.449,2.601,2.764,2.924,3.081,3.242,3.409,3.566,3.716,3.897,4.057,4.223,4.398,4.541,4.704,4.874,5.054,5.214,5.362,5.523,5.679,5.830,5.986,6.148,
1,36,0.316,0.554,0.701,0.855,1.002,1.155,1.311,1.463,1.634,1.782,1.948,2.124,2.292,2.460,2.635,2.768,2.910,3.065,3.227,3.402,3.552,3.721,3.902,4.043,4.195,4.349,4.519,4.657,4.809,4.960,5.124,5.281,5.437,5.600,5.774,5.937,6.104,6.270,6.420,6.576,6.732,6.886,7.041,7.200,7.352,7.502,7.663,7.833,8.020,8.167,
1,37,0.321,0.463,0.619,0.725,0.855,0.992,1.127,1.281,1.452,1.601,1.744,1.903,2.053,2.206,2.364,2.520,2.675,2.838,3.000,3.169,3.317,3.476,3.625,3.770,3.918,4.066,4.210,4.368,4.529,4.702,4.875,5.035,5.189,5.348,5.521,5.666,5.808,5.968,6.138,6.296,
1,38,0.275,0.426,0.585,0.729,0.892,1.028,1.186,1.342,1.491,1.647,1.797,1.946,2.104,2.276,2.418,2.557,2.699,2.860,3.013,3.176,3.333,3.494,3.655,3.820,3.978,4.144,4.308,4.475,4.644,4.798,4.960,5.144,5.305,5.475,5.645,5.805,5.960,6.118,6.269,6.438,6.607,6.783,6.961,7.122,7.275,7.430,7.575,7.725,7.896,8.079,8.250,8.417,8.583,8.736,8.896,9.042,9.202,9.363,9.513,9.668,9.842,9.981,10.159,10.325,10.501,10.674,10.836,11.014,11.168,11.336,11.498,11.672,11.834,11.996,12.148,12.289,
1,39,0.342,0.492,0.640,0.782,0.925,1.082,1.206,1.338,1.479,1.659,1.779,1.925,2.093,2.252,2.422,2.577,2.775,2.932,3.100,3.275,3.413,3.575,3.724,3.897,4.054,4.213,4.397,4.563,4.721,4.893,5.034,5.202,5.368,5.531,5.699,5.855,6.016,6.177,6.333,6.510,6.680,6.865,7.045,7.216,7.394,7.555,7.732,7.906,8.072,8.231,8.399,8.563,8.728,8.894,9.062,9.242,9.416,9.579,9.732,9.895,
1,40,0.416,0.557,0.703,0.854,1.001,1.154,1.297,1.449,1.592,1.745,1.900,2.048,2.200,2.361,2.522,2.681,2.836,2.996,3.151,3.320,3.475,3.637,3.801,3.954,4.102,4.254,4.401,4.533,4.686,4.834,4.999,5.156,5.312,5.466,5.617,5.773,5.936,6.094,6.273,
1,41,0.307,0.458,0.612,0.763,0.921,1.069,1.238,1.396,1.565,1.730,1.897,2.048,2.206,2.357,
1,42,0.328,0.465,0.607,0.739,0.874,1.022,1.156,1.293,1.432,1.576,1.721,1.861,2.023,2.151,2.297,2.445,2.583,2.725,2.877,3.035,3.189,3.355,3.502,3.640,3.801,3.964,4.140,4.292,4.446,4.606,4.774,4.934,5.239,5.406,5.559,5.743,5.896,6.065,6.223,
1,43,0.318,0.470,0.626,0.769,0.904,1.062,1.205,1.357,1.519,1.656,1.803,1.946,2.097,2.244,2.400,2.541,2.684,2.838,2.988,3.153,3.291,3.447,3.611,3.775,3.935,4.120,4.271,4.428,4.586,4.749,4.901,5.070,5.222,5.388,5.558,5.722,5.897,6.068,6.229,6.377,6.526,6.668,6.799,6.964,7.122,7.287,7.457,7.607,7.772,7.902,8.056,8.207,8.358,8.531,8.698,8.863,9.023,9.182,9.344,9.523,9.683,9.840,9.995,10.164,10.333,10.495,10.649,10.804,10.975,11.140,
1,44,0.294,0.441,0.590,0.712,0.855,0.996,1.126,1.409,1.534,1.706,1.865,2.026,2.189,2.346,2.517,2.672,2.830,2.988,3.151,3.286,3.435,3.583,3.739,3.906,4.071,4.237,4.394,4.552,4.714,4.873,5.040,5.205,5.360,5.523,5.696,5.854,6.019,6.187,6.343,6.519,6.680,6.840,6.998,7.184,7.359,7.528,7.693,7.864,8.032,8.190,8.351,8.504,
1,45,0.400,0.525,0.662,0.797,0.924,1.079,1.219,1.350,1.517,1.665,1.816,1.979,2.151,2.292,2.455,2.615,2.772,2.940,3.096,3.254,3.413,3.580,3.733,3.910,4.074,4.214,
1,46,0.323,0.476,0.626,0.771,0.926,1.063,1.217,1.363,1.522,1.674,1.831,1.974,2.139,2.306,2.469,2.644,2.797,2.972,3.139,3.307,3.471,3.627,3.788,3.952,4.112,4.273,4.435,4.592,4.743,4.878,5.023,5.180,5.317,5.466,5.628,5.789,5.953,6.110,6.274,
1,47,,
1,48,0.266,0.411,0.563,0.704,0.858,1.002,1.150,1.300,1.424,1.576,1.729,1.900,2.067,2.213,2.400,2.551,2.724,2.912,3.073,3.240,3.400,3.564,3.720,3.884,4.051,4.203,4.370,4.552,4.717,4.875,5.036,5.198,5.367,5.543,5.714,5.873,6.030,6.189,6.353,6.519,6.649,6.819,6.979,7.162,7.338,7.520,7.674,7.848,8.020,8.182,8.355,8.529,8.706,8.878,9.054,9.222,9.404,9.573,9.740,9.914,10.077,10.234,10.401,10.558,
1,49,0.269,0.421,0.561,0.708,0.857,1.013,1.147,1.297,1.453,1.600,1.764,1.902,2.049,2.203,2.345,2.490,2.652,2.803,2.947,3.108,3.252,3.402,3.564,3.729,3.898,4.059,4.233,4.398,4.549,4.707,4.873,5.035,5.208,5.399,5.552,5.705,5.864,6.026,6.202,6.363,6.521,6.664,6.819,6.967,7.116,7.266,
1,50,,
1,51,0.367,0.512,0.654,0.790,0.927,1.070,1.219,1.361,1.530,1.658,1.817,1.959,2.117,2.267,2.412,2.548,2.697,2.845,3.014,3.162,3.335,3.514,3.681,3.848,3.992,4.148,4.289,4.434,4.550,4.702,4.842,4.997,5.156,5.323,5.496,5.666,5.846,6.020,6.184,6.366,6.546,6.732,6.899,7.070,7.231,7.399,7.579,7.749,7.924,8.098,8.266,8.424,8.589,8.748,8.915,9.069,9.228,9.400,9.579,9.767,9.950,10.114,10.279,
1,52,0.322,0.469,0.620,0.773,0.904,1.037,1.182,1.324,1.474,1.621,1.773,1.914,2.059,2.230,2.390,2.545,2.705,2.862,3.024,3.181,3.345,3.524,3.681,3.848,4.024,4.200,4.376,4.557,4.726,4.903,5.081,5.275,5.454,5.642,5.796,5.957,6.117,6.284,6.432,6.584,6.897,7.066,7.233,7.404,7.563,7.731,7.904,8.082,8.263,
1,53,0.493,0.649,0.800,0.952,1.100,1.266,1.430,1.600,1.766,1.921,2.072,2.206,2.358,2.501,2.655,2.801,2.948,3.112,3.267,3.434,3.603,3.767,3.935,4.111,4.277,4.447,4.626,4.783,4.932,5.095,5.253,5.406,5.565,5.720,5.902,6.043,6.202,6.371,6.546,6.708,6.867,7.027,7.186,7.337,7.494,7.658,7.829,7.962,8.153,8.302,8.470,8.636,8.804,8.969,9.150,9.311,9.470,9.622,9.798,9.973,10.154,10.333,10.521,10.691,10.868,11.036,
1,54,0.406,0.554,0.698,0.857,1.018,1.169,1.323,1.484,1.652,1.790,1.940,2.079,2.240,2.410,2.578,2.727,2.902,3.053,3.222,3.402,3.575,3.769,3.941,4.136,4.303,4.472,4.642,4.813,4.986,5.174,5.355,5.541,5.723,5.904,6.091,6.279,6.460,6.648,6.839,7.021,7.202,7.388,7.558,7.740,7.911,8.090,8.271,8.443,8.613,8.785,8.960,9.138,9.300,9.465,9.639,9.793,10.022,
1,55,,
1,56,0.227,0.396,0.545,0.690,0.839,0.980,1.146,1.267,1.427,1.589,1.738,1.897,2.053,2.197,2.356,2.514,2.668,2.841,3.014,3.188,3.345,3.503,3.677,3.832,3.979,4.148,4.307,4.454,4.612,4.777,4.926,5.097,5.244,5.426,5.597,5.765,5.942,6.121,6.296,6.455,6.649,6.812,6.981,7.164,7.348,7.531,7.720,7.900,8.078,8.266,
1,57,,
1,58,0.263,0.421,0.567,0.712,0.857,0.999,1.147,1.296,1.437,1.587,1.744,1.902,2.072,2.249,2.402,2.567,2.746,2.925,3.109,3.297,3.482,3.666,3.840,4.015,4.197,4.372,4.543,4.711,4.907,5.100,5.290,5.477,5.664,5.870,6.053,6.248,
1,59,0.297,0.437,0.598,0.731,0.900,1.054,1.213,1.365,1.495,1.651,1.789,1.922,2.073,2.226,2.401,2.551,2.706,2.872,3.036,3.195,3.366,3.533,3.698,3.872,4.033,4.195,4.366,4.527,4.686,4.864,5.043,5.218,5.386,5.556,5.746,5.933,6.098,6.297,6.471,6.659,6.838,7.038,7.216,7.387,7.563,7.728,7.904,8.081,8.270,8.441,8.625,8.796,8.957,9.121,9.279,9.449,9.638,9.803,9.961,10.138,
1,60,0.282,0.425,0.586,0.736,0.919,1.042,1.207,1.363,1.533,1.692,1.859,2.030,2.188,2.363,2.536,2.708,2.902,3.071,3.249,3.435,3.597,3.701,3.907,4.072,4.237,4.411,4.566,4.726,4.903,5.072,5.229,5.409,5.569,5.752,5.913,6.060,6.238,6.410,6.592,6.770,6.955,7.137,7.330,7.496,7.680,7.855,8.052,8.234,8.414,8.606,8.799,8.979,9.171,9.375,9.575,9.772,9.973,10.175,
1,61,0.341,0.459,0.616,0.767,0.933,1.087,1.246,1.397,1.549,1.690,1.840,1.984,2.147,2.290,2.446,2.605,2.764,2.934,3.087,3.267,3.430,3.600,3.773,3.955,4.148,4.311,4.486,4.657,4.824,4.989,5.167,5.351,5.520,5.704,5.866,6.037,6.217,
1,62,0.300,0.436,0.611,0.742,0.898,1.033,1.188,1.367,1.542,1.714,1.865,2.033,2.195,2.360,2.523,2.699,2.876,3.049,3.399,3.543,3.706,3.899,4.075,4.266,4.430,4.649,
1,63,0.399,0.493,0.649,0.799,0.956,1.127,1.284,1.452,1.614,1.775,1.950,2.118,2.288,2.446,2.605,2.748,2.905,3.076,3.243,3.412,3.583,3.767,3.928,4.090,4.246,4.416,4.574,4.738,4.901,5.058,5.191,5.340,5.494,5.652,5.802,5.951,6.110,6.277,6.447,6.621,6.802,6.973,7.139,7.322,7.494,7.666,7.853,8.053,8.245,8.408,8.578,8.719,8.893,9.061,9.219,9.387,9.563,9.750,9.938,
1,64,0.303,0.416,0.606,0.766,0.904,1.053,1.203,1.335,1.478,1.650,1.781,1.934,2.090,2.251,2.405,2.557,2.720,2.875,3.029,3.194,3.353,3.517,3.666,3.830,3.998,4.163,4.324,
1,65,0.277,0.415,0.571,0.715,0.870,0.996,1.112,1.277,1.412,1.568,1.732,1.894,2.055,2.217,2.374,2.538,2.701,2.861,3.019,3.195,3.358,3.512,3.679,3.854,4.029,4.189,4.362,4.539,4.714,4.873,5.048,5.215,5.396,5.551,5.715,5.869,6.024,6.192,6.363,6.539,6.715,6.897,7.073,7.263,7.440,7.627,7.807,7.986,8.178,8.333,8.514,8.697,8.862,9.042,9.226,9.416,9.599,9.792,9.969,10.166,10.359,10.535,10.708,10.899,11.068,11.243,11.436,11.600,
1,66,,
1,67,0.237,0.397,0.535,0.684,0.821,0.966,1.147,1.264,1.418,1.572,1.709,1.859,2.014,2.165,2.311,2.475,
1,68,0.272,0.410,0.553,0.682,0.825,0.957,1.224,1.377,1.523,1.676,1.824,1.973,2.140,2.294,2.464,2.624,2.785,2.949,3.140,3.326,3.524,3.693,3.865,4.029,4.178,4.324,
1,69,0.223,0.365,0.525,0.651,0.776,0.909,1.073,1.212,1.372,1.539,1.701,1.850,1.996,2.163,2.318,2.470,2.652,2.783,2.945,3.096,3.247,3.398,3.537,3.683,3.821,3.984,4.124,4.281,
1,70,0.452,0.597,0.739,0.869,1.022,1.143,1.281,1.423,1.569,1.732,1.873,2.022,2.183,2.479,2.639,2.802,2.944,3.106,3.273,3.417,3.570,3.716,3.890,4.042,4.203,4.352,4.524,4.671,4.849,5.024,5.178,5.356,5.529,5.700,5.871,6.042,6.204,6.349,
1,71,0.228,0.371,0.527,0.658,0.800,0.950,1.092,1.222,1.368,1.527,1.675,1.830,1.979,2.144,2.294,2.444,2.593,2.745,2.894,3.040,3.197,3.353,3.518,3.672,3.838,4.003,4.169,4.337,4.512,4.670,4.854,5.032,5.201,5.361,5.520,5.683,5.848,6.013,6.164,
1,72,0.229,0.375,0.526,0.666,0.811,0.965,1.106,1.249,1.398,1.533,1.680,1.832,1.975,2.148,2.283,2.442,2.606,2.744,2.907,3.065,3.228,3.399,3.556,3.702,3.868,4.050,4.228,4.404,4.587,4.766,4.933,5.100,5.282,5.455,5.624,5.798,5.947,6.125,6.307,6.482,6.666,6.851,7.032,7.217,7.401,7.558,7.732,7.900,8.080,8.268,8.435,8.612,8.777,8.975,
1,73,0.242,0.396,0.546,0.679,0.823,0.963,1.106,1.258,1.407,1.556,1.711,1.874,2.026,2.184,2.335,2.496,2.647,2.806,2.964,3.107,3.224,3.401,3.554,3.709,3.869,4.042,4.206,4.369,4.523,4.693,4.866,5.032,5.197,5.363,5.539,5.709,5.878,6.046,6.213,6.394,6.549,6.720,6.895,7.040,7.210,7.395,7.562,7.730,7.895,8.044,8.211,
1,74,0.277,0.416,0.565,0.701,0.854,1.000,1.156,1.315,1.476,1.649,1.802,1.965,2.127,2.284,2.443,2.601,2.766,2.914,3.080,3.238,3.400,3.560,3.732,3.905,4.081,4.267,4.438,4.609,4.785,4.960,5.134,5.301,5.470,5.651,5.811,5.977,6.151,6.307,6.476,6.626,6.793,6.971,7.149,7.329,7.518,7.673,7.840,8.019,8.196,8.362,8.540,8.704,8.902,9.051,9.237,9.407,9.560,
1,75,0.329,0.462,0.613,0.777,0.918,1.048,1.184,1.343,1.499,1.652,1.805,1.977,2.119,2.283,2.440,2.603,2.771,2.938,3.099,3.229,3.395,3.555,3.704,3.871,4.035,4.188,4.349,4.525,4.692,4.852,5.012,5.186,5.351,5.548,5.747,5.917,6.096,6.267,6.440,6.619,6.792,6.980,7.151,7.325,7.498,7.674,7.848,8.013,8.190,
1,76,0.322,0.474,0.617,0.773,0.902,1.038,1.171,1.310,1.459,1.611,1.778,1.937,2.095,2.248,2.402,2.564,2.729,2.870,3.029,3.195,3.355,3.524,3.681,3.833,3.998,4.146,4.302,4.459,4.642,4.793,4.935,5.105,5.275,5.438,5.622,5.780,5.948,6.117,6.276,6.423,6.584,6.776,6.929,7.073,7.242,7.401,7.576,7.751,7.924,8.082,8.248,8.418,8.595,8.770,8.962,9.260,
1,77,0.366,0.665,0.805,0.960,1.109,1.267,1.405,1.557,1.710,1.856,2.018,2.175,2.311,2.479,2.644,2.816,2.986,3.151,3.308,3.458,3.611,3.773,3.939,4.115,4.293,4.464,4.624,4.802,4.944,5.110,5.269,5.424,5.596,5.769,5.921,6.084,6.247,6.405,6.585,6.770,6.931,7.094,7.270,7.440,7.618,7.804,7.977,8.137,8.307,8.474,8.637,8.804,8.967,9.137,9.308,9.472,9.661,
1,78,0.315,0.449,0.582,0.717,0.856,0.998,1.151,1.305,1.460,1.618,1.776,1.917,2.060,2.208,2.359,2.522,
1,79,0.297,0.444,0.578,0.720,0.861,1.000,1.159,1.307,1.453,1.606,1.770,1.920,2.064,2.221,2.387,2.561,2.720,2.892,3.058,3.223,3.388,3.546,3.701,3.848,4.021,4.167,4.334,4.522,4.665,4.831,4.991,5.143,5.306,5.464,5.609,5.772,5.932,6.088,6.273,6.467,6.654,6.835,7.023,7.202,7.378,7.554,7.738,7.932,8.121,8.296,8.465,8.652,8.823,8.990,9.181,9.351,9.524,9.687,9.849,10.036,
1,80,0.302,0.429,0.578,0.720,0.858,1.019,1.157,1.316,1.467,1.601,1.769,1.912,2.066,2.212,2.403,2.520,2.682,2.835,3.003,3.163,3.320,3.486,3.637,3.798,3.954,4.105,4.270,4.420,4.585,4.739,4.904,5.064,5.221,5.388,5.552,5.704,5.875,6.042,6.203,
1,81,0.267,0.401,0.529,0.662,0.801,0.935,1.082,1.240,1.401,1.545,1.700,1.855,2.018,2.175,2.318,2.470,2.635,2.786,2.914,3.068,3.237,3.391,3.556,3.726,3.870,4.028,4.192,4.349,4.519,4.704,4.793,4.969,5.114,5.285,5.454,5.627,5.801,5.970,6.125,6.278,6.456,6.637,6.798,6.975,7.151,7.327,7.497,7.662,7.840,8.021,8.185,8.359,8.530,8.685,8.846,9.021,9.196,9.388,9.545,9.705,9.869,10.056,
1,82,0.436,0.516,0.661,0.789,0.921,1.072,1.204,1.363,1.516,1.672,1.818,1.975,2.121,2.267,2.405,2.567,2.732,2.900,3.045,3.194,3.359,3.517,3.662,3.831,3.993,4.151,4.324,4.499,4.679,4.825,4.989,5.163,5.330,5.494,5.682,5.857,6.033,6.234,6.385,6.540,6.715,6.868,7.028,7.174,7.353,7.503,7.661,7.816,7.963,8.121,8.274,
1,83,0.277,0.438,0.594,0.736,0.895,1.040,1.188,1.328,1.472,1.617,1.768,1.926,2.075,2.229,2.395,2.538,2.711,2.869,3.051,3.218,3.363,3.517,3.680,3.829,3.986,4.151,4.305,4.475,4.625,4.796,4.959,5.122,5.251,5.397,5.544,5.706,5.873,6.031,6.197,6.367,6.518,6.678,6.830,7.014,7.188,7.357,7.523,7.682,7.847,8.015,8.166,8.323,8.493,8.658,8.820,8.988,9.163,9.327,9.515,9.683,9.862,10.037,10.205,10.367,10.521,10.693,10.849,
1,84,0.243,0.400,0.546,0.687,0.838,1.017,1.172,1.335,1.517,1.671,1.827,1.992,2.165,2.329,2.501,2.672,2.823,2.976,3.153,3.321,3.518,3.663,3.837,4.003,4.169,4.327,4.476,4.652,4.793,4.970,5.127,5.302,5.458,5.614,5.769,5.920,6.097,6.269,6.434,
1,85,0.292,0.430,0.575,0.722,0.871,1.031,1.177,1.330,1.467,1.615,1.767,1.905,2.044,2.199,2.361,2.525,
1,86,0.293,0.619,0.724,0.876,1.025,1.169,1.312,1.464,1.619,1.775,1.926,2.075,2.223,2.392,2.526,2.673,2.819,2.980,3.143,3.301,3.465,3.620,3.776,3.940,4.113,4.260,4.429,4.588,4.747,4.928,5.083,5.238,5.394,5.548,5.703,5.872,6.043,6.221,6.394,6.559,6.728,6.899,7.065,7.233,7.399,7.567,7.737,7.913,8.091,8.262,8.438,8.598,8.782,8.948,9.121,9.277,9.439,9.615,9.798,
1,87,0.298,0.453,0.603,0.750,0.901,1.049,1.196,1.355,1.494,1.646,1.794,1.949,2.098,2.248,2.408,2.566,2.719,2.878,3.044,3.213,3.397,3.545,3.700,3.863,4.021,4.185,4.349,4.499,4.669,4.838,4.991,5.156,5.323,5.489,5.653,5.815,5.964,6.148,6.305,6.485,6.653,6.814,6.987,7.149,7.308,7.474,7.658,7.832,8.016,8.183,8.349,8.516,8.683,8.856,9.028,9.212,9.400,9.521,
1,88,0.403,0.546,0.696,0.828,0.977,1.128,1.297,1.457,1.612,1.776,1.938,2.094,2.244,2.407,2.574,2.732,2.896,3.033,3.189,3.346,3.513,3.661,3.821,3.977,4.151,4.318,4.473,4.625,4.797,4.949,5.147,5.290,5.453,5.613,5.797,5.956,6.147,6.317,6.498,6.669,6.838,7.014,7.194,7.366,7.522,7.679,7.857,8.025,8.198,8.366,8.549,8.723,8.899,9.074,9.265,9.433,9.609,9.799,9.991,10.170,10.343,10.531,10.742,
1,89,0.335,0.470,0.615,0.750,0.893,1.031,1.186,1.340,1.498,1.654,1.813,1.968,2.164,2.339,2.523,2.677,2.849,3.023,3.168,3.331,3.495,3.668,3.839,4.024,4.171,4.314,4.492,4.641,4.808,4.972,5.141,5.300,5.454,5.620,5.789,5.970,6.142,6.306,6.495,6.682,6.855,7.037,7.214,7.392,7.572,7.739,7.910,8.094,8.272,8.452,8.617,8.807,9.000,9.143,9.317,9.495,9.693,
1,90,0.286,0.438,0.570,0.710,0.853,1.018,1.176,1.311,1.458,1.616,1.768,1.910,2.052,2.198,2.352,2.502,2.667,2.809,2.945,3.100,3.242,3.417,3.687,3.860,4.019,4.183,4.353,4.524,4.683,4.838,5.020,5.169,5.332,5.520,5.669,5.845,6.020,6.176,6.354,6.520,6.685,6.858,7.021,7.160,7.521,7.683,7.868,8.042,8.211,8.388,8.568,8.771,8.929,9.097,9.272,9.444,9.675,
1,91,0.118,0.274,0.438,0.588,0.742,0.906,1.070,1.224,1.398,1.539,1.688,1.835,1.973,2.148,2.289,2.451,2.599,2.765,2.923,3.068,3.224,3.399,3.562,3.727,3.899,4.043,4.200,4.354,4.516,4.654,4.766,4.949,5.150,5.313,5.462,5.627,5.791,5.943,6.114,6.294,6.431,6.599,6.776,6.947,7.124,7.308,7.485,7.664,7.835,8.018,8.199,
1,92,0.241,0.401,0.548,0.685,0.822,0.983,1.151,1.299,1.470,1.635,1.785,1.938,2.106,2.240,
1,93,0.275,0.396,0.537,0.691,0.841,0.983,1.142,1.293,1.451,1.596,1.776,1.909,2.066,2.221,2.376,2.535,2.695,2.866,3.022,3.174,3.326,3.478,3.643,3.798,3.965,4.127,4.281,4.434,4.599,4.777,4.929,5.067,5.229,5.394,5.558,5.716,5.876,6.043,6.203,6.370,6.540,6.704,6.858,7.015,7.169,7.328,7.479,7.645,7.794,7.948,8.086,8.227,8.404,8.567,8.730,8.914,9.092,9.243,9.407,9.577,9.746,9.921,10.074,10.247,10.471,
1,94,0.294,0.434,0.580,0.710,0.847,0.997,1.151,1.306,1.458,1.611,1.776,1.926,2.076,2.236,2.393,2.546,2.708,2.860,3.026,3.177,3.339,3.510,3.658,3.820,3.987,4.148,
