1,1,1.001,18,3.083,3.096,3.864,4.864,5,5
1,2,6.565,7,0.759,0.783,1.606,8.171,5,10
1,3,9.873,6,0.759,0.776,1.465,11.339,5,15
1,4,13.040,33,5.672,5.681,6.399,19.438,5,20
1,5,21.140,40,18.128,NaN,7.951,29.091,0,20
1,6,31.091,72,18.128,NaN,14.533,45.624,0,20
1,7,47.626,16,3.083,3.093,3.684,51.309,5,25
1,8,53.021,36,18.128,NaN,7.387,60.408,0,25
1,9,62.408,31,5.672,5.685,6.499,68.908,5,30
1,10,70.609,5,0.276,0.285,1.307,71.916,5,35
1,11,73.617,3,0.276,0.296,1.015,74.631,5,40
1,12,76.333,56,18.128,NaN,11.469,87.801,0,40
1,13,89.803,9,1.604,1.618,2.158,91.961,5,45
1,14,93.663,16,3.083,3.094,3.566,97.229,5,50
1,15,98.931,4,0.276,0.294,1.161,100.091,5,55
1,16,101.792,15,32.000,NaN,3.397,105.189,0,55
1,17,107.190,22,32.000,NaN,5.074,112.265,0,55
1,18,114.267,29,5.672,5.684,6.289,120.556,5,60
1,19,122.258,95,32.000,NaN,18.960,141.218,0,60
1,20,143.220,5,0.759,0.776,1.351,144.571,5,65
1,21,146.273,19,18.128,NaN,4.222,150.495,0,65
1,22,152.497,34,32.000,NaN,7.435,159.932,0,65
1,23,161.934,3,0.276,0.287,0.961,162.896,5,70
1,24,164.597,5,0.759,0.776,1.394,165.991,5,75
1,25,167.693,10,1.604,1.616,2.294,169.987,5,80
1,26,171.688,9,1.604,1.622,2.194,173.882,5,85
1,27,175.583,18,18.128,NaN,4.061,179.644,0,85
1,28,181.645,6,0.759,0.786,1.562,183.208,5,90
1,29,184.909,17,3.083,3.091,3.803,188.712,5,95
1,30,190.414,9,1.604,1.621,2.315,192.729,5,100
1,31,194.430,37,10.201,NaN,7.805,202.236,0,100
1,32,204.237,29,5.672,5.690,6.329,210.566,5,105
1,33,212.268,10,1.604,1.628,2.438,214.706,5,110
1,34,216.407,26,32.000,NaN,5.319,221.726,0,110
1,35,223.727,31,10.201,NaN,6.924,230.651,0,110
1,36,232.652,50,18.128,NaN,10.667,243.319,0,110
1,37,245.321,51,10.201,10.211,10.842,256.163,5,115
1,38,257.869,7,0.759,0.782,1.694,259.563,5,120
1,39,261.264,3,0.276,0.288,1.089,262.353,5,125
1,40,264.054,30,5.672,5.685,6.353,270.407,5,130
1,41,272.108,5,0.759,0.783,1.518,273.626,5,135
1,42,275.327,34,32.000,NaN,7.091,282.417,0,135
1,43,284.419,9,1.604,1.628,2.350,286.769,5,140
1,44,288.470,3,0.276,0.295,1.047,289.517,5,145
1,45,291.218,10,1.604,1.616,2.373,293.590,5,150
1,46,295.291,29,5.672,5.696,6.311,301.602,5,155
1,47,303.304,38,10.201,NaN,7.890,311.194,0,155
1,48,313.195,10,1.604,1.616,2.280,315.474,5,160
1,49,317.175,6,0.759,0.787,1.603,318.778,5,165
1,50,320.478,55,10.201,10.223,10.905,331.383,5,170
1,51,333.085,4,0.276,0.285,1.115,334.199,5,175
1,52,335.901,17,3.083,3.104,3.715,339.616,5,180
1,53,341.317,17,3.083,3.090,3.709,345.026,5,185
1,54,346.727,53,10.201,10.220,10.946,357.673,5,190
1,55,359.374,21,32.000,NaN,4.394,363.768,0,190
1,56,365.769,45,18.128,NaN,9.150,374.919,0,190
1,57,376.920,3,0.276,0.287,0.963,377.883,5,195
1,58,379.585,56,10.201,10.211,10.930,390.515,5,200
1,59,392.216,19,3.083,3.099,3.987,396.203,5,205
1,60,397.904,106,32.000,NaN,21.699,419.603,0,205
1,61,421.605,18,3.083,3.091,3.733,425.338,5,210
1,62,427.040,26,5.672,NaN,5.322,432.362,0,210
1,63,434.364,17,3.083,3.105,3.700,438.064,5,215
1,64,439.765,7,0.759,0.788,1.684,441.449,5,220
1,65,443.151,22,32.000,NaN,4.660,447.811,0,220
1,66,449.812,10,1.604,1.614,2.336,452.148,5,225
1,67,453.849,16,3.083,3.095,3.618,457.467,5,230
1,68,459.168,31,5.672,5.680,6.398,465.567,5,235
1,69,467.269,30,5.672,5.683,6.395,473.663,5,240
1,70,475.365,30,5.672,5.691,6.393,481.758,5,245
1,71,483.459,6,0.759,0.782,1.570,485.029,5,250
1,72,486.730,20,10.201,NaN,4.494,491.223,0,250
1,73,493.225,22,10.201,NaN,4.594,497.819,0,250
1,74,499.821,18,3.083,3.096,3.864,503.684,5,255
1,75,505.386,25,32.000,NaN,5.371,510.757,0,255
1,76,512.759,21,5.672,NaN,4.591,517.350,0,255
1,77,519.352,4,0.276,0.289,1.141,520.493,5,260
1,78,522.193,18,3.083,3.101,3.915,526.108,5,265
1,79,527.809,26,10.201,NaN,5.797,533.606,0,265
1,80,535.607,9,1.604,1.625,2.268,537.875,5,270
1,81,539.576,6,0.759,0.792,1.495,541.070,5,275
1,82,542.771,13,5.672,NaN,2.912,545.684,0,275
1,83,547.685,17,32.000,NaN,3.794,551.479,0,275
1,84,553.480,24,10.201,NaN,5.165,558.645,0,275
1,85,560.646,18,5.672,NaN,3.830,564.477,0,275
1,86,566.478,67,18.128,NaN,13.782,580.260,0,275
1,87,582.260,49,10.201,10.215,10.922,593.182,5,280
1,88,594.884,48,18.128,NaN,9.422,604.307,0,280
1,89,606.308,18,3.083,3.092,3.911,610.219,5,285
1,90,611.921,96,18.128,18.156,18.733,630.654,5,290
1,91,632.356,31,5.672,5.691,6.311,638.667,5,295
1,92,640.368,55,10.201,10.219,10.928,651.296,5,300
1,93,652.998,36,10.201,NaN,7.579,660.577,0,300
1,94,662.579,3,0.276,0.297,1.171,663.749,5,305
1,95,665.450,53,10.201,10.215,10.616,676.065,5,310
1,96,677.766,46,32.000,NaN,9.205,686.971,0,310
1,97,688.972,166,32.000,32.015,32.740,721.712,5,315
1,98,723.414,19,3.083,3.108,3.897,727.311,5,320
1,99,729.012,11,1.604,1.612,2.358,731.370,5,325
1,100,733.072,3,0.276,0.287,1.036,734.109,5,330
1,101,735.809,10,1.604,1.618,2.270,738.079,5,335
1,102,739.781,10,1.604,1.615,2.400,742.181,5,340
1,103,743.882,31,5.672,5.684,6.478,750.361,5,345
1,104,752.061,17,3.083,3.091,3.798,755.860,5,350
1,105,757.560,4,0.276,0.294,1.105,758.665,5,355
1,106,760.366,66,32.000,NaN,12.947,773.314,0,355
1,107,775.315,2,0.276,0.297,0.909,776.224,5,360
1,108,777.925,26,5.672,NaN,5.276,783.201,0,360
1,109,785.201,10,1.604,1.616,2.319,787.521,5,365
1,110,789.222,47,32.000,NaN,9.303,798.525,0,365
1,111,800.527,41,18.128,NaN,8.085,808.612,0,365
1,112,810.613,11,1.604,1.616,2.482,813.095,5,370
1,113,814.797,94,18.128,18.159,18.853,833.651,5,375
1,114,835.352,18,18.128,NaN,3.859,839.211,0,375
1,115,841.212,6,0.759,0.782,1.573,842.785,5,380
1,116,844.487,16,3.083,3.093,3.282,847.769,5,385
1,117,849.471,19,3.083,3.095,3.821,853.292,5,390
1,118,854.994,24,10.201,NaN,4.870,859.863,0,390
1,119,861.864,5,0.759,0.789,1.430,863.294,5,395
1,120,864.995,5,0.759,0.777,1.456,866.451,5,400
1,121,868.152,12,18.128,NaN,2.463,870.615,0,400
1,122,872.615,37,32.000,NaN,7.353,879.968,0,400
1,123,881.970,6,0.759,0.776,1.619,883.589,5,405
1,124,885.290,3,0.276,0.291,0.974,886.263,5,410
1,125,887.965,6,0.759,0.784,1.523,889.488,5,415
1,126,891.189,8,1.604,1.629,1.897,893.086,5,420
2,1,1.001,0,18.128,NaN,3.983,4.984,0,420
2,2,6.985,0,0.276,0.296,0.875,7.860,5,425
2,3,9.862,0,5.672,NaN,4.974,14.836,0,425
2,4,16.838,0,0.276,0.297,0.739,17.576,5,430
2,5,19.580,0,1.604,1.623,2.023,21.603,5,435
2,6,23.604,0,1.604,1.618,2.020,25.624,5,440
2,7,27.627,0,3.083,3.098,3.479,31.106,5,445
2,8,33.106,0,3.083,3.105,3.542,36.648,5,450
2,9,38.649,0,0.276,0.297,0.748,39.396,5,455
2,10,41.397,0,18.128,NaN,8.830,50.227,0,455
2,11,52.229,0,18.128,NaN,2.577,54.807,0,455
2,12,56.808,0,32.000,NaN,6.431,63.239,0,455
2,13,65.243,0,32.000,NaN,3.928,69.170,0,455
2,14,71.173,0,3.083,3.106,3.524,74.697,5,460
2,15,76.698,0,5.672,5.684,5.907,82.606,5,465
2,16,84.607,0,1.604,1.628,2.103,86.710,5,470
2,17,88.713,0,5.672,5.692,6.020,94.733,5,475
2,18,96.736,0,3.083,3.105,3.498,100.235,5,480
2,19,102.237,0,32.000,NaN,13.073,115.310,0,480
2,20,117.312,0,10.201,NaN,5.312,122.624,0,480
2,21,124.626,0,0.759,0.777,1.183,125.809,5,485
2,22,127.813,0,32.000,NaN,3.682,131.494,0,485
2,23,133.497,0,0.276,0.293,0.674,134.172,5,490
2,24,136.174,0,0.276,0.285,0.657,136.831,5,495
2,25,138.835,0,32.000,NaN,4.651,143.486,0,495
2,26,145.487,0,1.604,1.627,1.956,147.443,5,500
2,27,149.445,0,0.759,0.787,1.166,150.611,5,505
2,28,152.615,0,5.672,NaN,2.180,154.795,0,505
2,29,156.798,0,18.128,NaN,4.828,161.626,0,505
2,30,163.629,0,0.759,0.776,1.148,164.777,5,510
2,31,166.778,0,1.604,1.612,1.954,168.732,5,515
2,32,170.735,0,0.276,0.290,0.783,171.518,5,520
2,33,173.520,0,10.201,NaN,5.955,179.475,0,520
2,34,181.478,0,18.128,NaN,6.389,187.868,0,520
2,35,189.870,0,5.672,NaN,2.176,192.046,0,520
2,36,194.048,0,32.000,NaN,6.355,200.403,0,520
2,37,202.404,0,18.128,NaN,6.575,208.980,0,520
2,38,210.982,0,10.201,NaN,2.147,213.130,0,520
2,39,215.132,0,0.276,0.297,0.673,215.805,5,525
2,40,217.806,0,0.759,0.774,1.213,219.019,5,530
2,41,221.020,0,0.759,0.779,1.147,222.167,5,535
2,42,224.169,0,10.201,NaN,5.769,229.938,0,535
2,43,231.942,0,5.672,NaN,3.050,234.992,0,535
2,44,236.993,0,10.201,NaN,4.250,241.242,0,535
2,45,243.246,0,3.083,3.098,3.484,246.730,5,540
2,46,248.734,0,18.128,NaN,1.721,250.454,0,540
2,47,252.456,0,1.604,1.625,2.002,254.458,5,545
2,48,256.460,0,10.201,NaN,3.832,260.292,0,545
2,49,262.293,0,32.000,NaN,1.303,263.595,0,545
2,50,265.598,0,0.759,0.788,1.105,266.703,5,550
2,51,268.704,0,18.128,NaN,5.281,273.985,0,550
2,52,275.988,0,3.083,3.104,3.442,279.430,5,555
2,53,281.432,0,1.604,1.613,1.984,283.416,5,560
2,54,285.420,0,18.128,NaN,4.674,290.093,0,560
2,55,292.095,0,18.128,NaN,8.843,300.938,0,560
2,56,302.942,0,0.759,0.779,1.163,304.105,5,565
2,57,306.108,0,3.083,3.099,3.446,309.553,5,570
2,58,311.555,0,0.759,0.787,1.171,312.725,5,575
2,59,314.728,0,0.276,0.298,0.767,315.495,5,580
2,60,317.498,0,3.083,NaN,2.480,319.978,0,580
2,61,321.983,0,10.201,NaN,3.112,325.095,0,580
2,62,327.098,0,1.604,1.618,2.030,329.128,5,585
2,63,331.130,0,32.000,NaN,2.140,333.270,0,585
2,64,335.273,0,5.672,NaN,5.027,340.300,0,585
2,65,342.303,0,0.759,0.787,1.181,343.483,5,590
2,66,345.486,0,0.276,0.289,0.640,346.126,5,595
2,67,348.128,0,0.759,0.781,1.154,349.282,5,600
2,68,351.285,0,32.000,NaN,5.396,356.681,0,600
2,69,358.682,0,0.759,0.782,1.252,359.934,5,605
2,70,361.935,0,10.201,NaN,2.475,364.410,0,605
2,71,366.411,0,10.201,NaN,2.643,369.053,0,605
2,72,371.056,0,18.128,NaN,5.136,376.193,0,605
2,73,378.197,0,1.604,1.627,2.114,380.312,5,610
2,74,382.314,0,3.083,3.096,3.444,385.758,5,615
2,75,387.762,0,32.000,NaN,3.553,391.315,0,615
2,76,393.318,0,3.083,3.097,3.409,396.727,5,620
2,77,398.730,0,0.276,0.303,0.687,399.416,5,625
2,78,401.418,0,5.672,NaN,1.125,402.543,0,625
2,79,404.545,0,5.672,NaN,3.651,408.196,0,625
2,80,410.198,0,18.128,NaN,4.054,414.253,0,625
2,81,416.256,0,5.672,NaN,3.604,419.860,0,625
2,82,421.862,0,1.604,1.616,2.017,423.879,5,630
2,83,425.884,0,32.000,NaN,3.819,429.703,0,630
2,84,431.705,0,1.604,1.628,2.146,433.851,5,635
2,85,435.854,0,0.759,0.780,1.121,436.975,5,640
2,86,438.976,0,18.128,NaN,2.471,441.447,0,640
2,87,443.451,0,0.276,0.287,0.678,444.129,5,645
2,88,446.130,0,32.000,NaN,8.264,454.394,0,645
2,89,456.395,0,18.128,NaN,3.534,459.930,0,645
2,90,461.931,0,10.201,NaN,3.201,465.132,0,645
2,91,467.133,0,0.276,0.299,0.701,467.834,5,650
2,92,469.838,0,18.128,NaN,0.731,470.569,0,650
2,93,472.570,0,3.083,NaN,2.750,475.320,0,650
2,94,477.323,0,5.672,NaN,2.766,480.089,0,650
2,95,482.093,0,32.000,NaN,4.437,486.529,0,650
2,96,488.531,0,5.672,NaN,3.897,492.429,0,650
2,97,494.432,0,0.759,0.780,1.219,495.652,5,655
2,98,497.654,0,5.672,NaN,3.335,500.990,0,655
2,99,502.993,0,10.201,NaN,5.187,508.180,0,655
2,100,510.181,0,5.672,5.691,6.108,516.289,5,660
2,101,518.292,0,3.083,3.099,3.688,521.980,5,665
2,102,523.981,0,3.083,3.096,3.490,527.471,5,670
2,103,529.476,0,0.759,0.786,1.174,530.650,5,675
2,104,532.653,0,0.759,0.777,1.177,533.830,5,680
2,105,535.831,0,1.604,1.618,2.064,537.895,5,685
2,106,539.897,0,5.672,5.689,5.811,545.708,5,690
2,107,547.710,0,0.276,0.294,0.705,548.414,5,695
2,108,550.417,0,10.201,NaN,4.611,555.029,0,695
2,109,557.030,0,1.604,1.628,2.022,559.052,5,700
2,110,561.057,0,0.276,0.287,0.712,561.768,5,705
2,111,563.770,0,0.276,0.291,0.667,564.437,5,710
2,112,566.442,0,1.604,1.621,2.023,568.465,5,715
2,113,570.468,0,10.201,NaN,5.126,575.593,0,715
2,114,577.595,0,10.201,NaN,7.674,585.269,0,715
2,115,587.273,0,3.083,3.101,3.532,590.804,5,720
2,116,592.807,0,18.128,NaN,7.497,600.304,0,720
2,117,602.308,0,32.000,NaN,4.741,607.048,0,720
2,118,609.049,0,10.201,NaN,4.893,613.943,0,720
2,119,615.945,0,0.759,0.775,1.291,617.236,5,725
2,120,619.237,0,3.083,3.102,3.215,622.452,5,730
2,121,624.453,0,10.201,NaN,1.719,626.173,0,730
2,122,628.175,0,32.000,NaN,4.970,633.145,0,730
2,123,635.147,0,32.000,NaN,4.669,639.817,0,730
2,124,641.820,0,0.276,0.295,0.681,642.500,5,735
2,125,644.501,0,3.083,3.100,3.518,648.019,5,740
2,126,650.020,0,1.604,1.616,2.104,652.124,5,745
2,127,654.128,0,1.604,1.627,1.968,656.096,5,750
2,128,658.100,0,18.128,NaN,3.072,661.172,0,750
2,129,663.175,0,0.276,0.300,0.724,663.899,5,755
2,130,665.902,0,0.276,0.291,0.774,666.676,5,760
2,131,668.678,0,18.128,NaN,8.272,676.949,0,760
2,132,678.951,0,0.759,0.782,1.187,680.138,5,765
2,133,682.139,0,0.759,0.778,1.146,683.286,5,770
2,134,685.290,0,5.672,5.681,6.185,691.476,5,775
2,135,693.480,0,5.672,NaN,5.623,699.103,0,775
2,136,701.103,0,10.201,NaN,3.767,704.870,0,775
2,137,706.872,0,32.000,NaN,4.760,711.632,0,775
2,138,713.636,0,18.128,NaN,3.684,717.320,0,775
2,139,719.323,0,1.604,1.612,1.971,721.295,5,780
2,140,723.296,0,3.083,3.093,3.488,726.783,5,785
2,141,728.787,0,32.000,NaN,7.425,736.212,0,785
2,142,738.214,0,32.000,NaN,4.093,742.307,0,785
2,143,744.310,0,1.604,1.621,2.359,746.669,5,790
2,144,748.670,0,10.201,NaN,5.899,754.570,0,790
2,145,756.571,0,3.083,3.099,3.518,760.089,5,795
2,146,762.090,0,0.759,0.782,1.176,763.266,5,800
2,147,765.268,0,10.201,NaN,6.812,772.080,0,800
2,148,774.081,0,1.604,1.614,2.049,776.131,5,805
2,149,778.133,0,1.604,1.614,2.043,780.175,5,810
2,150,782.179,0,18.128,NaN,4.340,786.518,0,810
2,151,788.522,0,5.672,NaN,5.450,793.972,0,810
2,152,795.975,0,0.759,0.780,1.277,797.252,5,815
2,153,799.255,0,3.083,NaN,2.969,802.224,0,815
2,154,804.226,0,1.604,1.616,2.021,806.247,5,820
2,155,808.251,0,5.672,NaN,4.102,812.353,0,820
2,156,814.355,0,32.000,NaN,3.597,817.952,0,820
2,157,819.955,0,0.276,0.294,0.668,820.623,5,825
2,158,822.625,0,1.604,1.626,2.021,824.647,5,830
2,159,826.648,0,0.276,0.288,0.659,827.307,5,835
2,160,829.307,0,10.201,NaN,7.604,836.912,0,835
2,161,838.916,0,5.672,NaN,2.543,841.458,0,835
2,162,843.461,0,18.128,NaN,6.247,849.708,0,835
2,163,851.710,0,3.083,NaN,2.140,853.850,0,835
2,164,855.852,0,10.201,NaN,2.067,857.919,0,835
2,165,859.921,0,0.759,0.781,1.221,861.142,5,840
2,166,863.144,0,32.000,NaN,3.762,866.906,0,840
2,167,868.910,0,5.672,NaN,4.793,873.703,0,840
2,168,875.706,0,0.276,0.286,0.664,876.370,5,845
2,169,878.374,0,32.000,NaN,2.785,881.159,0,845
2,170,883.161,0,10.201,NaN,0.743,883.905,0,845
2,171,885.908,0,18.128,NaN,0.316,886.224,0,845
2,172,888.226,0,10.201,NaN,2.480,890.706,0,845
2,173,892.707,0,0.276,0.293,0.687,893.394,5,850
2,174,895.395,0,5.672,NaN,3.955,899.350,0,850
3,1,1.000,0,18.128,NaN,3.180,4.180,0,850
3,2,6.182,0,10.201,NaN,0.869,7.051,0,850
3,3,9.053,0,32.000,NaN,6.029,15.082,0,850
3,4,17.086,0,10.201,NaN,3.892,20.978,0,850
3,5,22.980,0,1.604,1.615,2.038,25.018,5,855
3,6,27.021,0,1.604,1.626,2.001,29.022,5,860
3,7,31.023,0,0.759,0.776,1.117,32.139,5,865
3,8,34.141,0,18.128,NaN,2.329,36.470,0,865
3,9,38.473,0,0.276,0.296,0.657,39.130,5,870
3,10,41.132,0,5.672,NaN,2.061,43.193,0,870
3,11,45.193,0,18.128,NaN,2.308,47.502,0,870
3,12,49.506,0,5.672,NaN,3.521,53.026,0,870
3,13,55.028,0,3.083,NaN,2.767,57.795,0,870
3,14,59.799,0,18.128,NaN,3.216,63.014,0,870
3,15,65.015,0,1.604,1.616,2.105,67.120,5,875
3,16,69.121,0,18.128,NaN,4.411,73.532,0,875
3,17,75.535,0,3.083,3.102,3.567,79.103,5,880
3,18,81.105,0,0.759,0.783,1.251,82.357,5,885
3,19,84.358,0,0.276,0.299,0.792,85.150,5,890
3,20,87.152,0,1.604,1.623,2.028,89.180,5,895
3,21,91.181,0,0.276,0.295,0.897,92.078,5,900
3,22,94.079,0,0.276,0.299,0.701,94.780,5,905
3,23,96.782,0,3.083,NaN,2.311,99.092,0,905
3,24,101.095,0,32.000,NaN,5.185,106.280,0,905
3,25,108.282,0,5.672,NaN,2.711,110.993,0,905
3,26,112.994,0,0.276,0.293,0.654,113.649,5,910
3,27,115.652,0,0.759,0.786,1.141,116.793,5,915
3,28,118.796,0,32.000,NaN,1.814,120.610,0,915
3,29,122.612,0,1.604,1.613,2.057,124.669,5,920
3,30,126.671,0,10.201,NaN,6.936,133.607,0,920
3,31,135.610,0,5.672,NaN,4.329,139.940,0,920
3,32,141.941,0,0.759,0.776,1.145,143.086,5,925
3,33,145.087,0,1.604,1.616,1.974,147.060,5,930
3,34,149.061,0,3.083,NaN,1.726,150.788,0,930
3,35,152.788,0,0.276,0.301,0.678,153.466,5,935
3,36,155.468,0,32.000,NaN,1.353,156.821,0,935
3,37,158.825,0,18.128,NaN,2.354,161.179,0,935
3,38,163.183,0,0.759,0.778,1.156,164.339,5,940
3,39,166.342,0,5.672,5.690,6.196,172.537,5,945
3,40,174.540,0,1.604,1.627,2.053,176.593,5,950
3,41,178.595,0,5.672,NaN,5.187,183.782,0,950
3,42,185.784,0,10.201,NaN,7.409,193.194,0,950
3,43,195.197,0,3.083,3.097,3.430,198.627,5,955
3,44,200.631,0,10.201,NaN,0.805,201.436,0,955
3,45,203.438,0,10.201,NaN,4.690,208.128,0,955
3,46,210.130,0,18.128,NaN,3.670,213.800,0,955
3,47,215.805,0,18.128,NaN,2.767,218.572,0,955
3,48,220.576,0,32.000,NaN,4.649,225.225,0,955
3,49,227.226,0,0.759,0.782,1.226,228.452,5,960
3,50,230.454,0,0.759,0.789,1.195,231.649,5,965
3,51,233.649,0,10.201,NaN,4.365,238.014,0,965
3,52,240.015,0,0.759,0.782,1.210,241.225,5,970
3,53,243.227,0,3.083,NaN,2.141,245.367,0,970
3,54,247.371,0,3.083,NaN,1.917,249.289,0,970
3,55,251.290,0,1.604,1.613,2.091,253.381,5,975
3,56,255.383,0,32.000,NaN,3.708,259.090,0,975
3,57,261.092,0,0.276,0.299,0.693,261.785,5,980
3,58,263.786,0,10.201,NaN,1.708,265.494,0,980
3,59,267.495,0,0.276,0.299,0.687,268.182,5,985
3,60,270.183,0,18.128,NaN,2.274,272.457,0,985
3,61,274.459,0,3.083,NaN,1.699,276.158,0,985
3,62,278.159,0,5.672,NaN,3.771,281.930,0,985
3,63,283.932,0,32.000,NaN,5.140,289.072,0,985
3,64,291.074,0,3.083,3.098,3.566,294.640,5,990
