1,1,1.001,106,18.128,18.152,18.698,19.699,5,5
1,2,21.400,18,3.083,3.106,3.775,25.175,5,10
1,3,26.876,12,1.604,1.615,2.455,29.331,5,15
1,4,31.031,12,1.604,1.612,2.340,33.371,5,20
1,5,35.072,34,5.672,5.691,6.485,41.558,5,25
1,6,43.259,6,0.759,0.790,1.528,44.787,5,30
1,7,46.489,100,18.128,18.153,18.888,65.377,5,35
1,8,67.078,5,0.759,0.782,1.490,68.568,5,40
1,9,70.269,6,0.759,0.776,1.562,71.831,5,45
1,10,73.533,3,0.276,0.297,0.971,74.504,5,50
1,11,76.206,32,5.672,5.694,6.321,82.527,5,55
1,12,84.228,98,18.128,18.165,19.078,103.306,5,60
1,13,105.012,9,1.604,1.616,2.312,107.324,5,65
1,14,109.025,94,18.128,18.163,18.827,127.852,5,70
1,15,129.552,52,10.201,10.225,11.052,140.604,5,75
1,16,142.307,32,5.672,5.691,6.452,148.759,5,80
1,17,150.460,4,0.276,0.289,1.281,151.741,5,85
1,18,153.442,53,10.201,10.213,10.898,164.341,5,90
1,19,166.043,17,3.083,3.099,3.841,169.884,5,95
1,20,171.584,89,18.128,18.150,18.769,190.353,5,100
1,21,192.053,28,5.672,5.685,6.337,198.390,5,105
1,22,200.091,30,5.672,5.684,6.457,206.548,5,110
1,23,208.249,18,3.083,3.096,3.907,212.156,5,115
1,24,213.865,54,10.201,10.219,10.929,224.793,5,120
1,25,226.495,10,1.604,1.625,2.316,228.811,5,125
1,26,230.512,4,0.276,0.292,1.165,231.676,5,130
1,27,233.378,4,0.276,0.294,1.217,234.595,5,135
1,28,236.296,19,3.083,3.095,3.855,240.151,5,140
1,29,241.852,6,0.759,0.774,1.435,243.287,5,145
1,30,244.987,9,1.604,1.624,2.299,247.286,5,150
1,31,248.987,53,10.201,10.213,11.015,260.003,5,155
1,32,261.704,5,0.276,0.298,1.400,263.104,5,160
1,33,264.805,5,0.759,0.782,1.361,266.166,5,165
1,34,267.873,30,5.672,5.684,6.446,274.320,5,170
1,35,276.021,9,1.604,1.622,2.348,278.368,5,175
1,36,280.070,153,32.000,32.023,32.749,312.819,5,180
1,37,314.520,5,0.759,0.790,1.492,316.012,5,185
1,38,317.713,158,32.000,32.014,32.649,350.362,5,190
1,39,352.063,49,10.201,10.220,10.987,363.050,5,195
1,40,364.751,157,32.000,32.015,32.749,397.500,5,200
1,41,399.202,4,0.276,0.299,1.222,400.424,5,205
1,42,402.125,91,18.128,18.152,18.839,420.964,5,210
1,43,422.666,89,18.128,18.155,18.780,441.445,5,215
1,44,443.146,3,0.276,0.292,1.194,444.339,5,220
1,45,446.041,11,1.604,1.616,2.651,448.692,5,225
1,46,450.393,6,0.759,0.782,1.527,451.920,5,230
1,47,453.622,18,3.083,3.106,3.696,457.318,5,235
1,48,459.020,16,3.083,3.094,3.803,462.823,5,240
1,49,464.524,84,32.000,NaN,16.954,481.478,0,240
1,50,483.480,95,18.128,18.152,18.947,502.427,5,245
1,51,504.129,122,32.000,NaN,24.968,529.097,0,245
1,52,531.097,161,32.000,32.014,33.026,564.123,5,250
1,53,565.825,18,3.083,3.106,3.705,569.530,5,255
1,54,571.231,3,0.276,0.301,1.048,572.279,5,260
1,55,573.981,163,32.000,32.018,32.682,606.663,5,265
1,56,608.364,30,5.672,5.689,6.293,614.657,5,270
1,57,616.358,159,32.000,32.010,32.796,649.154,5,275
1,58,650.871,10,1.604,1.616,2.338,653.209,5,280
1,59,654.910,18,3.083,3.096,3.747,658.657,5,285
1,60,660.358,32,5.672,5.686,6.401,666.759,5,290
1,61,668.460,53,10.201,10.223,10.898,679.358,5,295
1,62,681.060,93,18.128,18.149,18.926,699.986,5,300
1,63,701.686,6,0.759,0.775,1.556,703.243,5,305
1,64,704.943,54,10.201,10.224,11.209,716.152,5,310
1,65,717.869,53,10.201,10.220,11.066,728.936,5,315
1,66,730.637,22,0.759,0.787,4.663,735.300,5,320
1,67,737.012,18,3.083,3.100,3.778,740.790,5,325
1,68,742.492,18,3.083,3.106,3.929,746.420,5,330
1,69,748.121,33,5.672,5.681,6.481,754.602,5,335
1,70,756.302,24,3.083,3.102,5.311,761.613,5,340
1,71,763.314,6,0.759,0.776,1.535,764.849,5,345
1,72,766.551,11,1.604,1.625,2.460,769.010,5,350
1,73,770.712,89,18.128,18.156,18.809,789.521,5,355
1,74,791.222,91,18.128,18.156,18.905,810.127,5,360
1,75,811.829,166,32.000,32.015,32.796,844.626,5,365
1,76,846.326,31,5.672,5.689,6.369,852.696,5,370
1,77,854.397,161,32.000,32.017,32.744,887.141,5,375
1,78,888.843,4,0.276,0.289,1.181,890.025,5,380
1,79,891.726,32,5.672,5.693,6.371,898.098,5,385
2,1,1.002,0,18.128,18.151,18.571,19.573,5,390
2,2,21.575,0,5.672,5.681,6.149,27.725,5,395
2,3,29.727,0,0.276,0.314,0.821,30.547,5,400
2,4,32.548,0,0.276,0.294,0.653,33.201,5,405
2,5,35.205,0,10.201,10.210,10.603,45.808,5,410
2,6,47.809,0,10.201,10.228,10.561,58.370,5,415
2,7,60.372,0,3.083,3.102,3.721,64.093,5,420
2,8,66.094,0,0.759,0.781,1.227,67.321,5,425
2,9,69.324,0,5.672,5.688,6.046,75.370,5,430
2,10,77.373,0,1.604,1.625,2.029,79.402,5,435
2,11,81.406,0,18.128,18.152,18.479,99.884,5,440
2,12,101.889,0,10.201,10.225,10.531,112.420,5,445
2,13,114.422,0,32.000,32.024,32.368,146.790,5,450
2,14,148.791,0,1.604,1.624,2.107,150.899,5,455
2,15,152.900,0,3.083,3.101,3.526,156.426,5,460
2,16,158.429,0,5.672,5.692,6.151,164.580,5,465
2,17,166.584,0,10.201,10.211,10.621,177.204,5,470
2,18,179.206,0,5.672,5.692,6.235,185.442,5,475
2,19,187.445,0,32.000,32.019,32.400,219.845,5,480
2,20,221.848,0,0.759,0.785,1.221,223.069,5,485
2,21,225.072,0,10.201,10.216,10.699,235.771,5,490
2,22,237.774,0,0.759,0.783,1.145,238.918,5,495
2,23,240.920,0,3.083,3.106,3.458,244.378,5,500
2,24,246.380,0,3.083,3.098,3.403,249.783,5,505
2,25,251.787,0,0.276,0.293,0.974,252.761,5,510
2,26,254.765,0,3.083,3.100,3.446,258.212,5,515
2,27,260.213,0,18.128,18.163,18.835,279.048,5,520
2,28,281.049,0,0.759,0.778,1.189,282.238,5,525
2,29,284.239,0,0.276,0.289,0.668,284.907,5,530
2,30,286.909,0,0.759,0.788,1.167,288.076,5,535
2,31,290.078,0,1.604,1.621,2.040,292.118,5,540
2,32,294.120,0,1.604,1.614,1.958,296.077,5,545
2,33,298.079,0,10.201,10.210,10.613,308.692,5,550
2,34,310.694,0,0.276,0.297,0.716,311.410,5,555
2,35,313.414,0,5.672,5.681,6.113,319.527,5,560
2,36,321.531,0,5.672,5.685,6.160,327.691,5,565
2,37,329.696,0,18.128,18.163,18.477,348.173,5,570
2,38,350.175,0,18.128,18.160,18.600,368.776,5,575
2,39,370.776,0,0.276,0.293,0.796,371.573,5,580
2,40,373.575,0,32.000,32.011,32.445,406.021,5,585
2,41,408.022,0,32.000,32.014,32.539,440.561,5,590
2,42,442.564,0,18.128,18.148,18.454,461.018,5,595
2,43,463.021,0,1.604,1.626,2.231,465.253,5,600
2,44,467.253,0,0.276,0.295,1.032,468.285,5,605
2,45,470.287,0,1.604,1.614,2.062,472.349,5,610
2,46,474.350,0,0.759,0.785,1.213,475.563,5,615
2,47,477.566,0,32.000,32.019,32.425,509.990,5,620
2,48,511.993,0,3.083,3.095,3.567,515.560,5,625
2,49,517.562,0,1.604,1.628,2.146,519.708,5,630
2,50,521.711,0,5.672,5.683,6.060,527.771,5,635
2,51,529.772,0,3.083,3.107,3.677,533.450,5,640
2,52,535.451,0,10.201,10.218,10.535,545.986,5,645
2,53,547.990,0,1.604,1.614,2.055,550.045,5,650
2,54,552.048,0,32.000,32.022,32.452,584.500,5,655
2,55,586.503,0,5.672,5.688,6.042,592.545,5,660
2,56,594.546,0,0.759,0.780,1.087,595.633,5,665
2,57,597.635,0,18.128,18.151,18.526,616.161,5,670
2,58,618.165,0,3.083,3.107,3.550,621.715,5,675
2,59,623.717,0,32.000,NaN,31.459,655.176,0,675
2,60,657.177,0,0.276,0.295,0.966,658.144,5,680
2,61,660.145,0,18.128,18.153,18.569,678.714,5,685
2,62,680.716,0,32.000,32.015,32.438,713.154,5,690
2,63,715.157,0,10.201,10.214,10.649,725.806,5,695
2,64,727.808,0,18.128,18.156,18.593,746.402,5,700
2,65,748.404,0,10.201,10.216,10.951,759.355,5,705
2,66,761.359,0,3.083,3.097,3.573,764.932,5,710
2,67,766.935,0,1.604,1.623,2.010,768.945,5,715
2,68,770.948,0,18.128,18.153,18.772,789.720,5,720
2,69,791.721,0,5.672,5.684,6.047,797.768,5,725
2,70,799.771,0,18.128,18.161,18.572,818.343,5,730
2,71,820.346,0,0.759,0.787,1.190,821.536,5,735
2,72,823.539,0,0.759,0.779,1.175,824.714,5,740
2,73,826.716,0,1.604,1.620,2.022,828.738,5,745
2,74,830.743,0,10.201,10.216,10.806,841.548,5,750
2,75,843.548,0,0.276,0.295,0.984,844.532,5,755
2,76,846.534,0,3.083,3.096,3.706,850.240,5,760
2,77,852.244,0,32.000,32.018,32.520,884.765,5,765
2,78,886.767,0,0.276,0.298,1.053,887.819,5,770
3,1,1.002,0,0.759,0.782,1.150,2.152,5,775
3,2,4.154,0,10.201,10.220,10.559,14.712,5,780
3,3,16.716,0,5.672,5.695,6.212,22.928,5,785
3,4,24.931,0,10.201,10.219,10.646,35.577,5,790
3,5,37.578,0,18.128,18.164,18.575,56.154,5,795
3,6,58.157,0,5.672,5.690,6.337,64.494,5,800
3,7,66.497,0,0.276,0.285,1.386,67.883,5,805
3,8,69.888,0,18.128,18.154,18.532,88.420,5,810
3,9,90.423,0,18.128,18.161,18.623,109.047,5,815
3,10,111.048,0,3.083,3.106,3.559,114.607,5,820
3,11,116.608,0,32.000,32.012,32.350,148.958,5,825
3,12,150.959,0,0.276,0.296,0.665,151.624,5,830
3,13,153.627,0,1.604,1.613,2.064,155.691,5,835
3,14,157.695,0,10.201,10.217,10.740,168.435,5,840
3,15,170.438,0,0.276,0.293,0.902,171.339,5,845
3,16,173.341,0,10.201,10.213,10.578,183.919,5,850
3,17,185.922,0,3.083,3.118,3.574,189.496,5,855
3,18,191.497,0,1.604,1.628,1.998,193.495,5,860
3,19,195.498,0,0.276,0.295,0.713,196.210,5,865
3,20,198.212,0,32.000,32.013,32.368,230.581,5,870
3,21,232.585,0,10.201,10.213,10.601,243.186,5,875
3,22,245.191,0,0.759,0.776,1.295,246.486,5,880
3,23,248.486,0,1.604,1.615,2.029,250.516,5,885
3,24,252.518,0,5.672,5.688,6.116,258.634,5,890
3,25,260.637,0,0.759,0.787,1.193,261.829,5,895
3,26,263.830,0,3.083,3.096,3.607,267.437,5,900
3,27,269.439,0,0.759,0.788,1.140,270.579,5,905
3,28,272.580,0,0.276,0.299,0.709,273.289,5,910
3,29,275.291,0,0.759,0.789,1.278,276.569,5,915
3,30,278.572,0,18.128,18.152,18.876,297.448,5,920
