0,1,0.288,0.454,0.616,0.764,0.995,1.154,1.311,1.456,1.610,1.729,1.855,2.015,2.148,2.271,2.425,2.566,2.687,2.841,3.001,3.148,3.301,3.450,3.579,3.666,3.841,3.995,4.149,4.292,4.443,4.591,4.722,4.899,5.031,5.186,5.332,5.467,5.640,5.791,5.941,6.087,6.243,6.400,6.563,6.716,6.875,7.034,7.199,7.348,7.517,7.688,7.841,8.017,8.165,8.351,8.518,8.683,8.843,9.002,9.161,9.322,9.478,9.627,9.783,9.948,10.111,10.268,
0,1,0.417,0.576,0.750,0.900,1.054,1.210,1.369,1.534,1.694,1.859,2.019,2.180,2.340,2.487,2.643,2.802,2.961,3.119,3.280,3.444,3.598,3.770,3.925,4.088,4.247,4.408,4.565,4.732,4.902,5.062,5.228,5.387,5.553,5.715,5.888,6.028,6.193,6.359,6.528,6.688,6.852,7.022,7.190,7.353,7.522,7.660,7.833,7.998,8.175,8.326,8.492,8.656,8.812,8.968,9.125,9.286,9.451,9.615,9.777,9.948,10.102,10.280,
0,1,0.401,0.558,0.712,0.865,1.025,1.188,1.352,1.518,1.688,1.885,2.065,2.251,2.456,2.635,2.827,3.019,
0,1,,
1,1,0.302,0.445,0.593,
1,2,0.271,0.406,0.542,0.671,0.808,0.938,1.031,1.193,1.330,1.462,1.604,1.720,1.839,1.972,2.107,2.238,2.385,2.518,2.650,2.769,2.909,3.051,3.182,3.359,3.486,3.602,3.742,3.903,4.039,4.160,4.299,4.409,4.576,4.731,4.873,5.020,5.173,5.340,5.476,5.637,5.729,5.898,
1,3,0.464,0.573,0.697,0.842,0.984,1.120,1.251,1.386,1.520,1.651,1.794,1.947,2.096,2.222,2.361,2.520,2.653,2.774,2.920,3.050,3.213,3.487,3.637,3.771,3.909,4.058,4.200,4.335,4.502,4.623,4.751,4.891,5.025,5.303,5.468,5.605,5.752,5.859,
1,4,0.332,0.476,0.645,
1,5,0.293,0.429,0.580,0.766,0.899,0.979,1.125,1.308,1.520,1.701,1.900,2.046,2.216,2.362,2.527,2.687,2.818,2.972,3.150,3.323,3.501,3.687,3.811,3.901,4.064,4.230,4.404,4.564,4.722,4.866,5.002,5.158,5.451,5.596,5.737,5.885,6.028,6.176,6.330,6.458,6.612,6.769,6.905,7.055,7.224,7.359,7.487,7.636,7.823,7.994,8.145,8.328,8.519,
1,6,0.267,0.410,0.564,0.700,0.850,1.020,1.170,1.280,1.455,1.613,1.771,1.931,2.104,2.268,2.427,2.542,2.655,2.817,2.976,3.099,3.249,3.395,3.536,3.706,3.835,3.971,4.099,4.276,4.422,4.589,4.739,4.917,5.115,5.282,5.456,5.615,5.784,5.935,6.123,6.297,6.476,6.646,6.809,6.976,7.141,7.289,7.436,7.637,7.813,
1,7,0.247,0.389,0.561,0.701,0.844,0.987,1.154,1.333,1.447,1.558,1.728,1.905,2.072,2.273,2.442,2.627,2.803,2.971,3.153,3.321,3.502,3.663,3.839,4.024,4.196,4.360,4.551,4.707,4.848,5.040,5.223,5.419,5.589,5.766,5.948,6.122,6.374,6.542,6.706,6.876,7.040,7.216,7.369,7.534,7.706,7.876,8.046,8.209,8.393,8.533,8.704,8.893,9.039,9.202,9.363,9.531,9.685,9.843,9.992,10.147,10.324,10.467,10.644,10.812,10.978,11.144,11.304,11.473,11.645,11.807,11.909,12.066,12.223,12.372,12.528,12.667,12.846,13.021,13.157,13.329,13.498,13.655,13.827,13.989,14.149,14.321,14.499,14.678,14.879,15.030,15.200,15.376,15.554,15.722,15.897,16.049,16.232,16.410,16.647,16.815,16.997,17.179,17.347,17.524,17.689,17.850,18.021,18.199,18.398,
1,8,0.248,0.400,0.566,
1,9,0.267,0.400,0.557,0.729,0.877,
1,10,0.267,0.400,0.540,0.695,0.872,1.017,1.173,1.338,1.517,1.671,1.827,1.987,2.156,2.322,2.476,2.642,2.802,2.977,3.152,
1,11,0.242,0.399,0.549,0.720,0.868,1.029,
1,12,0.208,0.353,0.518,
1,13,0.266,0.400,0.534,0.683,0.847,1.017,1.150,1.267,1.425,1.556,1.848,
1,14,0.301,0.435,0.578,0.719,0.888,1.033,1.175,1.314,1.464,1.610,1.767,1.896,2.045,2.212,2.371,2.528,2.705,2.885,3.047,3.215,3.387,3.557,3.715,3.905,4.072,4.247,4.420,4.605,4.769,4.865,5.019,5.199,5.348,5.590,5.773,6.034,6.202,6.353,6.466,6.675,6.770,6.928,7.097,7.246,7.398,7.530,7.690,7.837,7.995,8.137,8.322,8.470,8.609,8.771,8.938,9.113,9.271,9.423,9.604,9.796,9.965,10.111,10.278,10.429,10.609,10.784,10.955,11.145,11.348,11.497,11.666,11.834,12.026,12.209,12.368,12.545,12.731,12.893,13.073,13.295,13.539,13.711,13.890,14.056,14.228,14.394,14.581,14.774,14.939,15.103,15.284,15.457,15.641,15.816,15.986,16.173,16.367,16.549,16.737,16.898,17.085,17.252,17.426,17.607,17.792,17.941,18.116,18.302,18.478,18.657,18.825,18.988,19.165,19.352,19.529,19.704,19.872,20.026,20.190,20.369,20.536,20.709,20.893,21.089,21.267,21.454,21.647,
1,15,0.219,0.397,0.559,0.740,0.926,1.099,1.276,1.434,1.624,1.801,1.980,2.157,2.335,2.514,2.714,2.898,3.068,3.234,3.413,3.575,3.682,3.861,4.044,4.204,4.365,4.522,4.700,4.869,5.040,5.200,5.346,5.536,5.681,5.775,5.962,6.164,6.342,6.532,6.727,6.916,7.092,7.286,7.475,7.653,7.835,8.027,8.221,8.408,8.604,8.799,8.986,9.168,9.359,9.528,9.704,9.887,10.087,10.268,
1,16,0.266,0.450,0.607,0.776,0.959,1.133,1.291,1.470,1.650,1.831,
1,17,0.249,0.392,0.558,0.732,0.902,1.068,1.269,1.419,1.575,1.751,1.914,2.095,2.269,2.432,2.605,2.789,2.957,3.136,3.302,3.491,3.616,3.777,3.944,4.137,4.307,4.482,4.651,4.827,5.021,5.181,5.349,5.531,5.709,5.888,6.058,6.371,6.541,6.714,6.897,7.076,7.272,7.459,7.642,7.855,8.064,8.272,8.472,8.679,8.896,9.076,9.273,9.447,9.589,9.706,9.827,10.023,10.193,10.367,10.535,10.699,11.024,11.206,11.407,11.582,11.774,11.937,12.141,12.340,12.447,12.654,12.859,13.039,13.227,13.410,13.625,13.817,14.062,14.275,14.460,14.649,14.862,15.048,15.237,15.438,15.626,15.825,16.046,16.248,16.444,16.646,16.840,17.026,17.239,17.427,17.611,17.782,17.966,18.175,18.394,
1,18,0.248,0.409,0.578,0.738,0.872,1.068,1.189,1.360,1.534,1.685,1.866,2.039,2.200,2.373,2.583,2.748,2.940,3.108,3.285,3.467,3.654,3.855,3.991,4.198,4.451,4.627,4.778,4.939,5.123,5.284,5.445,5.568,5.846,5.998,
1,19,0.296,0.460,0.638,0.801,0.984,1.165,1.340,1.522,1.705,1.905,2.100,2.301,2.469,2.659,2.847,3.035,3.231,3.404,3.589,3.790,3.979,4.164,4.356,4.545,4.732,4.932,5.127,5.320,5.524,5.719,5.908,6.123,6.343,6.548,6.724,6.913,7.111,7.309,7.528,7.725,7.926,8.126,8.307,8.498,8.698,8.904,9.087,9.285,9.483,9.686,9.873,10.087,10.293,10.476,10.670,10.860,11.059,11.260,11.481,11.726,11.920,12.115,12.332,12.546,12.752,12.965,13.164,13.376,13.581,13.782,13.959,14.144,14.321,14.514,14.721,14.929,15.145,15.340,15.531,15.762,15.978,16.185,16.395,16.599,16.798,17.012,17.236,17.450,17.668,17.896,18.067,18.280,
1,20,0.250,0.398,0.580,0.768,0.958,1.155,1.367,1.562,1.765,1.965,2.166,2.375,2.585,2.783,2.995,3.201,
1,21,0.281,0.427,0.585,0.741,1.102,1.158,1.309,1.469,1.615,1.769,
1,22,0.282,0.443,0.596,0.761,0.919,
1,23,0.273,0.422,0.592,0.790,0.937,
1,24,0.246,0.400,0.549,0.709,0.901,1.055,1.229,1.430,1.594,1.777,1.950,2.114,2.303,2.478,2.673,2.836,3.021,3.198,3.388,3.564,3.719,3.861,4.025,4.225,4.402,4.580,4.772,4.967,5.145,5.346,
1,25,0.230,0.392,0.548,0.735,0.906,1.097,1.274,1.464,1.643,1.806,
1,26,0.330,0.520,0.688,0.857,1.071,1.247,1.434,1.613,1.787,1.969,2.155,2.387,2.589,2.777,2.962,3.176,3.352,
1,27,0.283,0.455,0.625,0.809,0.992,1.164,1.352,1.525,1.711,1.907,2.094,2.286,2.500,2.645,2.855,3.022,3.221,3.426,3.592,3.786,3.984,4.166,4.386,4.539,4.720,4.913,5.107,5.297,5.469,5.640,5.815,5.993,6.217,6.401,6.589,6.871,7.028,7.216,7.395,7.588,7.796,7.974,8.179,8.357,8.551,8.737,8.923,9.113,9.297,9.659,9.826,9.999,10.186,10.371,10.542,10.802,10.977,
1,28,0.111,0.215,0.395,0.612,0.797,0.983,1.165,1.364,1.528,1.743,1.925,2.146,2.331,2.521,2.717,2.938,3.150,3.355,3.566,3.763,3.982,4.171,4.424,4.659,4.841,5.030,5.230,5.417,5.647,5.832,6.039,6.236,6.432,6.614,6.833,7.025,7.236,7.427,7.628,7.823,7.979,8.179,8.399,8.615,8.800,9.019,9.226,9.399,9.594,9.776,9.980,10.169,10.354,10.553,10.738,10.936,11.150,11.345,11.544,11.767,11.977,12.167,12.372,12.554,12.736,12.901,13.024,13.225,13.413,13.651,13.854,14.072,14.328,14.555,14.743,14.944,15.152,15.362,15.560,15.769,15.967,16.167,16.365,16.574,16.769,16.973,17.159,17.353,17.559,17.914,
1,29,0.155,0.364,0.550,0.741,0.934,1.117,1.308,1.495,1.700,1.918,2.117,2.311,2.522,2.705,2.906,3.112,3.347,
1,30,0.241,0.423,0.586,0.720,0.911,1.101,1.292,1.525,1.688,1.853,2.035,2.285,2.478,2.659,2.849,3.084,3.288,3.468,3.684,3.852,4.043,4.153,4.346,4.575,4.767,4.964,5.168,5.358,5.559,5.744,5.933,6.126,6.326,6.511,6.697,6.901,7.106,7.293,7.478,7.669,
1,31,0.252,0.451,0.642,0.827,1.025,1.235,1.419,1.626,1.840,
1,32,0.272,0.435,0.609,0.791,0.974,1.354,1.502,1.697,1.876,2.063,2.270,2.468,2.667,2.819,3.057,3.270,3.443,3.637,3.822,4.030,4.232,4.414,4.616,4.808,5.033,5.223,5.438,5.617,5.815,6.021,6.208,6.438,6.638,6.840,7.044,7.272,7.448,7.639,7.848,8.049,8.292,8.537,8.743,8.936,9.295,9.523,9.695,9.896,10.091,10.280,
1,33,0.289,0.475,0.681,0.875,1.089,1.241,1.421,1.645,1.831,2.036,2.275,2.437,2.645,2.829,3.033,3.241,3.427,3.646,3.876,4.063,4.262,4.465,4.668,4.896,5.146,5.327,5.523,5.715,5.931,6.147,6.325,6.514,6.725,6.924,7.147,7.332,7.531,7.751,7.948,8.148,8.297,8.518,8.741,8.955,9.148,9.350,9.544,9.730,9.949,10.123,10.331,10.533,10.717,10.906,11.118,11.300,11.516,11.699,11.903,12.117,12.313,12.516,12.692,12.888,13.080,13.296,13.467,
1,34,0.238,0.432,
1,35,0.234,0.391,
1,36,0.276,0.552,0.759,0.946,1.143,1.337,1.536,1.760,1.971,2.165,2.393,2.583,2.809,3.020,3.224,3.411,3.615,3.819,4.037,4.220,4.421,4.834,5.011,5.169,5.366,5.564,5.778,5.978,6.179,6.395,6.645,6.835,7.060,7.271,7.479,7.734,7.952,8.158,8.365,8.596,8.792,9.013,9.215,9.443,9.647,9.844,10.063,10.264,10.475,10.669,10.897,11.068,11.296,11.484,11.672,11.904,12.088,
1,37,0.239,0.431,0.656,0.895,
1,38,0.309,0.513,0.740,0.946,1.162,1.357,1.728,1.919,2.115,2.333,2.528,2.751,2.959,3.175,3.372,3.595,3.798,4.015,4.241,4.441,4.663,4.859,5.072,5.295,5.516,5.718,5.948,6.166,6.399,6.590,6.810,7.031,7.240,7.459,7.660,7.900,8.115,8.331,8.547,8.751,8.947,9.166,9.377,9.616,9.805,10.018,10.225,10.438,10.647,10.866,11.090,11.295,
1,39,0.272,0.440,0.618,0.812,1.022,1.202,1.409,1.618,1.823,2.023,2.211,2.422,2.640,2.832,3.055,3.273,3.461,3.716,3.873,4.083,4.294,4.499,4.738,4.967,5.202,5.408,5.622,5.834,6.054,6.275,6.475,6.688,6.892,7.142,7.336,7.543,7.750,7.961,8.189,8.407,8.621,8.842,9.051,9.276,9.494,9.697,9.893,10.088,10.306,10.510,10.736,10.945,11.166,11.394,11.511,11.722,11.926,12.124,12.337,12.541,12.780,13.011,13.216,13.412,13.616,13.812,14.030,14.238,14.459,14.665,14.864,15.058,15.279,15.474,15.685,15.862,
1,40,0.221,0.430,0.618,0.829,
1,41,0.248,0.433,0.618,0.837,1.049,1.270,1.445,1.643,1.847,2.057,2.270,2.487,2.693,2.913,3.125,3.339,3.543,3.771,3.972,4.180,4.401,4.700,4.872,5.113,5.281,5.522,5.701,5.926,
1,42,0.264,0.449,0.647,0.832,1.034,
1,43,0.295,0.475,0.660,0.897,1.097,1.321,1.531,1.728,1.923,2.120,2.338,2.544,2.765,2.972,3.190,3.399,3.608,3.822,4.033,4.266,4.472,4.696,4.924,5.149,5.533,5.766,5.951,6.153,6.362,6.560,6.789,6.979,7.212,7.400,7.615,7.817,8.021,8.171,8.386,8.625,8.822,9.050,9.268,9.483,9.676,9.902,10.075,10.293,10.468,
1,44,0.279,
1,45,0.231,0.403,0.584,0.785,0.955,1.137,1.305,1.493,1.723,1.919,2.099,2.303,2.489,2.702,2.898,3.071,3.234,3.419,3.595,3.930,4.099,4.282,4.500,4.695,4.926,5.117,5.325,5.657,5.856,6.056,6.273,6.436,6.640,6.837,7.043,7.187,7.524,7.732,7.920,8.118,8.318,8.524,8.891,9.084,9.248,9.474,9.666,9.891,9.996,10.275,
1,46,0.265,0.458,0.669,0.899,1.107,1.312,1.516,1.746,1.956,2.213,2.441,2.650,2.900,3.127,3.338,3.561,3.792,4.017,4.232,4.453,4.690,4.908,5.142,5.369,5.612,5.835,
1,47,0.406,0.571,0.786,0.976,1.177,1.376,1.604,1.908,2.100,2.358,2.517,2.732,2.951,3.149,
1,48,0.247,0.437,0.650,0.825,1.024,1.220,1.433,1.681,1.931,2.151,2.352,2.581,2.810,3.055,3.295,3.518,3.748,4.070,4.352,4.553,4.791,5.019,5.269,5.452,5.668,5.898,
1,49,0.325,0.519,0.694,0.789,0.984,1.183,1.361,1.535,1.773,
1,50,0.294,0.442,0.648,1.014,1.202,1.358,1.525,1.721,1.913,2.115,2.455,2.598,2.795,2.985,3.159,3.346,3.534,3.722,3.914,4.107,4.485,4.659,4.840,5.034,5.231,5.444,5.633,5.850,
1,51,0.279,0.502,0.835,1.038,1.231,1.412,1.622,1.808,2.026,2.226,2.464,2.697,2.922,3.138,3.407,3.619,3.804,4.054,4.314,4.539,4.781,5.018,5.268,5.485,5.772,6.022,6.230,6.463,6.679,6.910,7.139,7.355,7.580,7.803,8.029,8.245,8.484,8.712,8.987,9.361,9.576,9.674,9.871,10.124,10.322,10.574,10.832,11.071,11.278,11.521,11.730,11.976,12.229,12.441,12.658,12.892,13.101,13.343,13.555,13.772,14.025,14.287,
1,52,0.268,0.518,0.735,0.975,1.269,1.519,1.692,1.941,2.174,2.415,2.648,2.894,3.160,3.358,3.637,3.908,4.137,4.409,4.740,4.977,5.178,5.424,5.656,
1,53,0.352,0.515,0.787,0.955,1.166,1.321,1.577,1.765,1.913,2.060,2.346,2.516,2.661,2.812,2.963,3.107,3.251,3.433,3.573,3.728,3.900,4.051,4.194,4.400,4.526,4.767,4.917,5.236,5.417,5.724,5.952,6.134,6.363,6.540,6.727,6.925,7.108,7.297,7.700,7.887,8.080,8.268,8.456,8.640,8.825,8.996,
1,54,0.272,0.431,0.608,0.796,1.023,
1,55,0.267,0.424,0.590,0.787,0.964,1.187,1.359,1.566,1.733,
1,56,0.266,0.429,0.618,0.829,0.990,1.179,1.355,1.529,1.719,
1,57,0.296,0.457,
1,58,0.235,0.407,0.740,0.919,1.083,1.279,1.453,1.649,1.911,2.084,2.273,2.448,2.627,2.982,3.152,3.349,3.536,3.690,3.905,4.104,4.288,4.469,4.675,4.852,5.058,5.406,5.595,5.778,5.967,6.331,6.525,6.693,6.848,
1,59,0.284,0.479,0.666,0.876,1.046,1.261,1.438,1.644,1.951,2.144,2.334,2.528,2.723,2.925,3.116,3.297,3.444,3.652,3.863,4.053,4.231,4.432,4.612,4.834,5.035,5.272,5.462,5.656,5.858,6.073,6.243,6.443,
1,60,0.269,0.429,0.619,0.809,1.029,1.239,1.467,1.668,1.895,2.137,2.344,2.581,2.805,3.124,
1,61,0.251,0.445,0.627,0.826,1.013,1.222,1.563,1.767,2.177,2.397,2.576,2.781,2.996,3.207,
1,62,0.273,0.422,
1,63,0.232,0.397,0.737,0.911,1.108,1.301,1.511,1.704,1.895,2.086,2.288,2.512,2.719,2.918,3.145,
1,64,0.468,0.653,0.783,0.999,1.183,1.333,1.520,1.715,1.932,2.133,2.331,2.517,2.714,3.078,3.292,3.477,3.688,3.884,4.283,4.385,4.518,4.706,4.921,5.106,5.298,5.498,5.700,6.025,6.232,6.422,6.622,6.828,7.044,7.213,7.428,7.621,7.858,8.035,8.223,8.417,8.613,8.829,9.020,9.221,9.407,9.611,9.848,10.067,10.271,
1,65,0.250,0.445,
1,66,0.241,0.414,0.597,0.979,1.249,1.457,1.642,1.824,2.184,2.377,2.565,2.750,2.929,3.117,3.318,3.523,3.708,3.915,4.114,4.342,4.524,4.734,4.913,5.118,5.318,5.641,5.855,6.071,6.274,6.465,6.668,6.848,7.058,7.275,
1,67,0.220,0.417,0.592,0.786,0.978,1.196,1.406,1.595,1.801,2.042,2.267,2.498,2.697,2.847,3.076,3.316,3.489,3.709,3.907,4.111,4.326,4.538,4.747,4.946,5.152,5.373,5.584,5.799,
1,68,0.213,0.390,0.582,0.769,0.973,1.180,1.371,1.561,1.742,1.927,2.122,2.320,2.520,2.736,2.946,3.160,3.340,3.540,3.770,3.962,4.183,4.394,4.616,4.814,5.030,5.220,5.419,5.638,5.849,6.063,6.288,6.461,6.671,6.888,7.059,7.272,7.389,7.593,
1,69,0.271,0.451,0.648,0.842,1.054,1.265,1.491,1.677,
1,70,0.486,0.658,0.847,1.037,
1,71,0.249,0.449,0.647,0.841,1.047,1.238,1.442,1.654,
1,72,0.260,0.454,0.643,0.833,1.037,1.260,1.435,1.644,1.819,2.017,2.198,2.428,2.625,2.824,3.176,3.366,3.543,3.740,3.929,4.145,4.310,4.420,4.679,5.037,5.252,5.441,5.646,5.853,6.043,6.269,6.455,6.646,6.857,7.061,7.263,7.493,7.653,7.837,8.062,8.263,8.465,8.654,8.844,9.026,9.246,9.430,9.625,9.825,10.014,10.211,10.398,10.603,10.826,11.022,11.201,11.398,11.583,11.802,12.091,12.302,12.500,12.714,12.916,13.116,13.324,13.516,13.749,13.949,14.200,14.476,14.680,
1,73,0.214,0.400,0.576,0.767,0.947,1.150,1.365,1.603,1.831,2.024,2.227,2.446,2.666,2.885,3.094,3.312,3.550,3.768,4.148,4.349,4.640,4.847,5.088,5.328,5.541,5.769,5.975,6.182,6.394,6.608,6.799,7.035,7.221,7.449,7.646,7.887,8.084,8.298,8.527,8.737,8.942,9.170,9.391,9.602,
1,74,0.212,0.389,0.592,0.791,0.989,1.218,1.409,1.627,1.821,2.044,2.233,2.612,2.792,2.988,3.192,3.387,3.623,3.834,4.038,4.234,4.454,4.637,4.740,4.992,5.212,5.416,5.621,5.828,
1,75,0.275,0.421,0.588,0.940,1.106,1.304,1.525,1.708,1.907,2.104,2.305,2.526,2.743,2.954,3.196,3.424,3.643,3.860,4.068,4.301,4.525,4.769,4.989,5.185,5.408,5.812,6.035,6.217,6.420,6.611,6.804,6.980,7.206,7.407,7.667,7.895,8.119,8.327,8.533,8.741,8.956,9.175,9.354,
1,76,0.286,0.476,0.677,0.898,1.120,1.336,1.544,1.731,1.935,2.141,2.349,2.669,2.873,3.060,3.268,
1,77,0.266,0.427,0.626,0.813,1.017,1.196,1.400,1.566,1.770,
1,78,0.237,0.429,0.647,0.840,1.024,1.216,1.412,1.616,1.801,2.014,2.204,2.398,2.592,2.799,2.996,3.192,3.409,3.597,3.807,3.987,4.171,4.399,4.593,4.785,4.987,5.181,5.399,5.566,5.740,5.961,6.167,6.383,6.767,6.942,7.148,7.362,7.560,7.767,7.962,8.151,8.355,8.537,8.739,8.940,9.358,9.551,9.750,9.951,10.163,10.395,
1,79,0.351,0.524,0.733,0.942,1.172,1.391,1.602,1.818,2.024,2.219,2.426,2.645,2.848,3.084,3.278,3.513,3.705,3.892,4.116,4.463,4.696,5.142,5.361,5.563,5.796,6.029,6.294,6.517,6.731,6.928,7.147,7.341,7.574,7.785,8.027,8.247,
1,80,0.264,0.449,0.647,0.866,1.107,1.320,1.518,1.765,1.908,2.151,2.355,2.547,2.831,3.054,3.265,3.515,3.717,3.940,4.173,4.428,4.625,4.912,5.159,5.397,5.600,5.815,6.107,6.311,6.532,6.767,6.954,7.217,7.411,7.687,7.923,8.119,8.319,8.532,8.788,9.067,9.346,9.548,9.768,
1,81,0.293,0.473,0.665,0.900,1.150,1.531,1.736,1.900,2.150,2.367,2.736,2.954,3.188,3.401,3.606,3.923,4.147,4.339,4.559,4.768,4.964,5.223,5.458,5.667,5.936,6.325,6.592,6.833,7.044,7.287,7.534,7.770,8.030,8.317,8.586,8.746,8.983,9.239,9.467,9.724,9.968,10.184,
1,82,0.364,0.562,
1,83,0.229,0.413,0.588,0.788,1.022,
1,84,0.239,0.396,0.621,0.846,1.043,1.239,1.458,1.681,1.873,2.118,2.354,2.578,2.822,2.988,3.189,3.450,3.688,3.886,4.107,4.330,4.569,4.776,5.019,5.226,5.520,5.742,5.952,6.187,6.414,6.614,6.841,7.079,7.327,7.553,7.737,7.958,8.154,8.451,
1,85,0.197,0.388,0.724,0.953,1.197,1.415,1.642,1.905,2.174,2.404,2.626,2.844,3.106,3.351,
1,86,0.341,0.665,0.842,1.024,1.177,1.351,1.562,1.751,2.071,2.271,2.376,2.580,2.781,2.957,3.148,3.333,
1,87,0.417,0.561,0.772,1.110,1.272,1.446,1.621,1.785,1.904,2.095,2.309,2.493,2.657,2.920,3.087,3.285,3.485,3.713,3.876,4.087,4.299,4.524,4.820,5.037,5.239,5.454,5.687,5.908,6.222,6.446,6.624,6.838,7.098,7.326,7.525,7.895,8.092,8.293,8.509,8.689,8.902,
1,88,0.274,0.456,
1,89,0.321,0.663,0.816,1.000,1.212,1.391,1.586,1.768,1.958,2.151,2.331,2.522,2.730,3.104,3.340,3.493,3.786,3.993,
1,90,0.329,0.528,0.706,0.907,1.094,1.298,1.492,1.729,1.893,2.058,2.377,2.575,2.781,2.996,3.241,3.525,3.739,3.977,4.202,4.420,4.644,4.894,5.113,5.363,5.605,5.836,6.035,6.300,6.528,6.762,7.012,7.262,7.512,7.721,7.948,8.172,8.418,8.606,8.850,9.056,9.266,9.501,9.729,9.955,10.187,10.409,10.647,10.845,11.027,
1,91,0.373,0.768,
1,92,0.278,0.472,0.649,0.834,1.043,
1,93,0.477,0.666,0.853,1.038,1.223,1.419,1.604,1.813,2.023,2.238,2.432,2.647,2.847,3.088,3.403,3.578,3.774,3.993,4.224,4.420,4.641,4.858,5.057,5.275,5.470,5.692,5.858,
1,94,0.266,0.460,0.649,0.826,1.016,1.217,1.414,1.649,1.845,2.048,2.248,2.437,2.627,2.835,3.054,3.252,3.498,3.711,3.925,4.134,4.375,4.554,4.785,4.985,5.200,5.423,5.639,5.861,
1,95,0.192,0.426,0.621,0.824,1.030,
1,96,0.231,0.371,0.586,
1,97,0.274,0.462,0.641,0.817,1.025,1.223,1.436,1.651,1.845,2.033,2.242,2.446,2.642,2.830,3.029,3.233,3.432,3.627,3.830,4.036,4.233,4.612,4.792,5.010,5.239,5.376,5.610,5.814,6.020,6.205,6.423,6.587,6.784,6.980,7.184,7.395,7.610,7.780,8.000,8.373,8.762,8.957,9.145,9.340,9.531,9.738,9.938,10.149,10.373,10.540,
1,98,0.236,0.429,0.612,0.813,1.022,1.200,1.415,1.639,1.843,2.048,2.248,2.470,2.679,2.905,3.139,3.354,3.589,3.812,4.023,4.273,4.476,4.738,4.959,5.177,5.415,5.650,5.877,6.082,6.284,6.496,6.811,6.984,7.215,7.438,7.663,7.873,8.142,8.358,8.618,8.832,9.091,9.300,9.545,9.786,10.009,10.211,10.493,10.760,10.967,11.187,11.405,11.650,11.873,12.163,12.324,12.569,12.789,12.997,
1,99,0.245,0.430,0.623,0.811,1.021,
1,100,0.227,0.394,0.573,0.784,0.967,1.173,1.367,1.559,1.761,1.958,2.184,2.395,2.587,2.792,3.177,3.353,3.550,3.735,3.952,4.199,4.396,4.606,4.823,5.034,5.240,5.440,5.653,5.843,6.052,6.247,6.484,6.715,6.907,7.096,7.307,7.499,7.730,
1,101,0.226,0.415,0.607,0.811,1.017,1.222,1.433,1.654,
1,102,0.279,0.468,0.644,0.840,1.044,1.246,1.689,
1,103,0.238,0.432,0.624,0.816,1.022,1.200,1.395,1.598,1.792,1.997,2.156,2.321,2.542,2.720,2.896,3.106,3.295,
1,104,0.295,0.471,0.670,
1,105,0.210,0.409,0.582,0.780,0.941,1.142,1.298,1.478,1.672,1.864,2.051,2.236,2.421,2.663,
1,106,0.224,0.433,0.617,0.832,1.046,1.272,1.459,1.681,
1,107,0.238,0.418,0.615,
1,108,0.189,0.375,0.544,0.727,0.934,1.120,1.297,1.498,1.674,
1,109,0.196,0.389,0.577,0.773,0.943,1.140,1.344,1.533,1.728,1.922,2.113,2.313,2.524,2.728,2.934,3.144,3.348,3.560,
1,110,0.273,0.439,0.625,
1,111,0.296,0.467,
1,112,0.234,0.424,0.608,0.799,0.987,1.202,1.328,1.527,1.711,1.898,2.096,2.285,2.492,2.677,2.887,3.043,3.239,
1,113,0.250,0.452,0.648,0.838,1.028,1.232,1.430,1.655,1.820,2.015,2.200,2.411,2.649,2.815,3.047,3.252,3.463,3.662,3.856,
1,114,0.058,0.276,0.462,0.672,0.877,1.088,1.291,1.496,1.692,1.894,2.096,2.302,2.511,2.733,2.941,3.159,
1,115,0.293,0.495,0.688,0.885,
1,116,0.206,0.401,0.579,0.767,0.940,1.126,1.314,1.518,1.703,1.921,2.106,2.288,2.482,2.679,2.890,3.075,3.279,3.487,
1,117,0.242,0.418,0.598,
1,118,0.460,0.651,0.844,1.050,1.227,1.452,1.637,1.827,2.060,2.268,2.483,2.715,2.943,3.149,3.346,
1,119,0.198,0.388,0.593,0.792,1.022,1.224,1.431,1.642,1.846,2.146,2.345,2.533,2.731,2.961,3.154,3.358,3.579,3.773,3.984,4.186,4.390,4.583,4.774,5.141,
1,120,0.330,0.500,0.695,0.900,1.108,1.338,1.524,1.725,
1,121,0.277,0.452,0.622,0.801,1.046,1.274,1.456,1.641,1.831,2.202,2.375,2.557,2.743,2.921,
