0,1,,
0,1,0.100,0.308,0.468,0.635,0.810,0.976,1.161,1.330,1.493,1.654,1.815,1.971,2.143,2.314,2.483,2.650,2.824,2.995,3.170,3.343,3.520,3.685,3.863,4.040,4.214,4.377,4.545,4.702,4.863,5.024,5.180,5.352,5.521,5.725,5.912,6.109,6.342,6.536,6.772,6.974,7.168,7.388,7.581,7.785,7.977,8.272,8.486,8.772,8.992,9.346,9.640,9.902,10.221,10.572,
0,1,0.267,0.547,0.768,1.086,1.356,1.664,1.936,2.222,2.518,2.813,3.097,3.385,3.689,3.932,4.221,4.464,4.751,5.023,5.331,5.612,5.917,6.173,
0,1,0.288,0.572,0.842,1.152,1.464,1.769,2.070,2.415,2.748,3.059,3.355,3.687,3.981,4.309,4.637,4.924,5.220,5.521,
1,1,0.340,0.608,0.896,1.166,1.429,1.689,1.972,2.243,2.533,2.820,3.177,3.498,3.799,4.076,4.398,4.732,5.018,5.350,5.623,5.953,6.296,
1,2,,
1,3,0.236,0.590,0.904,1.209,1.552,1.901,2.271,2.613,2.953,3.300,3.672,4.002,4.356,4.709,5.034,5.414,5.748,6.081,
1,4,0.292,0.598,0.963,1.273,1.626,1.956,2.273,2.581,2.922,3.246,3.575,3.894,4.274,
1,5,0.289,0.619,0.983,1.277,1.593,1.918,2.267,2.590,2.935,3.271,3.635,3.960,4.283,4.626,4.931,5.269,5.568,5.944,6.299,
1,6,0.292,0.651,0.968,1.271,1.599,1.933,2.281,2.602,2.920,3.246,3.578,3.901,4.231,4.546,4.889,5.185,
1,7,0.318,0.637,0.982,1.305,1.621,1.974,2.283,2.608,2.922,3.238,3.575,3.871,4.206,4.497,4.835,5.166,5.500,5.863,6.195,
1,8,0.485,0.815,1.143,1.461,1.776,2.143,2.466,2.751,3.074,3.421,3.800,4.077,4.369,4.761,5.060,5.422,5.693,6.068,6.398,6.704,7.053,7.346,7.662,7.998,8.308,8.618,8.938,
1,9,0.341,0.645,0.984,1.293,1.615,1.961,2.315,2.619,2.935,3.260,3.573,3.897,4.226,4.537,4.851,5.144,5.467,5.810,6.123,6.444,6.782,7.077,7.427,7.762,8.061,
1,10,0.495,0.843,1.252,1.634,2.096,
1,11,0.463,0.793,1.138,1.492,1.802,2.164,2.459,2.781,3.087,3.389,3.745,4.047,4.396,4.702,5.023,5.324,5.656,5.983,6.277,6.594,6.912,7.246,7.541,7.865,8.188,8.500,8.814,9.148,9.462,9.778,10.098,10.404,10.708,11.032,11.337,11.626,
1,12,0.305,0.603,0.922,1.228,1.560,1.883,2.180,
1,13,,
1,14,0.298,0.605,0.952,1.289,1.619,1.933,2.270,2.606,2.945,3.307,3.691,4.027,4.369,4.744,5.089,5.426,5.851,6.157,6.489,6.860,7.197,7.549,7.873,8.221,8.559,8.902,9.247,9.570,9.890,10.216,10.498,
1,15,0.346,0.696,1.088,1.465,1.789,2.143,2.491,2.833,3.173,3.510,3.848,4.198,4.550,4.895,5.245,5.587,5.924,6.232,6.629,6.991,7.303,7.646,7.950,8.301,8.606,9.013,9.360,9.686,10.061,10.432,10.789,11.103,11.443,11.789,
1,16,0.307,0.641,0.979,1.312,1.648,1.966,2.288,2.654,2.992,3.343,3.667,4.022,4.393,4.724,5.044,5.394,5.724,6.042,6.488,6.800,7.151,7.518,7.895,8.328,8.660,9.046,9.399,9.748,10.082,10.396,10.722,
1,17,,
1,18,0.238,0.560,0.907,1.233,1.573,1.919,2.274,2.608,2.945,3.304,3.676,4.067,4.429,4.822,5.203,5.571,5.915,6.294,6.663,7.000,7.370,7.718,8.049,8.458,8.765,9.108,9.438,9.763,10.104,10.449,10.798,11.145,11.551,11.852,12.207,12.646,12.969,13.349,13.698,14.071,14.421,14.805,15.150,15.524,15.976,
1,19,0.355,0.750,1.119,1.483,1.845,2.194,2.542,2.889,3.223,3.570,3.909,4.243,
1,20,,
1,21,0.268,0.587,0.961,1.320,1.684,2.023,2.351,2.692,3.075,3.411,3.763,4.146,4.455,4.821,5.153,5.486,5.811,6.150,6.484,6.806,7.148,7.514,7.835,8.185,8.540,8.858,9.188,9.536,9.899,10.215,10.587,10.946,11.266,11.627,12.017,
1,22,,
1,23,0.247,0.578,0.944,1.292,1.648,1.960,2.285,2.649,2.980,3.339,3.669,3.990,4.352,
1,24,,
1,25,0.261,0.609,0.978,1.366,1.712,2.053,2.403,2.772,3.095,3.486,3.843,4.226,4.553,4.931,5.264,5.647,5.983,6.398,6.672,7.049,7.430,7.790,8.096,8.421,8.822,9.152,9.497,9.899,10.208,
1,26,0.340,0.669,1.023,1.365,1.723,2.063,2.442,2.774,3.068,3.425,3.799,4.186,4.544,4.871,5.148,5.525,5.892,6.292,6.642,6.966,7.420,7.741,8.058,8.393,8.741,9.073,9.397,9.749,10.095,
1,27,0.372,0.694,1.015,1.398,1.746,2.113,2.440,2.792,3.171,3.533,3.839,4.176,4.520,4.900,5.218,5.568,5.944,6.314,6.651,6.940,7.292,7.768,8.079,8.421,8.772,9.135,9.461,9.815,10.160,10.519,10.831,11.170,11.520,11.850,12.197,
1,28,0.294,0.644,0.961,1.291,1.658,2.024,2.333,2.692,3.034,3.363,3.737,4.069,4.398,4.775,5.102,5.417,5.776,6.143,
1,29,0.417,0.801,1.162,1.534,1.900,2.241,2.651,2.972,3.338,3.686,4.028,4.348,4.698,5.033,5.388,5.731,6.083,6.429,6.769,7.116,7.491,7.827,8.155,8.497,8.841,9.194,9.596,9.929,10.271,10.604,10.941,11.303,11.641,12.000,12.333,12.705,13.046,13.404,13.708,14.050,14.425,14.773,15.109,15.437,15.773,
1,30,0.470,0.770,1.150,1.437,1.767,2.063,2.420,2.782,3.098,3.410,3.715,4.069,4.401,4.716,5.067,5.402,5.733,6.095,6.451,6.803,7.150,7.495,7.894,8.202,8.544,8.909,9.270,9.594,9.920,10.235,10.577,10.998,11.332,11.671,12.022,
1,31,0.225,0.501,0.850,1.246,1.641,1.974,2.339,2.700,3.072,3.426,3.839,4.208,4.587,5.019,5.345,5.707,6.055,6.396,6.780,7.089,7.520,7.851,8.211,8.521,8.873,9.271,9.557,9.924,10.296,10.638,10.923,11.275,11.625,11.938,
1,32,,
1,33,0.175,0.517,0.836,1.166,1.496,1.841,2.157,2.491,2.837,3.164,3.519,3.856,4.165,4.519,4.838,5.217,5.569,5.923,6.251,6.596,6.925,7.270,7.613,7.962,8.300,8.657,8.981,9.311,9.665,10.022,10.302,10.652,10.979,11.337,11.686,12.023,12.389,
1,34,0.301,0.593,0.952,1.298,1.649,1.994,2.343,2.676,3.050,3.368,3.720,4.067,4.416,4.734,5.093,5.403,5.744,6.075,6.425,6.787,7.091,7.400,7.805,8.155,8.462,8.802,9.167,9.495,9.828,10.160,10.522,10.855,11.162,11.482,11.822,12.124,12.455,12.793,13.139,13.523,13.823,14.162,14.527,14.890,15.228,15.610,15.930,16.287,
1,35,0.290,0.582,0.945,1.320,1.771,2.055,2.394,2.703,3.046,3.410,3.704,4.035,4.376,4.704,5.037,5.356,5.713,6.055,6.425,6.728,7.046,7.356,7.682,7.935,8.318,8.593,8.927,9.207,9.531,9.826,10.161,
1,36,0.497,0.817,1.147,1.514,1.848,2.186,2.484,2.872,3.165,3.499,3.827,4.149,4.465,4.805,5.133,5.451,5.781,6.106,6.446,6.789,7.141,7.517,7.840,8.151,8.477,8.836,9.151,9.431,9.685,10.018,10.231,10.672,10.996,11.279,11.627,11.989,12.360,12.809,13.280,
1,37,0.297,0.773,1.252,1.693,
1,38,0.224,0.489,0.862,1.161,1.492,1.805,2.113,
1,39,0.461,0.777,1.096,1.440,1.861,2.159,2.477,2.736,3.050,3.371,3.647,4.019,4.330,4.624,4.902,5.138,
1,40,0.355,0.694,1.047,1.346,1.651,2.027,2.358,2.734,3.151,3.486,3.828,4.193,4.547,4.923,5.285,5.594,5.934,6.278,6.650,6.995,7.302,7.650,7.984,8.306,8.654,8.987,9.384,9.691,10.051,
1,41,0.416,0.770,1.096,1.399,1.793,2.273,
1,42,0.338,0.697,1.095,1.474,1.810,2.178,2.532,2.972,3.314,3.686,4.030,
1,43,0.265,0.648,0.985,1.322,1.652,2.015,2.399,2.766,3.102,3.451,3.796,4.150,4.523,4.900,5.372,5.767,6.061,6.404,6.777,7.124,7.465,7.851,8.167,8.525,8.888,9.191,9.522,9.900,10.223,
1,44,,
1,45,0.249,0.573,0.944,1.296,1.620,1.989,2.328,2.693,3.084,3.437,3.761,4.145,4.488,4.840,5.214,5.533,5.910,6.243,6.593,6.969,7.310,7.666,8.013,
1,46,0.267,0.650,0.985,1.318,1.670,2.021,2.384,2.737,3.096,3.424,3.775,4.100,4.458,4.793,5.155,5.496,5.838,6.188,6.567,6.952,7.314,7.642,8.050,8.374,8.752,9.124,9.570,9.866,10.230,10.531,10.862,11.192,11.522,11.811,12.073,12.414,12.787,13.118,13.431,13.832,14.235,
1,47,0.088,0.460,0.829,1.215,1.584,1.923,2.274,2.638,2.990,3.357,3.719,4.088,4.417,4.772,5.086,5.431,5.752,6.091,6.444,6.800,7.154,7.524,7.890,8.274,8.602,8.920,9.274,9.607,9.977,
1,48,0.285,0.582,0.957,1.295,1.592,1.992,2.369,2.743,3.114,3.428,3.800,4.148,4.469,4.768,5.122,5.489,5.829,6.152,6.519,6.864,7.211,7.555,7.903,8.243,
1,49,0.189,0.434,0.796,1.180,
1,50,0.027,0.472,0.826,1.161,1.487,1.793,2.126,2.439,2.783,3.111,3.441,3.766,4.096,4.459,4.788,5.146,5.464,5.819,6.150,6.477,6.818,7.157,7.513,7.897,8.217,8.567,8.917,9.264,9.627,9.951,10.294,10.620,10.952,11.297,11.673,12.025,
1,51,0.389,0.656,0.997,1.336,1.720,2.084,2.422,2.731,3.105,3.524,3.855,4.153,4.497,4.843,5.275,5.584,5.933,6.275,6.642,6.924,7.288,7.646,7.983,
1,52,0.251,0.596,0.933,1.268,1.609,
1,53,0.415,0.713,1.047,1.370,1.678,2.040,2.354,2.669,2.938,3.271,3.580,3.902,4.214,4.525,4.836,5.139,5.487,5.785,6.139,
1,54,0.267,0.542,0.848,1.193,1.518,1.822,2.119,2.441,2.769,3.062,3.398,3.689,3.983,4.292,4.537,4.845,5.157,5.465,5.790,6.076,
1,55,0.356,0.644,0.931,1.321,1.610,1.904,2.228,2.575,2.870,3.204,3.535,3.895,4.189,4.569,4.896,5.249,5.571,5.917,6.244,6.547,6.900,7.264,7.595,7.907,8.240,
1,56,0.249,0.538,0.861,1.187,1.484,1.810,2.121,2.435,2.751,3.050,3.391,3.727,4.024,4.334,4.641,4.958,5.275,5.596,5.866,6.194,6.458,6.779,7.124,7.447,7.762,8.061,8.393,8.690,8.962,9.265,9.530,9.838,10.166,
1,57,0.261,0.557,0.875,1.193,1.511,1.814,2.114,2.429,2.814,3.114,3.413,3.726,4.012,4.330,4.618,5.045,5.469,5.770,6.147,6.401,6.698,6.995,7.424,7.694,8.014,8.279,8.592,8.838,9.124,9.398,9.648,10.113,10.356,10.616,11.045,11.269,11.560,11.856,12.123,12.400,12.666,12.954,13.267,13.573,13.900,14.192,14.494,14.784,15.120,15.425,15.739,16.047,
1,58,0.337,0.666,0.971,1.271,1.553,1.818,2.139,2.412,2.694,2.991,3.273,3.523,3.817,4.071,4.326,4.572,4.838,5.070,5.357,5.624,5.890,6.144,
1,59,0.426,0.681,0.980,1.271,1.557,1.853,2.148,
1,60,0.266,0.533,0.820,1.174,1.461,1.773,2.055,2.321,2.593,2.910,3.162,3.457,3.727,3.998,4.304,4.599,4.866,5.135,5.399,5.768,6.040,
1,61,0.236,0.526,0.815,1.112,1.408,1.689,2.010,2.302,2.603,2.926,3.221,3.493,3.786,4.110,4.397,4.695,4.978,5.297,5.577,5.895,6.188,
1,62,0.473,0.773,1.073,1.371,1.640,1.912,2.189,
1,63,0.228,0.515,0.783,1.066,1.340,
1,64,0.173,0.479,0.775,1.074,1.346,1.642,1.960,2.259,2.543,2.842,3.114,3.405,3.684,3.969,4.272,
1,65,0.271,0.536,0.845,1.120,1.422,1.706,1.990,2.275,2.566,2.874,3.173,3.447,3.725,4.023,4.302,4.584,4.866,5.155,5.451,5.733,6.024,6.308,6.595,6.891,7.161,7.452,7.715,8.001,8.275,8.559,8.846,9.096,9.392,9.681,9.956,10.233,10.500,10.776,11.051,11.345,11.615,11.897,12.174,
1,66,0.093,0.399,0.790,1.072,1.369,1.635,1.892,2.176,2.444,2.769,3.039,3.345,3.682,3.956,4.245,4.532,4.802,5.069,5.334,5.643,5.941,6.232,6.557,6.849,7.141,7.413,7.695,7.988,8.271,8.546,8.840,9.117,9.392,9.692,9.989,10.285,
1,67,0.167,0.582,0.874,1.188,1.505,1.772,2.056,2.330,2.620,2.949,3.272,3.544,3.845,4.126,4.426,4.718,5.023,5.337,5.657,5.976,6.274,6.595,6.891,7.182,7.551,7.858,8.154,8.433,8.751,9.042,9.327,9.617,9.896,10.194,10.495,10.790,11.080,11.393,11.701,11.996,12.287,12.588,12.903,13.195,13.513,13.797,14.086,14.364,14.644,14.924,15.233,15.520,15.817,16.145,
1,68,0.278,0.558,0.808,1.083,1.350,1.650,1.949,2.245,2.576,2.901,3.180,3.474,3.787,4.096,4.414,4.705,5.003,5.293,5.577,5.885,6.167,6.466,6.769,7.046,7.370,7.663,7.946,8.222,
1,69,0.243,0.516,0.846,1.146,1.440,1.742,2.111,2.411,2.730,2.990,3.287,3.593,3.823,4.102,4.365,4.648,4.945,5.240,5.471,5.741,6.015,6.183,6.460,
1,70,0.271,0.522,0.821,1.109,1.413,1.673,2.035,2.279,2.567,2.822,3.095,3.349,3.621,3.897,4.152,
1,71,0.464,0.737,1.037,1.338,1.653,1.967,2.271,2.567,2.859,3.151,3.460,3.771,4.051,4.350,4.658,4.944,5.229,5.522,5.814,6.087,6.370,6.643,6.934,7.215,7.523,7.773,8.065,8.337,8.617,8.897,9.178,9.472,9.774,10.024,
1,72,0.490,0.796,1.068,
1,73,0.297,0.564,0.851,1.123,1.419,1.703,2.016,2.273,2.704,2.968,3.400,3.552,3.799,4.066,4.287,4.527,4.787,5.066,5.328,5.598,5.873,6.159,6.433,6.707,6.962,7.240,7.519,7.781,8.064,8.318,8.573,8.837,9.068,9.291,9.534,9.751,9.990,10.270,10.520,10.770,11.024,11.277,11.547,11.807,12.060,12.315,12.602,12.870,13.138,13.397,13.642,13.922,14.160,14.395,14.639,14.875,15.126,15.389,15.639,15.871,16.091,16.319,
1,74,0.071,0.356,0.637,0.917,1.186,1.448,1.723,1.999,2.271,
1,75,0.249,0.517,0.767,1.032,1.304,1.582,1.833,2.100,2.366,2.637,2.918,3.171,3.431,3.691,3.949,4.213,4.480,4.747,5.019,5.269,5.523,5.813,6.068,6.316,6.589,6.852,7.121,7.387,7.641,7.906,8.159,8.394,8.644,8.887,9.156,9.443,9.726,9.980,10.228,10.522,10.794,11.056,11.318,11.593,11.889,12.159,12.449,12.727,12.968,13.227,13.499,13.773,14.030,14.291,
1,76,0.237,0.495,0.767,1.017,1.267,1.517,1.767,1.966,2.212,2.487,2.747,3.002,3.249,3.499,3.742,4.021,4.310,4.586,4.856,5.135,5.385,5.643,5.886,6.170,
1,77,0.308,0.558,0.830,1.105,1.398,1.656,1.930,2.244,2.515,2.782,3.040,3.307,3.604,3.899,4.186,4.456,4.750,5.036,5.338,5.610,5.870,6.151,6.403,6.698,6.967,7.242,7.472,7.751,8.025,8.268,8.485,8.684,8.874,9.064,9.269,9.451,9.635,9.840,10.049,10.269,10.537,10.781,11.026,11.270,11.520,11.753,12.020,12.270,12.520,12.770,12.979,13.208,13.440,13.721,13.974,14.245,
1,78,0.334,0.578,0.867,1.150,1.415,1.692,1.950,2.215,2.471,2.736,3.021,3.285,3.569,3.863,4.135,4.411,4.679,4.958,5.234,5.480,5.747,6.019,6.269,
1,79,0.293,0.536,0.799,1.066,1.328,1.592,1.861,2.151,2.401,2.681,2.957,3.242,3.533,3.817,4.077,4.354,4.642,4.910,5.189,5.469,5.726,5.994,6.269,6.534,6.809,7.078,7.340,7.622,7.893,8.165,8.420,8.685,8.945,9.200,9.450,9.700,9.953,10.207,10.475,10.723,10.975,11.243,11.522,11.772,12.041,
1,80,0.269,0.516,0.806,1.115,1.397,1.647,1.900,2.166,2.439,2.713,2.974,3.264,3.541,3.811,4.088,
1,81,0.349,0.607,0.894,1.171,1.418,1.688,1.967,2.239,2.511,2.799,3.075,3.367,3.655,3.937,4.211,
1,82,0.417,0.693,0.949,1.209,1.461,1.736,1.993,2.267,2.517,2.771,3.054,3.346,3.620,3.901,4.205,4.450,4.698,4.908,5.140,5.414,5.662,5.909,6.201,6.519,6.816,7.122,7.546,8.035,8.294,8.564,8.811,9.232,9.457,
1,83,,
1,84,0.211,0.456,0.713,0.940,1.173,1.430,1.653,1.894,2.144,2.394,2.737,3.011,3.264,3.545,3.802,4.065,4.362,4.590,4.850,5.092,5.347,5.621,5.896,6.146,6.429,6.669,6.939,7.198,7.452,7.720,7.963,8.213,8.484,8.747,9.051,9.298,9.558,9.817,10.064,10.362,10.593,10.860,11.148,11.398,11.649,11.913,12.184,12.467,12.766,13.026,13.355,13.650,13.909,14.169,14.455,14.699,14.966,15.251,15.568,15.828,16.098,16.424,
1,85,0.079,0.300,0.601,0.892,1.282,1.611,1.862,2.118,2.393,2.624,2.908,3.160,3.415,3.687,3.946,4.234,4.457,4.760,5.030,5.313,5.583,5.863,6.144,6.480,6.761,7.059,7.312,7.580,7.869,8.145,8.395,8.675,8.962,9.263,9.513,9.808,10.074,10.370,10.686,10.960,11.196,11.482,11.797,12.082,12.404,12.729,13.086,13.374,13.724,13.974,14.282,14.581,14.876,15.193,15.499,15.799,16.089,
1,86,0.306,0.563,0.870,1.173,1.450,1.749,2.038,2.331,2.613,2.966,3.276,3.575,3.895,4.204,
1,87,0.235,0.524,0.796,1.110,1.398,1.774,2.071,
1,88,0.398,0.650,0.941,1.228,1.537,1.852,2.167,2.520,2.825,3.213,3.482,3.798,4.087,4.375,4.669,5.028,5.317,5.614,5.850,6.110,6.389,6.651,6.960,7.220,7.529,7.836,8.123,8.393,8.689,8.985,9.273,9.594,9.868,10.167,10.444,10.734,11.024,11.299,11.625,11.895,12.173,
1,89,0.344,0.651,0.897,1.150,1.452,1.722,2.002,2.269,2.558,2.860,3.136,3.398,3.687,3.952,4.216,4.520,4.785,5.066,5.361,5.661,5.956,6.271,6.560,6.854,7.151,7.428,7.745,8.046,8.347,8.639,8.923,9.192,9.478,9.797,10.067,
1,90,0.395,0.642,0.910,1.189,1.471,1.725,2.037,2.279,2.586,2.889,3.140,3.447,3.739,4.059,4.393,
1,91,0.269,0.513,0.786,1.074,1.370,1.650,1.921,2.213,2.514,2.787,3.072,3.340,3.621,3.901,4.175,4.459,4.732,4.992,5.265,5.527,5.797,6.047,6.295,6.591,6.921,7.178,7.399,7.605,7.906,8.187,
1,92,0.261,0.511,0.861,1.205,1.529,1.806,2.086,2.352,2.678,2.959,3.252,3.523,3.863,4.171,4.465,4.744,5.017,5.303,5.558,5.807,6.112,6.398,6.665,6.944,7.213,7.502,7.787,8.093,8.411,8.693,8.984,9.275,9.575,9.854,10.149,10.448,10.713,10.968,11.250,11.544,11.809,12.049,12.308,12.571,12.844,13.108,13.373,13.651,13.909,14.168,
1,93,,
3,1,0.042,0.354,0.621,0.895,1.152,1.425,1.721,1.978,2.291,2.551,2.865,3.118,3.386,3.637,3.904,4.246,
3,2,0.242,0.500,0.774,1.041,1.315,1.609,1.894,2.217,
3,3,0.274,0.524,0.794,1.063,1.343,1.578,1.858,2.125,2.392,2.649,2.919,3.203,3.470,3.776,4.043,4.315,4.601,4.893,5.179,5.435,5.711,5.979,6.235,6.490,6.760,6.992,7.280,7.564,7.844,8.098,
3,4,0.264,0.514,0.808,1.058,1.320,1.574,1.845,2.097,2.356,2.648,2.908,3.185,3.459,3.717,3.985,4.242,4.516,4.788,5.047,5.349,5.608,5.864,6.150,6.371,6.621,6.944,7.182,7.449,7.692,7.946,8.196,8.449,8.707,8.977,9.239,9.499,9.752,10.018,10.272,10.531,10.791,11.050,11.313,11.574,11.830,12.086,12.344,12.602,12.862,13.127,13.395,13.651,13.904,14.173,
3,5,0.306,0.570,0.837,1.100,1.377,1.623,1.898,2.181,2.419,2.661,2.908,3.120,3.373,3.611,3.849,4.081,4.346,4.560,4.779,4.987,5.214,5.458,5.690,5.966,6.281,6.575,6.861,7.163,7.467,7.771,8.039,8.287,8.576,8.873,9.120,9.368,9.635,9.869,10.097,
3,6,0.336,0.615,0.831,1.034,1.220,1.422,1.620,1.919,2.166,2.375,2.589,2.810,3.023,3.286,3.527,3.774,4.038,4.294,
3,7,0.328,0.578,0.858,1.147,1.419,1.686,1.959,2.223,2.493,
3,8,0.366,0.637,0.914,1.188,1.461,1.771,2.031,2.313,2.572,2.833,3.095,3.350,3.623,3.889,4.158,4.407,4.701,4.973,5.242,5.492,5.751,6.000,6.273,6.533,6.780,7.038,7.280,7.527,7.744,7.962,8.217,8.494,8.725,8.969,9.212,9.477,9.713,9.962,10.239,10.525,10.780,11.025,11.275,11.495,11.793,12.063,
3,9,0.207,0.471,0.733,1.001,1.267,1.541,1.798,2.046,2.295,2.559,2.818,3.078,3.333,3.609,3.898,4.148,4.410,4.658,4.902,5.165,5.442,5.693,5.950,6.200,
3,10,0.235,0.515,0.765,1.016,1.266,1.494,1.725,1.978,2.242,2.516,2.770,3.017,3.267,3.517,3.747,3.962,4.192,4.467,
3,11,0.328,0.570,0.842,1.107,1.364,1.650,1.900,2.157,2.424,2.666,2.938,3.200,3.430,3.644,3.887,4.166,4.428,4.674,4.951,5.213,5.476,5.726,5.982,6.269,6.498,6.745,6.997,7.270,7.520,7.770,8.020,8.249,8.457,8.646,8.849,9.116,9.387,9.647,9.918,10.195,
3,12,0.304,0.543,0.791,1.067,1.334,1.615,1.877,2.146,2.392,2.646,2.910,3.176,3.448,3.706,3.982,4.267,4.544,4.832,5.127,5.406,5.688,5.973,6.252,6.526,6.790,7.044,7.312,7.576,7.845,8.118,8.395,8.680,8.942,9.192,9.454,9.734,10.024,10.314,10.575,10.824,11.088,11.360,11.611,11.852,12.125,
3,13,0.306,0.566,0.843,1.102,1.367,1.639,1.873,2.113,2.403,
3,14,0.270,0.527,0.787,1.069,1.314,1.579,1.861,2.137,
3,15,0.201,0.476,0.726,0.986,1.267,1.520,1.794,2.037,2.267,2.502,2.783,3.018,3.310,3.596,3.892,4.150,4.429,4.705,4.985,5.272,5.561,5.845,6.107,6.388,6.686,6.998,7.270,7.565,7.848,8.154,8.448,8.697,8.952,9.251,9.521,9.771,9.995,10.247,10.521,10.771,11.025,11.242,11.476,11.740,11.991,12.272,12.522,12.772,13.044,13.285,13.496,13.707,13.961,14.194,
3,16,0.189,0.484,0.772,1.010,1.311,1.622,1.900,2.183,2.470,2.763,3.043,3.318,3.572,3.832,4.094,4.349,
3,17,0.213,0.478,0.745,1.012,1.265,1.519,1.772,2.029,2.263,2.536,2.818,3.074,3.358,3.647,3.903,4.169,4.471,
3,18,0.236,0.489,0.760,1.019,1.275,1.534,1.819,2.118,2.421,2.714,2.999,3.292,3.579,3.870,4.145,4.424,4.709,4.993,5.265,5.515,5.798,6.086,6.364,6.646,6.940,7.224,7.491,7.770,8.042,8.319,8.589,8.844,9.101,9.369,9.647,9.920,10.194,10.464,10.741,11.025,11.314,11.596,11.859,12.112,
3,19,0.359,0.622,0.850,1.098,1.328,1.552,1.782,2.040,2.297,2.562,2.832,3.087,3.320,3.573,3.837,4.092,4.368,
3,20,0.422,0.667,0.938,1.192,1.440,1.712,1.964,2.238,2.523,2.773,3.042,3.326,3.611,3.865,4.137,4.418,4.666,4.932,5.188,5.451,5.700,5.964,6.223,6.496,6.748,6.996,7.272,7.529,7.782,8.039,8.280,8.523,8.744,9.023,9.293,9.557,9.802,10.064,
3,21,0.357,0.618,0.891,1.151,1.419,1.681,1.942,2.203,2.460,2.715,2.957,3.221,3.495,3.789,4.056,4.325,4.614,4.893,5.168,5.435,5.702,5.952,6.205,6.431,6.615,6.850,7.088,7.297,7.502,7.701,7.913,8.096,8.324,8.528,8.728,8.919,9.160,9.446,9.711,9.967,10.194,10.435,10.653,10.841,11.056,11.324,11.617,11.897,12.147,12.397,12.619,12.814,13.057,13.287,13.514,13.733,13.965,14.223,14.479,14.697,14.901,15.093,15.276,15.457,15.741,16.025,16.292,
3,22,,
3,23,0.165,0.428,0.695,0.962,1.234,1.520,1.750,1.991,2.251,2.521,2.771,3.031,3.301,3.575,3.830,4.092,4.364,4.617,4.867,5.150,5.398,5.639,5.877,6.139,6.363,6.605,6.818,7.067,7.297,7.535,7.773,7.994,8.217,8.454,8.705,8.960,9.206,9.435,9.669,9.891,10.115,10.372,10.607,10.846,11.071,11.314,11.574,11.831,12.067,12.316,12.567,12.827,13.067,13.328,13.595,13.844,14.105,14.365,14.617,14.872,15.125,15.394,15.644,15.894,16.144,16.416,
3,24,0.415,0.672,0.928,1.197,1.527,1.767,2.028,2.268,
3,25,0.401,0.636,0.899,1.186,1.474,1.768,2.021,2.294,2.618,2.862,3.152,3.422,3.686,3.972,4.230,
3,26,0.431,0.671,0.926,1.215,1.471,1.735,2.021,2.306,2.571,2.826,3.088,3.338,3.556,3.790,4.054,4.309,4.564,4.792,5.052,5.305,5.572,5.820,6.075,6.315,6.538,6.774,7.024,7.199,7.411,7.653,7.870,8.076,8.267,8.467,8.699,8.918,9.151,9.373,9.642,9.904,10.142,10.373,10.626,10.842,11.062,11.276,11.487,11.704,11.917,12.155,12.410,12.627,12.857,13.115,13.369,13.647,13.911,14.156,
3,27,0.270,0.540,0.844,1.137,1.402,1.662,1.916,2.171,2.494,
3,28,0.114,0.406,0.684,0.942,1.171,1.644,1.894,2.162,2.527,2.787,3.046,3.262,3.607,3.850,4.145,4.402,4.689,4.988,5.251,5.513,5.784,6.043,6.316,
3,29,0.270,0.520,0.787,1.052,1.298,1.533,1.790,2.055,2.314,2.583,2.844,3.081,3.350,3.610,3.868,4.148,4.398,4.604,4.905,5.176,5.433,5.700,5.955,6.213,
3,30,0.206,0.444,0.699,0.929,1.208,1.484,1.750,2.020,2.270,2.520,2.774,3.020,3.241,3.524,3.798,4.042,4.278,4.541,4.813,5.065,5.294,5.522,5.726,5.942,6.148,6.377,6.658,6.952,7.208,7.482,7.746,8.057,8.300,8.560,8.820,9.073,9.313,9.580,9.823,10.068,10.313,10.586,10.862,11.141,11.415,11.681,11.950,12.215,12.464,12.698,12.933,13.156,13.409,13.621,13.873,14.122,14.345,14.589,
