0,1,0.299,0.693,1.190,1.647,2.101,2.535,2.936,3.399,3.827,4.330,4.820,
0,1,0.156,0.282,0.518,0.698,0.849,0.991,1.146,1.322,1.478,1.635,1.779,1.938,2.091,2.249,2.390,2.543,2.686,2.847,3.019,3.155,3.308,3.464,3.622,3.776,3.919,4.083,4.252,4.413,4.570,4.734,4.903,5.060,5.227,5.390,5.540,5.687,5.838,6.020,6.163,6.322,6.474,6.637,6.796,6.954,7.098,7.248,7.411,7.566,7.727,7.888,8.050,8.214,8.355,8.521,8.669,8.827,8.991,9.165,9.316,9.470,9.646,9.810,9.965,10.139,10.292,10.465,10.639,10.792,10.999,11.208,11.420,11.639,
0,1,,
0,1,0.081,0.234,0.385,0.540,0.674,0.832,0.974,1.135,1.303,1.454,1.622,1.783,1.944,2.100,2.269,2.414,2.571,2.737,2.906,3.051,3.211,3.374,3.546,3.720,3.886,4.034,4.203,4.354,4.523,4.677,4.843,5.020,5.163,5.317,5.487,5.652,5.816,5.972,6.137,6.298,6.464,6.622,6.778,6.933,7.088,7.248,7.433,
1,1,0.048,0.194,0.346,0.492,0.645,0.791,0.950,1.096,1.262,1.402,1.558,1.715,1.870,2.032,2.180,2.311,2.489,2.657,2.788,2.947,3.104,3.263,3.424,3.586,3.746,3.897,4.080,4.240,4.401,4.566,4.746,4.924,5.105,5.264,5.412,5.559,5.716,5.837,6.030,6.190,6.355,6.540,6.722,6.898,7.042,7.215,7.399,7.547,7.729,7.899,8.059,8.220,8.399,8.570,8.766,8.931,9.082,9.240,9.375,9.543,9.689,9.861,10.017,10.185,10.360,10.527,10.694,10.870,11.044,11.212,11.561,11.738,11.909,12.080,12.268,12.392,12.626,12.812,12.997,13.176,13.565,13.745,13.894,14.082,14.281,14.487,14.655,14.835,15.019,15.181,15.386,15.588,15.769,15.949,16.145,16.326,16.500,16.702,16.895,17.081,17.270,17.456,17.637,17.817,18.020,18.197,
1,2,0.495,0.657,0.791,0.939,1.089,1.252,1.410,1.575,1.749,1.905,2.090,2.274,2.430,2.590,2.777,2.952,3.111,3.274,
1,3,0.205,0.363,0.516,0.694,0.854,1.016,1.177,1.333,1.495,1.672,1.833,1.953,
1,4,0.029,0.164,0.335,0.520,0.673,0.852,1.032,1.198,1.346,1.513,1.674,1.840,
1,5,0.112,0.301,0.467,0.640,0.793,0.960,1.120,1.304,1.502,1.644,1.828,1.973,2.145,2.303,2.466,2.824,2.984,3.142,3.294,3.479,3.691,3.864,4.060,4.221,4.411,4.556,4.766,4.905,5.088,5.249,5.443,5.646,5.806,5.985,
1,6,0.141,0.314,0.494,0.648,0.831,1.025,
1,7,0.029,0.202,0.371,0.542,0.700,0.900,1.075,1.224,1.419,1.647,1.833,1.995,2.169,2.355,2.550,2.723,2.910,3.113,3.264,3.462,3.648,3.824,4.015,4.189,4.398,4.571,4.765,4.939,5.148,5.302,5.457,5.649,5.820,6.016,6.198,6.399,6.584,6.927,7.090,7.283,7.441,7.627,7.803,7.973,8.157,8.345,8.540,8.746,8.947,9.141,9.361,9.569,9.771,9.940,10.120,10.243,10.479,10.679,10.876,11.050,11.233,11.403,11.583,11.788,11.941,12.137,12.335,12.542,12.737,12.927,13.095,13.269,13.437,13.617,13.769,13.974,14.136,14.326,14.482,14.680,14.886,15.067,15.225,15.415,15.570,15.780,15.942,16.149,16.332,16.521,16.709,16.921,17.077,17.293,17.463,17.670,17.842,18.021,18.190,18.388,
1,8,0.226,0.416,0.650,0.813,0.990,
1,9,0.053,0.305,0.502,0.707,0.873,1.060,
1,10,0.148,0.301,0.469,
1,11,0.102,0.299,0.469,0.621,0.780,0.930,1.101,1.260,1.428,1.586,1.773,1.925,2.116,2.275,2.435,2.611,2.811,2.968,3.123,3.298,3.494,3.662,4.018,4.178,4.395,4.555,4.713,4.927,5.089,5.296,5.477,5.819,
1,12,0.141,0.318,0.525,0.657,0.821,0.996,1.161,1.324,1.502,1.684,1.848,2.055,2.216,2.392,2.607,2.759,2.896,3.095,3.279,3.453,3.646,3.842,3.975,4.197,4.343,4.593,4.743,4.928,5.086,5.292,5.474,5.651,5.846,6.028,6.220,6.394,6.579,6.761,6.963,7.148,7.307,7.526,7.692,7.895,8.048,8.262,8.437,8.645,8.827,9.048,9.190,9.410,9.585,9.771,9.965,10.176,10.396,10.588,10.796,10.995,11.183,11.397,11.560,11.772,11.968,12.147,12.325,12.517,12.722,12.942,13.147,13.344,13.533,13.751,13.969,14.172,14.355,14.557,14.798,14.992,15.206,15.420,15.608,15.782,15.958,16.168,16.409,16.649,16.787,16.971,17.149,17.362,17.538,17.751,17.949,18.150,18.357,18.577,
1,13,0.107,0.324,0.702,0.891,1.074,1.271,1.435,1.651,1.812,
1,14,0.169,0.367,0.533,0.699,0.861,1.048,1.206,1.407,1.602,1.795,1.990,2.186,2.394,2.603,2.818,3.024,3.173,3.391,3.574,3.714,3.915,4.113,4.285,4.479,4.681,5.106,5.279,5.498,5.703,5.872,6.058,6.205,6.424,6.614,6.820,7.026,7.214,7.416,7.623,7.801,8.003,8.184,8.404,8.618,8.796,8.994,9.237,9.443,9.625,9.778,9.960,10.154,10.349,10.537,10.761,10.951,11.162,11.315,11.515,11.723,11.949,12.145,12.330,12.519,12.685,12.902,13.112,13.330,13.526,13.717,13.896,14.091,14.266,14.483,14.689,14.897,15.040,15.252,15.463,15.676,15.834,16.046,16.247,16.442,16.647,16.801,17.001,17.189,17.398,17.554,17.736,17.940,18.148,18.325,
1,15,0.145,0.358,0.574,0.726,0.889,1.069,1.225,1.404,1.558,1.773,1.934,2.140,2.313,2.523,2.890,3.080,3.286,3.457,3.651,3.865,4.073,4.274,4.457,4.675,4.855,5.044,5.311,5.458,5.675,5.834,6.047,6.239,6.433,6.611,6.831,7.028,7.227,7.406,7.614,8.009,8.194,8.399,8.605,8.796,8.997,9.182,9.364,9.593,9.751,9.944,10.163,10.552,
1,16,0.040,0.243,0.439,0.625,0.818,0.996,1.204,1.362,1.558,1.774,1.982,2.162,2.358,2.525,2.775,2.980,3.159,3.317,3.489,3.676,3.839,4.028,4.198,4.396,4.585,4.774,4.979,5.149,5.374,5.539,5.743,5.952,
1,17,0.158,0.367,0.567,0.781,
1,18,0.189,0.371,0.523,0.719,0.987,1.186,1.363,1.644,1.849,2.031,2.252,2.440,2.674,2.798,3.028,3.221,3.427,3.652,3.835,4.012,4.241,4.478,4.666,4.846,5.024,5.212,5.416,5.586,5.783,5.982,6.186,6.344,6.544,6.738,6.939,7.107,7.314,7.482,7.691,7.897,8.073,8.264,8.454,8.647,8.843,9.066,9.231,9.449,9.675,9.855,10.074,10.309,10.398,
1,19,0.093,0.320,0.485,0.710,0.912,1.149,1.300,1.487,1.696,1.863,2.070,2.308,2.516,2.694,2.900,3.107,3.341,
1,20,0.190,0.393,0.569,0.748,0.913,1.093,1.249,1.451,1.671,1.837,2.034,2.240,2.394,2.619,2.812,3.011,3.213,3.398,3.592,3.793,3.986,4.197,4.395,4.597,4.762,4.959,5.165,5.360,5.553,5.742,5.945,6.146,6.345,6.513,6.728,6.928,7.146,7.299,7.497,7.604,7.864,8.041,8.223,8.434,8.651,8.826,9.021,9.151,9.431,9.648,9.925,10.326,10.518,10.710,10.915,11.101,11.280,11.493,11.719,11.931,12.149,12.327,12.540,12.769,12.988,13.186,13.373,13.585,13.802,14.020,14.233,14.440,14.809,15.017,15.222,15.434,15.613,15.809,16.021,16.164,16.444,16.651,16.926,17.094,17.285,17.679,17.859,18.057,18.268,
1,21,0.076,0.267,0.472,0.670,0.887,1.106,1.302,1.521,1.693,1.884,2.040,2.211,2.418,2.635,2.863,3.313,3.519,3.710,3.899,4.117,4.299,4.519,4.678,5.046,5.229,5.459,5.704,5.834,
1,22,0.209,0.410,0.615,0.805,1.017,1.207,1.400,1.584,1.794,1.998,2.210,2.401,2.596,2.788,3.018,3.203,3.414,3.577,3.795,3.989,4.218,4.439,4.625,4.776,4.978,5.158,5.337,5.556,5.708,5.956,
1,23,0.073,0.262,0.467,0.656,0.826,1.013,1.208,1.396,1.581,1.763,1.973,2.175,2.397,2.565,2.851,3.014,3.162,3.407,
1,24,0.033,0.219,0.400,0.612,0.808,0.979,1.167,1.383,1.539,1.767,1.900,2.134,2.328,2.521,2.720,2.911,3.111,3.300,3.518,3.700,3.919,4.135,4.293,4.478,4.677,4.842,5.077,5.272,5.481,5.687,5.850,6.097,6.326,6.519,6.702,6.895,7.110,7.316,7.496,7.709,7.908,8.137,8.297,8.499,8.695,8.889,9.091,9.270,9.479,9.663,9.887,10.050,10.221,10.429,
1,25,0.050,0.276,0.473,0.642,0.856,1.053,1.294,1.466,1.680,1.814,
1,26,0.037,0.265,0.464,0.664,
1,27,0.168,0.402,0.540,0.716,
1,28,0.166,0.359,0.538,0.734,0.920,1.057,1.289,1.461,1.616,1.816,1.982,2.170,2.320,2.501,2.653,2.869,3.023,3.186,3.354,
1,29,0.053,0.225,0.399,0.576,0.776,0.934,
1,30,0.142,0.349,0.557,0.764,0.953,1.159,1.372,1.626,1.798,
1,31,0.208,0.394,0.573,0.769,0.933,1.144,1.307,1.511,1.735,1.924,2.126,2.320,2.518,2.728,2.939,3.127,3.325,3.543,3.714,3.908,4.094,4.230,4.457,4.646,4.804,4.982,5.171,5.396,5.579,5.766,5.982,6.196,6.396,6.554,6.739,6.977,7.188,7.397,7.559,7.764,7.971,8.170,8.397,8.764,8.959,9.151,9.329,9.545,9.765,9.957,10.155,10.281,10.515,
1,32,0.062,0.300,0.502,0.709,0.898,
1,33,0.077,0.286,0.463,0.682,0.859,
1,34,0.116,0.330,0.529,0.702,0.917,1.120,1.311,1.517,1.702,1.896,2.081,2.289,2.483,2.673,2.901,3.101,3.312,3.521,3.705,3.951,4.164,4.385,4.572,4.775,4.936,5.170,5.362,5.546,5.740,5.944,
1,35,0.228,0.434,0.650,0.867,1.073,1.246,1.469,1.640,1.848,
1,36,0.236,0.434,0.643,0.828,1.009,1.216,1.417,1.602,1.851,2.029,2.242,2.425,2.647,2.827,3.059,3.240,3.423,3.613,3.829,3.998,4.203,4.431,4.604,4.812,5.031,5.248,5.449,5.684,5.869,6.104,6.301,6.496,6.680,6.896,7.060,7.272,7.700,7.763,7.968,8.188,8.348,8.571,8.751,8.986,9.196,9.424,9.597,9.829,10.053,10.231,10.413,10.600,10.813,10.969,11.204,11.373,11.585,11.749,11.977,12.185,12.332,12.576,12.765,12.958,13.163,13.340,13.545,13.742,13.955,14.169,14.399,14.595,14.796,15.032,15.228,15.443,15.615,15.950,16.170,16.353,16.539,16.746,16.950,17.151,17.316,17.527,17.729,17.951,18.297,18.538,18.679,18.887,19.097,19.449,19.704,19.952,20.150,20.392,20.638,20.844,21.046,21.276,21.532,21.769,21.956,22.182,22.393,22.636,22.868,23.112,23.315,23.555,23.744,24.037,24.324,24.543,24.844,25.043,25.242,25.473,25.670,25.845,26.056,26.230,26.388,26.603,26.772,26.975,27.178,27.368,27.566,27.794,27.990,28.166,28.324,28.522,28.686,28.893,29.077,29.312,29.572,29.773,30.023,30.246,30.481,30.692,30.945,31.153,31.361,31.558,31.786,32.024,32.248,
1,37,0.188,0.391,0.589,0.792,0.990,
1,38,0.205,0.418,0.582,0.795,0.980,1.202,1.404,1.592,1.800,1.991,2.169,2.400,2.543,2.741,2.905,3.090,3.281,3.469,3.685,3.843,4.068,4.232,4.435,4.642,4.811,5.001,5.192,5.431,5.653,5.836,6.042,6.234,6.483,6.656,6.904,7.071,7.304,7.480,7.698,7.923,8.151,8.322,8.543,8.775,8.973,9.155,9.342,9.522,9.928,10.122,10.312,10.481,10.678,10.901,11.121,11.309,11.493,11.671,11.864,12.023,12.218,12.407,12.604,12.773,12.988,13.167,13.346,13.556,13.774,13.942,14.117,14.339,14.556,14.806,14.918,15.125,15.308,15.535,15.695,15.928,16.111,16.318,16.528,16.687,16.908,17.072,17.309,17.483,17.706,17.892,18.071,18.322,18.486,18.681,18.893,19.088,19.289,19.498,19.687,19.897,20.064,20.242,20.460,20.626,20.851,21.030,21.250,21.443,21.627,21.824,22.049,22.235,22.616,22.869,23.145,23.471,23.689,23.895,24.114,24.354,24.523,24.695,24.918,25.098,25.312,25.428,25.704,25.900,26.076,26.313,26.443,26.807,27.013,27.213,27.434,27.647,27.855,28.061,28.231,28.429,28.615,28.831,29.037,29.264,29.442,29.651,29.871,30.071,30.310,30.515,30.724,30.926,31.096,31.322,31.552,31.730,31.977,32.149,
1,39,0.304,0.517,0.695,0.910,1.078,1.267,1.497,1.722,1.954,2.158,2.327,2.545,2.742,2.951,3.152,3.334,3.530,3.730,3.927,4.127,4.356,4.585,4.821,5.019,5.249,5.454,5.655,5.875,6.100,6.328,6.552,6.930,7.145,7.368,7.637,7.846,8.043,8.198,8.429,8.592,8.771,8.954,9.154,9.325,9.546,9.771,9.932,10.192,10.487,
1,40,0.089,0.317,0.475,0.672,0.869,1.061,1.243,1.451,1.617,1.789,2.001,2.228,2.362,2.531,2.727,2.924,3.101,3.294,3.497,3.679,3.977,4.156,4.356,4.524,4.739,4.898,5.146,5.315,5.524,5.708,5.895,6.114,6.324,6.521,6.727,6.898,7.111,7.271,7.494,7.706,7.875,8.081,8.289,8.486,8.685,8.896,9.089,9.302,9.523,9.671,9.864,10.062,10.276,10.468,10.694,10.913,11.067,11.306,11.502,11.711,11.910,12.099,12.333,12.551,12.702,12.913,13.093,13.341,13.541,13.714,13.923,14.093,14.324,14.547,14.775,14.985,15.184,15.392,15.595,15.759,15.990,16.159,16.392,16.565,16.748,16.944,17.146,17.333,17.534,17.727,17.930,18.309,18.532,18.702,18.935,19.176,19.353,19.591,19.751,19.985,20.203,20.416,20.589,20.782,21.011,21.201,21.405,21.600,21.844,22.043,22.241,22.435,22.645,22.847,23.099,23.271,23.650,23.825,24.032,24.195,24.574,24.820,25.082,25.240,25.449,25.647,25.876,26.040,26.264,26.444,26.669,26.897,27.148,27.358,27.561,27.771,27.979,28.180,28.410,28.616,28.822,29.018,29.232,29.472,29.834,30.072,30.230,30.441,30.656,30.874,31.038,31.248,31.456,31.622,31.840,32.077,32.248,
1,41,0.134,0.342,0.517,0.720,
1,42,0.190,0.405,0.594,0.765,0.965,1.152,1.345,1.536,1.726,1.921,2.111,2.352,2.708,2.913,3.064,3.272,3.480,3.705,3.900,4.099,4.317,4.499,4.688,4.897,5.064,5.267,5.444,5.672,5.897,6.042,6.264,6.478,6.670,6.868,7.064,7.275,7.451,7.671,7.898,8.032,8.252,8.430,8.649,8.899,9.037,9.235,9.452,9.684,9.909,10.085,10.317,10.548,10.721,10.915,11.150,11.327,11.544,11.741,11.932,12.125,12.340,12.527,12.767,12.950,13.148,13.359,13.559,13.737,13.924,14.127,14.320,14.528,14.721,14.917,15.126,15.351,15.560,15.747,15.956,16.186,16.364,16.558,16.782,16.945,17.091,17.294,17.489,17.719,17.935,18.160,18.339,
1,43,0.172,0.367,0.532,0.700,0.898,1.069,1.242,1.425,1.780,1.996,2.163,2.352,2.545,2.726,2.919,3.124,3.285,3.502,3.686,3.906,4.102,4.266,4.473,4.650,5.055,5.228,5.436,5.650,5.848,6.056,6.236,6.420,6.806,7.017,7.175,7.401,7.579,7.768,7.960,8.171,8.366,8.580,8.807,8.998,9.206,9.385,9.643,9.835,10.029,10.245,10.479,10.729,10.944,11.122,11.353,11.537,11.742,11.939,12.136,12.323,12.572,12.770,12.974,13.188,13.357,13.580,13.798,13.987,14.168,14.334,14.521,14.697,14.857,15.021,15.197,15.370,15.570,15.772,15.947,16.208,16.388,16.657,16.892,17.067,17.247,17.462,17.643,17.905,18.279,
1,44,0.294,0.464,0.693,
1,45,0.205,0.400,0.582,0.813,0.984,1.154,1.350,1.554,1.741,1.984,2.141,
1,46,0.109,0.318,0.524,0.683,0.858,1.027,
1,47,0.039,0.222,0.406,0.607,0.787,0.961,1.139,1.302,1.492,1.689,1.864,2.065,2.248,2.456,2.619,2.814,2.988,3.195,
1,48,0.203,0.428,0.610,0.798,0.994,1.158,1.365,1.611,1.795,1.966,2.176,2.429,2.591,2.832,3.053,3.303,
1,49,0.221,0.493,0.699,0.862,1.046,1.219,1.393,1.586,1.789,2.010,2.180,2.343,2.539,2.705,2.856,3.078,3.274,3.433,3.609,3.802,3.981,4.173,4.394,4.541,4.749,4.936,5.099,5.279,5.471,5.665,5.842,6.012,6.180,6.340,6.554,6.734,6.928,7.146,7.333,7.549,7.763,7.933,8.114,8.306,8.496,8.688,8.897,9.057,9.263,9.449,9.615,9.830,10.014,10.216,10.420,10.597,10.828,11.014,11.172,11.398,11.648,11.824,11.992,12.205,12.398,12.594,12.833,13.060,13.272,13.443,13.666,13.876,14.087,14.288,14.516,14.766,14.956,15.161,15.449,15.650,15.813,15.992,16.207,16.452,
1,50,0.145,0.340,0.549,0.692,0.908,1.098,1.279,1.546,1.777,1.941,2.146,2.305,2.513,2.700,2.907,3.069,3.241,3.404,3.545,3.770,3.933,4.103,4.286,4.471,4.675,4.833,5.051,5.236,5.444,5.655,5.832,6.026,6.231,6.435,6.591,6.810,7.015,7.203,7.399,7.588,7.766,7.941,8.149,8.325,8.533,8.732,8.906,9.079,9.301,9.523,9.699,9.907,10.066,10.267,10.472,10.687,10.900,11.101,11.321,11.562,11.663,11.921,12.091,12.294,12.498,12.711,12.892,13.101,13.268,13.487,13.699,13.888,14.092,14.286,14.486,14.667,14.832,15.029,15.233,15.412,15.636,15.816,16.036,16.247,16.406,16.625,16.824,17.069,17.239,17.440,17.670,17.863,18.067,18.271,18.447,
1,51,0.191,0.390,0.592,0.742,0.931,1.109,1.283,1.479,1.677,1.872,2.024,2.205,2.415,2.610,2.774,2.985,3.177,3.395,3.597,3.775,3.983,4.148,4.371,4.533,4.734,4.909,5.058,5.271,5.451,5.682,5.893,6.081,6.272,6.457,6.689,6.916,7.124,7.358,7.510,7.732,7.913,8.123,8.305,8.525,8.686,8.930,9.122,9.341,9.555,9.750,10.171,10.372,10.530,10.737,10.939,11.145,11.332,11.539,11.743,11.936,12.100,12.262,12.434,12.646,12.843,13.027,13.230,13.428,13.662,13.853,14.027,14.240,14.438,14.615,14.844,15.022,15.252,15.480,15.647,15.862,16.045,16.264,16.460,16.664,16.846,17.057,17.248,17.612,17.808,17.990,18.186,18.411,18.648,18.805,19.051,19.275,19.450,19.666,19.854,20.065,20.266,20.481,20.689,20.900,21.092,21.293,21.548,21.767,21.928,22.103,22.336,22.517,22.720,22.913,23.125,23.303,23.482,23.689,23.884,24.077,24.268,24.468,
1,52,0.384,0.581,0.767,0.944,1.127,1.304,1.518,1.703,1.864,2.065,2.232,2.414,2.812,3.145,3.352,3.529,3.742,3.919,4.116,4.304,4.467,4.682,4.845,5.059,5.225,5.424,5.615,5.787,5.989,6.214,6.422,6.640,6.832,7.052,7.232,7.430,7.623,7.842,8.052,8.216,8.409,8.597,8.803,8.973,9.158,9.352,9.549,9.743,9.948,10.142,10.362,10.556,10.772,10.960,11.173,11.389,11.552,11.773,11.975,12.171,12.341,12.552,12.724,12.923,13.140,13.283,13.523,13.691,13.890,14.080,14.274,14.460,14.672,14.901,15.069,15.274,15.401,15.622,15.801,15.999,16.186,16.391,16.567,16.790,16.984,17.190,17.392,17.580,17.782,17.985,18.203,18.392,18.593,18.759,18.992,19.191,19.350,19.581,19.793,19.972,20.165,20.393,20.601,20.767,20.983,21.150,21.341,21.574,21.782,21.957,22.144,22.359,22.560,22.788,22.934,23.155,23.356,23.557,23.968,24.174,24.366,24.562,24.771,24.992,25.177,25.359,25.591,25.776,25.994,26.195,26.396,26.596,26.834,27.034,27.242,27.446,27.625,27.864,28.070,28.264,28.492,28.728,28.925,29.111,29.277,29.514,29.726,29.898,30.070,30.284,30.534,30.711,30.915,31.148,31.319,31.484,31.671,31.899,32.090,32.278,32.525,
1,53,0.066,0.273,0.455,0.646,0.802,1.023,1.196,1.364,1.530,1.735,1.902,2.084,2.284,2.457,2.644,2.853,3.024,3.203,
1,54,0.149,0.359,0.546,
1,55,0.118,0.307,0.499,0.658,0.861,1.038,1.223,1.388,1.620,1.778,1.967,2.150,2.328,2.522,2.642,2.873,3.058,3.237,3.440,3.616,3.794,4.183,4.355,4.547,4.737,4.923,5.126,5.322,5.523,5.718,5.917,6.140,6.324,6.524,6.702,6.915,7.112,7.281,7.524,7.656,7.901,8.058,8.252,8.464,8.641,8.840,9.008,9.218,9.435,9.645,9.812,9.978,10.189,10.420,10.607,10.820,11.043,11.226,11.452,11.665,11.819,12.043,12.212,12.393,12.613,12.811,13.044,13.209,13.416,13.604,13.787,13.963,14.151,14.345,14.539,14.732,14.912,15.157,15.348,15.563,15.742,15.973,16.179,16.356,16.580,16.779,16.999,17.165,17.396,17.566,17.781,17.948,18.175,18.351,18.541,18.745,18.931,19.116,19.306,19.520,19.698,19.909,20.120,20.343,20.553,20.728,20.949,21.147,21.370,21.568,21.783,21.989,22.197,22.408,22.590,22.806,23.015,23.195,23.399,23.599,23.772,23.973,24.120,24.349,24.549,24.766,24.963,25.177,25.357,25.519,25.733,25.935,26.099,26.307,26.476,26.665,27.017,27.229,27.400,27.583,27.789,27.996,28.190,28.387,28.599,28.800,28.988,29.174,29.371,29.577,29.783,29.953,30.157,30.356,30.568,30.782,30.996,31.187,31.398,31.554,31.769,31.945,32.180,
1,56,0.150,0.367,0.548,0.743,0.929,1.118,1.313,1.489,1.684,1.858,2.051,2.221,2.425,2.596,2.787,3.022,3.159,3.341,3.532,3.731,3.929,4.109,4.302,4.485,4.752,4.936,5.099,5.273,5.612,5.793,
1,57,0.212,0.360,0.568,0.737,0.897,1.147,1.314,1.476,1.686,1.867,2.068,2.214,2.432,2.597,2.790,2.964,3.163,3.327,3.532,3.716,3.921,4.335,4.525,4.747,4.958,5.171,5.347,5.528,5.745,5.959,6.088,6.313,6.533,6.700,6.920,7.071,7.293,7.474,7.670,7.889,8.110,8.308,8.521,8.736,8.955,9.297,9.518,9.702,9.917,10.119,10.317,10.518,10.722,10.917,11.122,11.302,11.519,11.724,11.912,12.109,12.305,12.523,12.693,12.906,13.091,13.321,13.493,13.721,13.920,14.111,14.470,14.695,14.927,15.125,15.527,15.743,15.904,16.110,16.293,16.521,16.728,16.913,17.138,17.330,17.522,17.691,17.910,18.108,18.339,18.493,18.678,18.889,19.086,19.291,19.523,19.742,19.934,20.140,20.351,20.562,20.783,20.997,21.187,21.430,21.620,21.823,22.051,22.274,22.488,22.684,22.877,23.066,23.278,23.474,23.658,23.850,24.046,24.282,24.462,24.642,24.807,24.987,25.202,25.392,25.560,25.775,25.947,26.195,26.357,26.595,26.815,27.021,27.197,27.410,27.621,27.799,28.022,28.210,28.418,28.613,28.782,28.976,29.164,29.394,29.560,29.773,29.971,30.172,30.394,30.571,30.786,30.963,31.179,31.349,31.526,31.723,31.905,32.110,32.295,
1,58,0.034,0.247,0.425,0.612,0.814,0.995,1.244,1.438,1.651,1.836,
1,59,0.146,0.311,0.513,0.700,0.897,1.050,1.252,1.415,1.647,1.819,1.986,2.160,2.353,2.539,2.749,2.922,3.059,3.246,
1,60,0.151,0.336,0.525,0.687,0.901,1.106,1.251,1.463,1.635,1.803,1.999,2.177,2.350,2.546,2.721,2.926,3.099,3.301,3.478,3.674,3.853,4.060,4.237,4.437,4.611,4.795,4.978,5.160,5.314,5.520,5.707,5.900,
1,61,0.175,0.373,0.553,0.770,0.940,1.102,1.331,1.502,1.697,1.887,2.059,2.237,2.442,2.613,2.820,2.987,3.202,3.376,3.586,3.771,3.976,4.172,4.365,4.566,4.746,4.951,5.139,5.345,5.501,5.711,5.941,6.317,6.482,6.680,6.889,7.072,7.231,7.458,7.643,7.864,8.035,8.231,8.406,8.625,8.805,9.024,9.190,9.401,9.589,9.804,9.983,10.197,10.397,
1,62,0.164,0.330,0.526,0.706,0.892,1.102,1.326,1.478,1.692,1.866,2.041,2.219,2.415,2.605,2.811,3.010,3.183,3.393,3.589,3.826,3.995,4.181,4.430,4.783,4.993,5.183,5.394,5.572,5.780,5.997,6.178,6.348,6.536,6.739,6.937,7.149,7.350,7.524,7.724,8.068,8.281,8.442,8.646,8.896,9.013,9.216,9.396,9.580,9.786,9.963,10.147,10.327,10.532,10.716,10.897,11.085,11.264,11.472,11.729,11.901,12.083,12.277,12.475,12.705,12.898,13.105,13.282,13.460,13.665,13.856,14.082,14.287,14.463,14.690,14.875,15.067,15.266,15.457,15.649,15.899,16.061,16.266,16.444,16.650,16.842,17.034,17.231,17.400,17.619,17.774,18.000,18.216,18.423,
1,63,0.142,0.342,0.526,0.694,0.893,1.056,
1,64,0.137,0.332,0.521,0.693,0.887,1.051,1.218,1.394,1.595,1.798,2.021,2.205,2.409,2.611,2.817,2.982,3.203,3.377,3.588,3.772,4.022,4.242,4.481,4.693,4.889,5.073,5.300,5.530,5.667,5.902,6.140,6.323,6.530,6.709,6.964,7.173,7.370,7.558,7.727,7.967,8.144,8.329,8.493,8.671,8.873,9.035,9.275,9.485,9.693,9.892,10.105,10.330,10.531,10.708,
1,65,0.183,0.366,0.556,0.741,0.901,1.106,1.285,1.502,1.673,1.856,2.055,2.268,2.426,2.625,2.819,3.025,3.429,3.616,3.832,4.030,4.220,4.460,4.685,4.867,5.068,5.269,5.440,5.651,5.865,6.091,6.286,6.465,6.665,6.866,7.076,7.270,7.443,7.621,7.815,8.046,8.193,8.374,8.594,8.840,8.980,9.172,9.388,9.594,9.793,9.982,10.189,10.367,10.566,
1,66,0.174,0.350,0.561,0.725,0.940,1.123,1.309,1.522,1.682,1.889,2.082,2.273,2.441,2.601,2.815,3.023,3.162,3.345,3.553,3.773,3.970,4.162,
1,67,0.033,0.189,0.403,0.602,0.767,0.941,1.151,1.324,1.517,1.707,1.911,2.118,2.295,2.499,2.706,2.872,3.082,3.278,
1,68,0.111,0.300,0.500,0.673,0.877,1.063,1.247,1.440,1.626,1.786,1.986,2.207,2.411,2.615,2.825,3.002,3.185,3.428,
1,69,0.086,0.263,0.396,0.549,0.737,0.923,1.079,1.294,1.495,1.708,1.861,2.041,2.213,2.397,2.562,2.764,2.945,3.158,3.328,3.535,3.729,3.915,4.117,4.278,4.502,4.690,4.898,5.050,5.265,5.438,5.614,5.804,5.980,
1,70,0.045,0.215,0.432,0.621,0.808,1.190,1.386,1.574,1.769,1.979,2.183,2.373,2.569,2.908,3.104,3.270,3.440,3.637,3.832,4.021,4.195,4.418,4.592,4.810,
1,71,0.073,0.306,0.438,0.654,0.870,1.034,
1,72,0.142,0.327,0.509,0.694,0.850,1.041,1.221,1.406,1.590,1.794,1.953,
1,73,0.174,0.339,0.543,0.713,0.924,1.119,1.306,1.471,1.716,1.900,2.075,2.267,2.449,2.650,2.843,3.017,3.192,3.394,3.596,3.774,3.955,4.119,4.318,4.518,4.681,4.876,5.092,5.251,5.476,5.679,5.888,6.064,6.269,6.474,6.697,6.872,7.085,7.269,7.529,7.734,7.947,8.153,8.386,8.596,8.819,9.020,9.244,9.446,9.642,9.857,10.074,10.246,10.455,10.646,10.856,11.021,11.218,11.470,11.669,11.864,12.110,12.305,12.488,12.670,12.889,13.104,13.334,13.534,13.776,13.990,14.170,14.411,14.623,14.790,15.210,15.425,15.680,15.904,16.205,16.454,16.675,16.862,17.046,17.219,17.433,17.609,17.826,18.108,18.308,
1,74,0.191,0.371,0.583,0.820,0.979,1.177,1.369,1.747,1.941,2.080,2.302,2.483,2.678,2.883,3.103,3.289,3.500,3.745,3.920,4.151,4.292,4.489,4.676,4.901,5.101,5.268,5.482,5.644,5.865,6.072,6.268,6.466,6.652,6.829,7.001,7.193,7.388,7.593,7.802,7.963,8.229,8.405,8.598,8.852,9.048,9.270,9.487,9.671,9.855,10.049,10.249,10.431,10.626,10.831,11.040,11.243,11.400,11.591,11.800,11.988,12.220,12.403,12.597,12.815,12.998,13.216,13.415,13.605,13.800,13.975,14.203,14.415,14.576,14.806,15.163,15.371,15.523,15.729,15.934,16.143,16.342,16.565,16.790,16.961,17.143,17.329,17.561,17.736,17.947,18.182,18.404,
1,75,0.108,0.337,0.543,0.719,0.908,1.204,1.385,1.672,1.874,2.063,2.217,2.395,2.636,2.819,3.019,3.215,3.400,3.595,3.792,3.969,4.137,4.317,4.487,4.675,4.850,5.050,5.270,5.428,5.619,5.794,5.963,6.161,6.339,6.477,6.689,6.869,7.046,7.230,7.402,7.603,7.778,7.982,8.163,8.342,8.525,8.709,8.930,9.085,9.291,9.479,9.639,9.844,10.035,10.199,10.396,10.554,10.773,10.939,11.140,11.303,11.523,11.692,11.897,12.080,12.278,12.451,12.666,12.813,13.036,13.203,13.435,13.591,13.812,14.028,14.191,14.391,14.560,14.775,14.941,15.142,15.298,15.498,15.698,15.892,16.087,16.268,16.497,16.674,16.905,17.071,17.284,17.449,17.643,17.816,18.193,18.403,18.584,18.767,18.958,19.166,19.348,19.564,19.761,19.948,20.122,20.337,20.547,20.721,20.926,21.123,21.330,21.514,21.713,21.917,22.124,22.339,22.512,22.697,22.895,23.113,23.303,23.512,23.712,23.870,24.092,24.296,24.492,24.720,24.921,25.103,25.294,25.513,25.714,25.897,26.095,26.320,26.514,26.721,26.944,27.181,27.372,27.593,27.804,27.962,28.196,28.318,28.588,28.765,28.956,29.165,29.372,29.577,29.797,29.969,30.169,30.340,30.560,30.745,30.975,31.173,31.354,31.533,31.743,31.927,32.107,32.295,
1,76,0.137,0.332,0.531,0.744,0.897,1.114,1.303,1.521,1.688,1.855,2.076,2.291,2.489,2.695,2.889,3.066,3.272,3.473,3.639,3.819,4.023,4.213,4.389,4.591,4.773,4.914,5.124,5.310,5.486,5.690,5.868,
1,77,0.086,0.302,0.520,0.672,0.857,1.144,1.271,1.442,1.640,1.815,1.982,2.181,2.370,2.546,2.736,2.929,3.113,3.309,3.491,3.678,4.037,4.237,4.411,4.639,4.815,5.023,5.219,5.396,5.595,5.773,5.976,6.148,6.339,6.577,6.735,6.959,7.121,7.307,7.524,7.692,7.891,8.078,8.288,8.462,8.665,8.855,9.069,9.281,9.477,9.666,9.834,10.037,10.233,10.429,10.642,10.775,11.025,11.247,11.435,11.684,11.842,12.039,12.238,12.432,12.673,12.809,13.037,13.241,13.418,13.627,13.836,14.039,14.227,14.426,14.627,14.809,15.013,15.228,15.407,15.625,15.815,16.032,16.285,16.557,16.748,16.971,17.152,17.347,17.540,17.762,17.983,18.188,18.370,18.595,18.751,18.968,19.197,19.425,19.656,19.832,20.013,20.200,20.411,20.630,20.847,21.119,21.306,21.471,21.674,21.897,22.098,22.274,22.484,22.694,22.904,23.086,23.277,23.518,23.724,23.920,24.114,24.339,24.556,24.736,24.965,25.169,25.399,25.572,25.776,25.988,26.153,26.371,26.586,26.841,27.045,27.214,27.410,27.587,27.830,28.032,28.267,28.452,28.650,28.868,29.086,29.239,29.445,29.651,29.848,30.030,30.198,30.411,30.596,30.808,30.992,31.193,31.397,31.619,31.823,32.029,32.244,
1,78,0.141,0.318,0.524,0.680,
1,79,0.026,0.194,0.392,0.546,0.743,0.935,1.120,1.312,1.527,1.735,1.930,2.114,2.327,2.520,2.685,2.865,3.057,3.244,3.427,3.644,3.792,3.995,4.183,4.404,4.589,4.796,4.970,5.157,5.349,5.502,5.702,5.870,
