1,1,1.002,0,5.672,5.679,6.193,7.195,5,5
1,2,9.198,0,1.604,1.618,2.062,11.260,5,10
1,3,13.263,0,18.128,NaN,9.221,22.483,0,10
1,4,24.485,0,10.201,10.209,10.546,35.031,5,15
1,5,37.034,0,0.759,0.779,1.167,38.201,5,20
1,6,40.205,0,10.201,10.213,10.733,50.939,5,25
1,7,52.940,0,0.276,0.297,0.703,53.643,5,30
1,8,55.646,0,18.128,NaN,0.604,56.250,0,30
1,9,58.251,0,3.083,3.106,3.433,61.684,5,35
1,10,63.685,0,1.604,1.624,2.028,65.713,5,40
1,11,67.715,0,10.201,NaN,8.916,76.631,0,40
1,12,78.632,0,10.201,10.221,10.540,89.173,5,45
1,13,91.176,0,32.000,NaN,8.919,100.095,0,45
1,14,102.097,0,18.128,NaN,8.885,110.982,0,45
1,15,112.985,0,5.672,5.683,6.067,119.051,5,50
1,16,121.052,0,3.083,3.101,3.476,124.529,5,55
1,17,126.531,0,3.083,3.091,3.568,130.100,5,60
1,18,132.103,0,18.128,NaN,13.371,145.473,0,60
1,19,147.476,0,1.604,1.623,1.895,149.370,5,65
1,20,151.371,0,1.604,1.630,2.398,153.769,5,70
1,21,155.770,0,0.759,0.782,1.223,156.993,5,75
1,22,158.994,0,5.672,NaN,0.371,159.365,0,75
1,23,161.366,0,32.000,NaN,14.513,175.880,0,75
1,24,177.882,0,0.759,0.781,1.097,178.979,5,80
1,25,180.982,0,3.083,3.100,3.469,184.451,5,85
1,26,186.454,0,5.672,5.682,6.099,192.552,5,90
1,27,194.554,0,18.128,NaN,9.817,204.371,0,90
1,28,206.373,0,0.276,0.286,0.745,207.119,5,95
1,29,209.121,0,0.276,0.290,0.713,209.834,5,100
1,30,211.836,0,1.604,1.627,2.107,213.943,5,105
1,31,215.945,0,0.276,0.285,0.770,216.716,5,110
1,32,218.717,0,32.000,NaN,5.321,224.039,0,110
1,33,226.040,0,1.604,1.613,1.981,228.021,5,115
1,34,230.022,0,3.083,3.100,3.469,233.491,5,120
1,35,235.493,0,0.276,0.297,0.788,236.280,5,125
1,36,238.283,0,10.201,NaN,5.997,244.280,0,125
1,37,246.282,0,5.672,NaN,5.383,251.665,0,125
1,38,253.668,0,0.759,0.781,1.072,254.741,5,130
1,39,256.743,0,0.759,0.773,1.107,257.851,5,135
1,40,259.851,0,1.604,1.617,1.962,261.814,5,140
1,41,263.818,0,32.000,NaN,7.583,271.401,0,140
1,42,273.403,0,3.083,3.107,3.493,276.895,5,145
1,43,278.896,0,10.201,NaN,6.519,285.415,0,145
1,44,287.416,0,3.083,3.099,3.416,290.832,5,150
1,45,292.835,0,32.000,NaN,5.363,298.198,0,150
1,46,300.201,0,32.000,NaN,6.114,306.316,0,150
1,47,308.317,0,10.201,10.212,10.532,318.850,5,155
1,48,320.852,0,18.128,NaN,9.419,330.270,0,155
1,49,332.275,0,0.759,0.778,1.343,333.618,5,160
1,50,335.621,0,0.276,0.300,0.610,336.230,5,165
1,51,338.232,0,0.759,0.790,1.148,339.380,5,170
1,52,341.383,0,32.000,NaN,4.894,346.277,0,170
1,53,348.278,0,5.672,5.684,5.954,354.232,5,175
1,54,356.236,0,10.201,NaN,5.988,362.224,0,175
1,55,364.224,0,1.604,1.627,2.146,366.370,5,180
1,56,368.373,0,5.672,5.683,5.998,374.371,5,185
1,57,376.373,0,0.276,0.300,0.647,377.020,5,190
1,58,379.026,0,3.083,3.100,3.427,382.453,5,195
1,59,384.457,0,0.759,0.787,1.175,385.632,5,200
1,60,387.635,0,18.128,NaN,5.741,393.376,0,200
1,61,395.379,0,18.128,NaN,5.980,401.358,0,200
1,62,403.360,0,32.000,NaN,7.855,411.215,0,200
1,63,413.219,0,0.276,0.289,0.724,413.943,5,205
1,64,415.947,0,5.672,NaN,5.236,421.183,0,205
1,65,423.185,0,5.672,5.680,6.074,429.259,5,210
1,66,431.260,0,1.604,1.623,2.058,433.318,5,215
1,67,435.322,0,10.201,NaN,6.483,441.804,0,215
1,68,443.807,0,32.000,NaN,7.302,451.109,0,215
1,69,453.112,0,3.083,3.099,3.774,456.886,5,220
1,70,458.889,0,10.201,NaN,5.607,464.496,0,220
1,71,466.499,0,0.276,0.301,0.685,467.184,5,225
1,72,469.184,0,5.672,5.685,6.002,475.187,5,230
1,73,477.188,0,32.000,NaN,7.638,484.826,0,230
1,74,486.827,0,0.759,0.782,1.609,488.436,5,235
1,75,490.438,0,3.083,3.107,3.468,493.906,5,240
1,76,495.909,0,5.672,5.690,6.019,501.927,5,245
1,77,503.932,0,0.759,0.786,1.855,505.787,5,250
1,78,507.789,0,18.128,NaN,5.789,513.578,0,250
1,79,515.580,0,32.000,NaN,5.726,521.306,0,250
1,80,523.307,0,18.128,NaN,6.707,530.014,0,250
1,81,532.015,0,5.672,5.685,6.038,538.053,5,255
1,82,540.056,0,5.672,5.681,6.122,546.178,5,260
1,83,548.181,0,18.128,NaN,7.195,555.376,0,260
1,84,557.379,0,10.201,NaN,8.905,566.283,0,260
1,85,568.285,0,5.672,5.682,5.983,574.267,5,265
1,86,576.271,0,0.276,0.297,0.765,577.036,5,270
1,87,579.038,0,1.604,1.615,1.984,581.022,5,275
1,88,583.023,0,0.759,0.782,1.193,584.216,5,280
1,89,586.218,0,0.759,0.788,1.216,587.434,5,285
1,90,589.437,0,32.000,NaN,7.546,596.983,0,285
1,91,598.984,0,5.672,NaN,5.015,603.999,0,285
1,92,606.000,0,10.201,NaN,6.770,612.770,0,285
1,93,614.772,0,3.083,3.099,3.472,618.244,5,290
1,94,620.248,0,0.759,0.775,1.147,621.394,5,295
1,95,623.396,0,10.201,NaN,3.846,627.242,0,295
1,96,629.245,0,1.604,1.616,2.112,631.357,5,300
1,97,633.359,0,0.276,0.286,0.720,634.079,5,305
1,98,636.080,0,3.083,3.101,3.479,639.559,5,310
1,99,641.561,0,3.083,3.106,3.586,645.147,5,315
1,100,647.151,0,32.000,NaN,5.271,652.422,0,315
1,101,654.425,0,32.000,NaN,5.151,659.576,0,315
1,102,661.579,0,0.276,0.296,0.720,662.299,5,320
1,103,664.302,0,0.759,0.775,1.105,665.407,5,325
1,104,667.410,0,0.276,0.285,0.638,668.048,5,330
1,105,670.051,0,0.276,0.295,0.653,670.704,5,335
1,106,672.707,0,18.128,NaN,2.802,675.508,0,335
1,107,677.511,0,3.083,3.106,3.171,680.682,5,340
1,108,682.685,0,1.604,1.618,2.019,684.704,5,345
1,109,686.708,0,3.083,3.097,3.465,690.173,5,350
1,110,692.175,0,18.128,NaN,4.635,696.810,0,350
1,111,698.811,0,0.759,0.782,1.170,699.982,5,355
1,112,701.983,0,1.604,1.612,1.949,703.932,5,360
1,113,705.935,0,18.128,NaN,4.789,710.724,0,360
1,114,712.726,0,1.604,1.624,2.026,714.752,5,365
1,115,716.754,0,32.000,NaN,4.229,720.983,0,365
1,116,722.985,0,10.201,NaN,4.621,727.607,0,365
1,117,729.609,0,18.128,NaN,4.080,733.689,0,365
1,118,735.692,0,0.276,0.285,0.841,736.533,5,370
1,119,738.535,0,32.000,NaN,4.023,742.558,0,370
1,120,744.561,0,1.604,1.621,2.043,746.603,5,375
1,121,748.606,0,5.672,NaN,3.650,752.256,0,375
1,122,754.259,0,3.083,3.094,3.516,757.776,5,380
1,123,759.780,0,0.276,0.292,0.760,760.540,5,385
1,124,762.544,0,10.201,NaN,5.153,767.696,0,385
1,125,769.697,0,0.759,0.779,1.118,770.815,5,390
1,126,772.817,0,5.672,NaN,4.264,777.081,0,390
1,127,779.082,0,0.759,0.782,1.153,780.236,5,395
1,128,782.239,0,10.201,NaN,3.371,785.610,0,395
1,129,787.612,0,10.201,NaN,4.150,791.762,0,395
1,130,793.764,0,0.759,0.774,1.369,795.134,5,400
1,131,797.135,0,1.604,1.622,2.000,799.135,5,405
1,132,801.137,0,1.604,1.622,2.001,803.138,5,410
1,133,805.139,0,18.128,NaN,5.116,810.255,0,410
1,134,812.259,0,18.128,NaN,4.707,816.967,0,410
1,135,818.969,0,10.201,NaN,4.990,823.959,0,410
1,136,825.962,0,18.128,NaN,4.177,830.139,0,410
1,137,832.142,0,1.604,1.614,2.092,834.234,5,415
1,138,836.238,0,32.000,NaN,5.140,841.378,0,415
1,139,843.383,0,32.000,NaN,5.399,848.782,0,415
1,140,850.782,0,0.759,0.783,1.196,851.978,5,420
1,141,853.982,0,18.128,NaN,4.597,858.579,0,420
1,142,860.581,0,0.276,0.289,1.465,862.046,5,425
1,143,864.047,0,18.128,NaN,4.370,868.417,0,425
1,144,870.419,0,3.083,3.107,3.592,874.010,5,430
1,145,876.028,0,0.276,0.299,0.728,876.756,5,435
1,146,878.758,0,32.000,NaN,3.604,882.362,0,435
1,147,884.366,0,10.201,NaN,3.716,888.081,0,435
1,148,890.084,0,32.000,NaN,3.063,893.147,0,435
2,1,1.001,25,5.672,5.680,6.399,7.399,5,440
2,2,9.101,25,18.128,NaN,5.847,14.948,0,440
2,3,16.950,14,3.083,3.104,3.776,20.726,5,445
2,4,22.426,30,10.201,NaN,7.400,29.827,0,445
2,5,31.829,15,3.083,3.099,3.795,35.623,5,450
2,6,37.324,29,32.000,NaN,6.892,44.217,0,450
2,7,46.219,30,10.201,NaN,7.748,53.967,0,450
2,8,55.968,24,5.672,5.689,6.439,62.407,5,455
2,9,64.108,15,3.083,3.101,3.870,67.979,5,460
2,10,69.680,14,3.083,3.099,3.789,73.470,5,465
2,11,75.171,5,0.759,0.776,1.592,76.763,5,470
2,12,78.465,24,5.672,5.686,6.388,84.853,5,475
2,13,86.554,31,10.201,NaN,8.070,94.624,0,475
2,14,96.624,28,10.201,NaN,7.330,103.954,0,475
2,15,105.955,8,1.604,1.624,2.275,108.231,5,480
2,16,109.932,5,0.759,0.782,1.539,111.471,5,485
2,17,113.172,5,0.759,0.777,1.584,114.756,5,490
2,18,116.458,2,0.276,0.291,0.893,117.352,5,495
2,19,119.053,24,5.672,5.684,6.114,125.167,5,500
2,20,126.872,33,32.000,NaN,8.184,135.056,0,500
2,21,137.057,31,18.128,NaN,8.274,145.332,0,500
2,22,147.333,27,32.000,NaN,7.219,154.551,0,500
2,23,156.553,14,3.083,3.100,3.857,160.410,5,505
2,24,162.111,25,5.672,5.679,6.172,168.284,5,510
2,25,169.984,25,5.672,5.693,5.749,175.733,5,515
2,26,177.434,4,0.759,0.778,1.488,178.922,5,520
2,27,180.624,28,18.128,NaN,7.077,187.701,0,520
2,28,189.702,5,0.759,0.783,1.475,191.177,5,525
2,29,192.877,8,1.604,1.626,2.232,195.110,5,530
2,30,196.811,14,3.083,3.095,3.842,200.653,5,535
2,31,202.354,8,1.604,1.620,2.172,204.526,5,540
2,32,206.229,38,32.000,NaN,9.675,215.904,0,540
2,33,217.906,3,0.276,0.292,1.192,219.098,5,545
2,34,220.800,23,10.201,NaN,5.853,226.653,0,545
2,35,228.654,4,0.759,0.783,1.413,230.067,5,550
2,36,231.768,13,3.083,3.105,3.773,235.541,5,555
2,37,237.242,25,18.128,NaN,6.478,243.720,0,555
2,38,245.722,8,1.604,1.623,2.275,247.997,5,560
2,39,249.699,3,0.276,0.297,1.015,250.715,5,565
2,40,252.416,23,32.000,NaN,5.929,258.346,0,565
2,41,260.347,28,32.000,NaN,7.048,267.395,0,565
2,42,269.397,8,1.604,1.626,2.371,271.768,5,570
2,43,273.470,26,10.201,NaN,6.561,280.031,0,570
2,44,282.032,23,32.000,NaN,5.532,287.564,0,570
2,45,289.564,27,5.672,5.687,6.329,295.893,5,575
2,46,297.595,8,1.604,1.625,2.280,299.874,5,580
2,47,301.575,7,1.604,1.613,2.166,303.740,5,585
2,48,305.442,26,5.672,5.684,6.410,311.852,5,590
2,49,313.553,4,0.276,0.291,1.283,314.836,5,595
2,50,316.537,3,0.276,0.291,0.977,317.513,5,600
2,51,319.214,17,3.083,3.100,3.841,323.055,5,605
2,52,324.756,2,0.276,0.292,1.174,325.930,5,610
2,53,327.632,22,18.128,NaN,4.525,332.157,0,610
2,54,334.157,3,0.276,0.296,1.115,335.272,5,615
2,55,336.973,5,0.759,0.782,1.338,338.311,5,620
2,56,340.012,23,32.000,NaN,4.701,344.713,0,620
2,57,346.713,7,0.759,0.779,1.743,348.457,5,625
2,58,350.158,26,10.201,NaN,5.393,355.551,0,625
2,59,357.553,3,0.276,0.295,1.070,358.623,5,630
2,60,360.325,9,1.604,1.624,2.301,362.626,5,635
2,61,364.329,29,18.128,NaN,6.643,370.972,0,635
2,62,372.974,22,10.201,NaN,5.069,378.042,0,635
2,63,380.043,30,18.128,NaN,6.886,386.929,0,635
2,64,388.931,27,5.672,5.684,6.442,395.373,5,640
2,65,397.074,10,1.604,1.626,2.521,399.595,5,645
2,66,401.296,43,32.000,NaN,9.677,410.973,0,645
2,67,412.975,29,5.672,5.685,6.312,419.287,5,650
2,68,420.987,3,0.276,0.290,1.085,422.072,5,655
2,69,423.772,16,3.083,3.091,3.682,427.454,5,660
2,70,429.156,26,5.672,NaN,5.513,434.669,0,660
2,71,436.669,25,18.128,NaN,5.356,442.026,0,660
2,72,444.027,36,18.128,NaN,8.196,452.223,0,660
2,73,454.224,16,3.083,3.104,3.688,457.912,5,665
2,74,459.614,3,0.276,0.299,1.071,460.685,5,670
2,75,462.386,10,1.604,1.612,2.427,464.813,5,675
2,76,466.514,28,18.128,NaN,6.203,472.717,0,675
2,77,474.718,30,5.672,5.687,6.408,481.126,5,680
2,78,482.828,15,3.083,3.097,3.705,486.533,5,685
2,79,488.234,34,18.128,NaN,7.647,495.881,0,685
2,80,497.883,28,10.201,NaN,6.135,504.018,0,685
2,81,506.019,9,1.604,1.616,2.250,508.269,5,690
2,82,509.971,3,0.276,0.299,0.960,510.930,5,695
2,83,512.631,25,18.128,NaN,5.948,518.579,0,695
2,84,520.580,5,0.759,0.779,1.514,522.093,5,700
2,85,523.796,31,10.201,NaN,6.720,530.516,0,700
2,86,532.517,34,32.000,NaN,7.473,539.990,0,700
2,87,541.992,3,0.276,0.293,1.121,543.113,5,705
2,88,544.814,20,5.672,NaN,4.660,549.474,0,705
2,89,551.475,27,10.201,NaN,6.332,557.807,0,705
2,90,559.809,26,18.128,NaN,6.083,565.892,0,705
2,91,567.894,2,0.276,0.287,0.996,568.890,5,710
2,92,570.592,2,0.276,0.290,0.895,571.487,5,715
2,93,573.188,5,0.759,0.779,1.529,574.716,5,720
2,94,576.418,26,32.000,NaN,6.147,582.564,0,720
2,95,584.566,26,10.201,NaN,5.893,590.459,0,720
2,96,592.461,4,0.759,0.781,1.403,593.864,5,725
2,97,595.566,8,1.604,1.628,2.147,597.713,5,730
2,98,599.414,27,10.201,NaN,6.350,605.764,0,730
2,99,607.764,29,10.201,NaN,6.776,614.541,0,730
2,100,616.542,24,5.672,5.681,5.916,622.458,5,735
2,101,624.160,5,0.759,0.781,1.475,625.635,5,740
2,102,627.336,24,5.672,5.692,6.037,633.373,5,745
2,103,635.074,24,32.000,NaN,5.742,640.816,0,745
2,104,642.818,14,3.083,3.100,3.743,646.560,5,750
2,105,648.262,9,1.604,1.624,2.434,650.696,5,755
2,106,652.397,8,1.604,1.624,2.274,654.671,5,760
2,107,656.372,14,3.083,3.102,3.653,660.026,5,765
2,108,661.727,14,3.083,3.100,3.651,665.378,5,770
2,109,667.080,22,32.000,NaN,5.451,672.531,0,770
2,110,674.532,25,32.000,NaN,5.651,680.183,0,770
2,111,682.185,8,1.604,1.617,2.248,684.433,5,775
2,112,686.134,19,5.672,NaN,5.106,691.240,0,775
2,113,693.241,21,5.672,NaN,5.221,698.462,0,775
2,114,700.463,20,18.128,NaN,4.751,705.214,0,775
2,115,707.216,17,32.000,NaN,4.324,711.539,0,775
2,116,713.541,30,18.128,NaN,7.074,720.614,0,775
2,117,722.616,8,1.604,1.622,2.367,724.983,5,780
2,118,726.684,5,0.759,0.789,1.471,728.155,5,785
2,119,729.876,14,3.083,3.099,3.827,733.703,5,790
2,120,735.405,5,0.759,0.789,1.531,736.935,5,795
2,121,738.637,5,0.759,0.775,1.666,740.302,5,800
2,122,742.014,3,0.276,0.299,1.111,743.126,5,805
2,123,744.828,23,32.000,NaN,5.524,750.352,0,805
2,124,752.353,5,0.759,0.782,1.552,753.904,5,810
2,125,755.605,17,18.128,NaN,4.343,759.949,0,810
2,126,761.951,15,18.128,NaN,3.992,765.943,0,810
2,127,767.944,14,3.083,3.100,3.781,771.725,5,815
2,128,773.426,19,10.201,NaN,4.722,778.148,0,815
2,129,780.150,15,3.083,3.100,3.911,784.061,5,820
2,130,785.763,8,1.604,1.621,2.290,788.053,5,825
2,131,789.754,7,1.604,1.616,2.173,791.927,5,830
2,132,793.627,14,3.083,3.095,3.691,797.318,5,835
2,133,799.019,5,0.759,0.788,1.523,800.542,5,840
2,134,802.244,16,32.000,NaN,4.409,806.653,0,840
2,135,808.654,19,18.128,NaN,4.713,813.367,0,840
2,136,815.368,15,10.201,NaN,3.864,819.232,0,840
2,137,821.234,3,0.276,0.300,1.087,822.321,5,845
2,138,824.023,28,10.201,NaN,6.340,830.363,0,845
2,139,832.364,5,0.759,0.775,1.527,833.891,5,850
2,140,835.592,5,0.759,0.782,1.488,837.080,5,855
2,141,838.781,8,1.604,1.628,2.287,841.068,5,860
2,142,842.769,3,0.276,0.292,1.059,843.828,5,865
2,143,845.529,15,3.083,3.101,3.682,849.211,5,870
2,144,850.911,17,5.672,NaN,4.080,854.991,0,870
2,145,856.993,8,1.604,1.626,2.411,859.404,5,875
2,146,861.105,12,10.201,NaN,3.455,864.560,0,875
2,147,866.561,3,0.276,0.294,1.028,867.590,5,880
2,148,869.290,14,5.672,NaN,3.583,872.873,0,880
2,149,874.874,21,10.201,NaN,5.077,879.952,0,880
2,150,881.954,23,10.201,NaN,5.831,887.784,0,880
2,151,889.785,9,1.604,1.615,2.467,892.252,5,885
2,152,893.953,5,0.759,0.782,1.501,895.454,5,890
2,153,897.156,9,5.672,NaN,2.580,899.736,0,890
3,1,1.000,14,3.083,3.101,3.608,4.608,5,895
3,2,6.310,2,0.276,0.293,0.895,7.205,5,900
3,3,8.905,9,1.604,1.616,2.424,11.329,5,905
3,4,13.030,8,1.604,1.627,2.244,15.274,5,910
3,5,16.976,21,10.201,NaN,4.957,21.932,0,910
3,6,23.934,14,3.083,3.096,3.694,27.628,5,915
3,7,29.329,16,32.000,NaN,4.071,33.400,0,915
3,8,35.401,16,10.201,NaN,4.124,39.525,0,915
3,9,41.527,18,18.128,NaN,4.296,45.823,0,915
3,10,47.824,3,0.276,0.299,1.054,48.877,5,920
3,11,50.578,17,10.201,NaN,4.149,54.727,0,920
3,12,56.728,5,0.759,0.783,1.470,58.198,5,925
3,13,59.899,16,32.000,NaN,3.970,63.869,0,925
3,14,65.871,17,5.672,NaN,4.273,70.144,0,925
3,15,72.147,16,5.672,NaN,4.168,76.314,0,925
3,16,78.315,18,10.201,NaN,4.646,82.961,0,925
3,17,84.962,41,32.000,NaN,9.889,94.851,0,925
3,18,96.852,22,32.000,NaN,5.648,102.500,0,925
3,19,104.502,8,1.604,1.615,2.473,106.975,5,930
3,20,108.678,15,3.083,3.092,3.876,112.554,5,935
3,21,114.256,14,3.083,3.099,3.634,117.890,5,940
3,22,119.592,4,0.759,0.782,1.362,120.954,5,945
3,23,122.655,15,3.083,3.105,3.890,126.545,5,950
3,24,128.246,9,1.604,1.616,2.307,130.552,5,955
3,25,132.253,5,0.759,0.776,1.473,133.727,5,960
3,26,135.428,8,1.604,1.620,2.370,137.798,5,965
3,27,139.500,27,5.672,5.685,6.315,145.815,5,970
3,28,147.516,15,3.083,3.105,3.864,151.380,5,975
3,29,153.082,25,18.128,NaN,5.945,159.027,0,975
3,30,161.028,5,0.759,0.782,1.561,162.589,5,980
3,31,164.290,23,18.128,NaN,5.560,169.849,0,980
3,32,171.851,23,5.672,5.683,5.685,177.535,5,985
3,33,179.237,9,1.604,1.615,2.324,181.561,5,990
3,34,183.262,3,0.276,0.292,1.049,184.311,5,995
3,35,186.023,5,0.759,0.782,1.532,187.555,5,1000
3,36,189.256,5,0.759,0.784,1.525,190.782,5,1005
3,37,192.483,18,10.201,NaN,4.679,197.162,0,1005
3,38,199.163,2,0.276,0.298,0.910,200.073,5,1010
3,39,201.774,22,32.000,NaN,5.152,206.926,0,1010
3,40,208.928,5,0.759,0.788,1.605,210.532,5,1015
3,41,212.233,4,0.276,0.301,1.241,213.474,5,1020
3,42,215.175,2,0.276,0.293,0.907,216.083,5,1025
3,43,217.785,14,3.083,3.103,3.666,221.451,5,1030
3,44,223.153,21,10.201,NaN,5.073,228.225,0,1030
3,45,230.227,8,1.604,1.616,2.319,232.546,5,1035
3,46,234.248,18,32.000,NaN,4.479,238.726,0,1035
3,47,240.728,19,18.128,NaN,4.307,245.034,0,1035
3,48,247.035,19,10.201,NaN,4.716,251.751,0,1035
3,49,253.752,18,10.201,NaN,4.371,258.124,0,1035
3,50,260.124,20,5.672,NaN,4.770,264.893,0,1035
3,51,266.895,22,18.128,NaN,5.060,271.955,0,1035
3,52,273.957,16,3.083,3.091,3.915,277.872,5,1040
3,53,279.573,23,5.672,NaN,5.572,285.145,0,1040
3,54,287.146,56,32.000,NaN,12.240,299.386,0,1040
