0,1,0.166,0.341,0.498,0.661,0.824,0.994,1.166,1.328,1.488,1.664,1.837,2.021,2.212,2.398,2.586,2.779,2.979,3.187,3.437,3.606,3.797,4.025,4.242,4.405,4.839,5.030,5.206,5.399,5.778,5.985,6.194,6.403,6.590,6.791,6.990,7.179,7.393,7.602,7.794,7.996,8.192,8.400,8.588,8.797,9.017,9.227,9.423,9.608,9.810,9.992,10.195,
0,1,0.149,0.327,0.518,0.684,0.856,1.028,1.218,1.394,1.580,1.769,1.973,2.165,2.353,2.556,2.746,2.945,3.148,3.338,3.519,3.704,3.908,4.086,4.287,4.487,4.698,4.893,5.118,5.327,5.520,5.727,5.939,6.158,6.369,6.538,6.749,6.944,7.144,7.357,7.553,7.771,7.940,8.100,8.353,8.528,8.752,8.963,9.163,9.363,9.567,9.772,9.970,10.172,
0,1,0.271,0.460,0.637,0.817,0.996,1.173,1.349,1.540,1.730,1.922,2.094,2.285,2.471,2.662,2.863,3.053,3.248,3.447,3.636,3.838,4.019,4.219,4.411,4.596,4.779,4.964,5.177,5.386,5.584,5.785,5.980,6.205,6.416,6.619,6.820,7.044,7.248,7.454,7.667,7.874,8.082,8.298,8.496,8.693,9.160,9.354,9.545,
0,1,0.184,0.385,0.570,0.768,0.954,1.145,1.330,1.519,1.697,1.842,2.090,2.272,2.468,2.668,2.889,3.088,3.282,3.501,3.697,3.898,4.105,4.337,4.527,4.729,4.929,5.112,
2,1,0.145,0.345,0.578,0.798,1.029,1.263,1.491,1.730,1.975,2.240,2.480,2.717,2.941,3.169,3.377,3.599,3.739,3.993,4.197,4.404,4.625,4.864,5.111,5.333,5.586,5.804,6.096,6.355,
2,2,0.218,0.488,0.796,1.056,1.313,1.570,1.832,2.032,2.260,2.474,2.705,2.955,3.181,3.409,3.671,3.919,4.183,
2,3,0.210,0.421,0.644,0.918,1.203,1.487,1.727,1.971,2.261,2.494,2.739,2.998,3.229,3.464,3.714,3.945,4.177,4.447,4.680,4.925,5.175,5.396,5.613,5.851,6.073,6.319,6.520,6.750,6.992,7.226,7.458,7.679,7.904,
2,4,0.125,0.342,0.567,0.776,1.023,1.229,1.461,1.679,1.917,2.152,2.349,2.575,2.821,3.024,3.229,3.452,3.678,3.891,4.121,4.338,4.605,4.809,5.042,5.275,5.495,5.735,5.963,6.191,6.417,6.652,6.869,7.090,
2,5,0.034,0.278,0.518,0.735,0.950,1.181,1.407,1.638,1.859,2.085,2.308,2.519,2.741,2.941,3.170,3.402,3.617,3.828,4.049,4.277,4.520,4.724,4.955,5.173,5.403,5.637,5.861,6.091,6.327,6.553,6.771,6.956,
2,6,0.282,0.541,0.816,1.070,1.289,1.535,1.776,2.031,2.270,2.485,2.698,2.922,3.148,3.358,3.578,3.807,4.032,4.224,4.447,4.648,4.846,5.059,5.265,
2,7,0.178,0.430,0.657,0.868,1.113,1.319,1.551,1.771,2.000,2.213,2.400,2.646,2.861,3.078,3.308,3.552,3.769,3.967,4.171,4.398,4.624,4.858,5.081,5.304,5.526,5.746,5.964,6.185,6.390,
2,8,0.109,0.340,0.585,0.816,1.048,1.264,1.514,1.733,1.964,2.190,2.413,2.684,2.876,3.113,3.349,3.584,3.827,4.072,4.325,4.546,4.769,4.997,5.215,5.426,5.652,5.857,6.080,6.284,6.517,6.745,6.976,7.192,7.423,7.651,7.846,8.064,
2,9,0.140,0.387,0.614,0.842,1.091,1.330,1.548,1.771,1.974,2.200,2.403,2.615,2.836,3.066,3.289,3.496,3.710,3.916,4.142,4.352,4.580,4.807,5.023,5.223,5.405,5.604,5.818,6.037,6.273,6.474,6.694,6.937,7.108,7.335,7.568,7.803,8.024,8.249,8.472,
2,10,0.065,0.316,0.568,0.804,1.046,1.297,1.552,1.777,2.032,2.252,2.520,2.720,2.942,3.186,3.396,3.637,3.845,4.065,4.283,4.496,4.709,4.919,5.125,5.343,5.559,5.778,5.995,6.232,6.442,6.666,6.896,7.094,7.345,
2,11,0.207,0.430,0.674,0.911,1.153,1.394,1.644,1.866,2.104,2.322,2.542,2.767,2.995,3.218,3.431,3.623,3.847,4.077,4.300,4.535,4.988,5.214,5.445,5.660,6.097,6.311,6.536,
2,12,0.298,0.529,0.760,0.977,1.202,1.413,1.650,1.865,2.086,2.316,2.537,2.747,2.960,3.206,3.434,3.681,3.914,4.145,4.395,4.587,4.798,5.035,5.262,5.479,5.709,5.923,6.146,
2,13,0.293,0.516,0.741,0.969,1.172,1.400,1.576,1.782,1.982,2.197,
2,14,0.193,0.399,0.605,0.818,1.029,1.244,1.448,1.663,1.886,2.086,2.291,2.489,2.692,2.875,3.064,3.270,3.487,3.702,3.921,4.140,4.363,4.582,4.808,5.072,5.296,5.533,5.784,6.021,6.237,6.458,
2,15,0.077,0.315,0.538,0.762,0.982,1.212,1.466,1.705,1.913,2.123,2.358,2.579,2.813,3.032,3.272,3.501,3.736,3.983,4.208,4.457,4.700,4.910,5.123,5.345,5.573,5.818,6.076,6.304,6.538,6.737,
2,16,0.048,0.285,0.512,0.718,0.944,1.172,1.371,1.596,1.820,2.047,2.279,
2,17,0.114,0.334,0.523,0.736,0.957,1.157,1.372,1.593,1.817,2.027,2.268,2.473,2.714,2.953,3.205,3.426,3.664,3.892,4.109,
2,18,0.279,0.523,0.723,0.966,1.213,1.446,1.672,1.900,2.140,2.348,2.566,2.799,3.024,3.239,3.491,3.700,3.929,4.175,4.405,4.669,4.892,5.126,5.411,5.642,5.869,6.320,6.532,6.759,7.000,7.251,7.493,7.710,
2,19,0.127,0.400,0.641,0.860,1.096,1.313,1.552,1.751,1.965,2.188,2.421,2.637,2.859,3.084,3.332,3.536,3.768,4.019,4.250,4.478,4.714,5.001,5.165,5.400,5.667,5.920,6.165,6.367,
2,20,0.203,0.441,0.662,0.890,1.117,1.347,1.610,1.838,2.076,2.306,2.523,2.770,2.989,3.216,3.445,3.658,3.896,4.137,
2,21,0.308,0.541,0.767,0.993,1.250,1.517,1.746,1.977,2.190,
2,22,0.144,0.350,0.577,0.814,1.038,1.281,1.527,1.778,2.018,2.243,2.486,2.719,2.948,3.177,3.417,3.646,3.874,4.102,4.330,4.561,4.799,5.031,5.279,5.513,
2,23,0.149,0.400,0.617,0.843,1.075,1.293,1.539,1.967,2.173,2.404,2.657,2.928,3.173,3.423,3.654,3.876,4.126,4.367,4.609,4.854,5.090,5.320,5.553,5.775,6.019,6.228,6.452,6.676,6.886,
2,24,0.150,0.417,0.668,0.918,1.150,1.384,1.591,1.804,2.054,2.298,2.548,2.775,3.018,3.225,3.478,3.711,3.927,4.167,4.403,4.643,4.898,5.136,5.362,5.603,5.846,6.064,6.288,
2,25,0.245,0.459,0.704,0.913,1.168,1.415,1.662,1.911,2.149,2.360,2.591,2.819,3.053,3.272,3.490,3.703,3.936,4.330,4.573,4.835,5.068,5.286,5.527,5.751,5.999,6.236,6.465,6.683,6.923,
2,26,0.235,0.472,0.710,0.906,1.144,1.368,1.606,1.832,2.071,2.293,2.525,2.761,2.971,3.199,3.430,3.652,3.932,4.163,
2,27,0.272,0.502,0.735,0.971,1.218,1.463,1.696,1.934,2.165,2.405,2.650,2.900,3.093,3.336,3.579,3.819,4.062,4.319,4.547,4.790,5.033,5.247,5.484,5.728,5.950,6.201,6.454,6.689,6.914,
2,28,0.207,0.425,0.655,0.900,1.153,1.406,1.651,1.871,2.137,
2,29,0.308,0.517,0.722,0.928,1.151,1.376,1.596,1.844,2.046,2.283,2.518,2.745,2.985,3.208,3.436,3.662,3.885,4.114,4.340,4.566,4.823,5.044,5.301,5.542,5.773,5.989,6.253,6.475,6.729,6.967,7.193,7.438,7.681,7.922,8.153,8.400,8.656,8.894,
2,30,0.088,0.294,0.517,0.737,0.970,1.214,1.441,1.681,1.919,2.154,2.394,2.609,2.845,3.051,3.287,3.535,3.773,4.029,
2,31,0.175,0.412,0.675,0.922,1.177,1.439,1.660,1.898,2.180,2.399,2.649,2.902,3.149,3.371,3.616,3.851,4.087,4.332,4.565,4.825,5.066,5.299,5.541,5.789,6.044,6.303,
2,32,0.320,0.536,0.764,0.959,1.170,1.370,1.591,1.811,2.034,2.268,2.515,2.746,2.969,3.210,3.452,3.685,3.913,4.161,4.399,4.649,4.867,5.064,5.322,5.543,5.776,6.026,6.266,6.501,6.738,
2,33,0.169,0.404,0.614,0.849,1.099,1.344,1.555,1.806,2.015,2.241,2.467,2.682,2.899,3.126,3.355,3.587,3.813,4.055,4.276,4.499,4.718,4.958,5.184,5.429,5.667,5.897,6.122,6.325,6.567,6.790,
2,34,0.085,0.331,0.589,0.814,1.023,1.273,1.523,1.777,2.023,2.273,2.493,2.699,2.934,3.152,3.603,3.799,4.024,4.217,4.440,4.668,4.901,5.126,5.391,5.594,5.831,6.060,6.275,6.493,
2,35,0.273,0.500,0.721,0.929,1.162,1.400,1.633,1.900,2.150,2.365,2.590,2.831,3.084,3.324,3.552,3.790,4.021,4.238,4.467,4.698,4.936,5.169,5.412,5.657,5.903,6.127,6.385,6.636,6.850,7.113,
2,36,0.205,0.404,0.626,0.841,1.060,1.303,1.523,1.744,1.944,2.162,2.390,2.615,2.848,3.062,3.287,3.479,3.719,3.942,4.185,4.398,4.659,4.844,5.079,5.324,5.559,5.797,6.032,6.273,
2,37,0.375,0.601,0.829,1.050,1.525,1.730,1.949,2.169,2.451,2.672,2.944,3.190,3.420,3.674,3.921,4.165,4.418,4.654,4.932,5.168,5.418,5.640,
2,38,0.403,0.622,0.841,1.079,1.311,1.535,1.773,1.998,2.225,2.466,2.709,2.920,3.151,3.428,3.694,3.920,4.173,4.415,4.651,4.928,5.158,5.398,5.616,5.834,6.045,6.298,
2,39,0.220,0.439,0.664,0.924,1.097,1.311,1.543,1.769,2.000,2.221,2.429,2.652,2.871,3.091,3.320,3.534,3.746,3.969,4.182,4.387,4.596,4.800,5.035,5.244,5.476,5.700,5.923,6.144,6.391,6.638,6.855,
2,40,0.098,0.339,0.574,0.827,1.079,1.313,1.535,1.752,1.997,2.266,2.481,2.724,2.949,3.172,3.400,3.650,3.868,4.096,
2,41,0.271,0.493,0.719,0.956,1.205,1.425,1.638,1.848,2.051,2.272,2.482,2.704,2.904,3.108,3.322,3.537,3.773,3.963,4.179,
2,42,0.123,0.370,0.611,0.851,1.083,1.304,1.526,1.749,1.987,2.225,2.446,2.661,2.894,3.115,3.314,3.533,3.748,3.968,4.201,4.449,4.669,4.913,5.145,5.357,5.578,5.817,6.043,6.286,6.539,6.763,6.999,
2,43,0.076,0.319,0.572,0.798,1.025,1.248,1.495,1.733,2.000,2.233,2.489,2.724,2.991,3.239,3.483,3.765,4.015,4.251,4.489,4.715,4.975,5.183,5.426,5.683,5.921,6.164,6.399,
2,44,0.190,0.445,0.691,0.919,1.169,1.399,1.610,1.899,2.093,
2,45,0.038,0.320,0.547,0.805,1.090,1.388,1.617,1.855,2.099,
2,46,0.126,0.367,0.619,0.858,1.108,1.388,1.648,1.895,2.139,2.389,2.660,2.926,3.188,3.495,3.742,4.027,4.285,4.579,4.823,5.049,5.295,5.561,5.803,6.051,6.286,6.531,6.774,7.028,7.329,7.581,
2,47,0.312,0.534,0.770,1.011,1.250,1.475,1.709,1.954,2.204,
2,48,0.294,0.498,0.738,0.993,1.230,1.464,1.694,1.922,2.150,2.367,2.598,2.816,3.051,3.281,3.525,3.734,3.953,4.195,4.414,4.665,4.914,5.162,5.392,5.642,5.892,6.104,6.332,
2,49,0.112,0.357,0.595,0.829,1.069,1.331,1.591,1.833,2.086,
2,50,0.360,0.586,0.846,1.096,1.370,1.641,1.865,2.095,2.352,2.604,2.853,3.080,3.315,3.543,3.786,4.024,4.276,4.493,4.741,4.981,5.216,5.482,5.719,5.977,6.220,6.455,6.708,6.975,7.275,
2,51,0.216,0.434,0.657,0.890,1.135,1.395,1.626,1.854,2.090,2.320,2.558,2.812,3.057,3.281,3.519,3.769,4.020,4.273,4.532,4.770,5.024,5.250,5.542,
2,52,0.148,0.419,0.695,0.929,1.169,1.395,1.645,1.837,2.097,2.334,2.570,2.837,3.110,3.345,3.588,3.811,4.054,4.287,4.549,4.812,5.047,5.283,5.527,5.818,6.191,
2,53,0.301,0.522,0.729,0.949,1.200,1.442,1.683,1.911,2.149,2.421,2.624,2.842,3.097,3.320,3.543,3.773,4.023,4.345,4.555,4.835,5.117,5.563,5.799,6.100,
2,54,0.340,0.569,0.796,1.031,1.275,1.525,1.763,2.025,2.263,2.525,2.766,2.971,3.206,3.490,3.731,3.962,4.217,4.393,4.643,4.903,5.146,5.367,5.607,5.838,6.076,6.294,6.510,
2,55,0.167,0.383,0.583,0.813,1.046,1.327,1.564,1.805,2.017,2.267,2.518,2.752,2.965,3.205,3.453,3.696,3.941,4.183,4.424,4.660,4.885,5.108,5.347,5.573,
2,56,0.247,0.468,0.699,0.930,1.162,1.370,1.599,1.813,2.031,2.243,2.449,2.654,2.898,3.098,3.323,3.554,3.780,4.015,4.252,4.465,4.705,4.948,5.193,5.420,5.659,5.903,6.149,6.366,
2,57,0.178,0.412,0.649,0.874,1.100,1.328,1.542,1.776,2.017,2.267,2.517,2.751,2.979,3.227,3.448,3.690,3.923,4.161,4.407,4.642,4.866,5.096,5.320,5.531,
2,58,0.101,0.429,0.656,0.894,1.124,1.388,1.652,1.930,2.156,2.405,2.618,2.868,3.126,3.366,3.596,3.841,4.065,4.302,4.550,4.773,5.023,5.251,5.494,5.738,5.974,6.221,
2,59,0.177,0.407,0.636,0.852,1.071,1.304,1.529,1.770,1.989,2.194,2.430,2.661,2.898,3.137,3.368,3.614,3.844,4.073,4.325,4.558,4.783,5.021,5.240,5.481,5.737,
2,60,0.384,0.573,0.794,1.017,1.267,1.518,1.750,1.968,2.186,2.399,2.651,2.857,3.094,3.349,3.575,3.805,4.041,4.281,4.502,4.734,4.965,5.212,5.456,5.698,5.933,6.182,6.405,
2,61,,
2,62,0.458,0.672,0.929,1.206,1.514,1.738,1.971,2.206,2.457,2.692,2.930,3.203,3.461,3.717,3.942,4.190,4.468,4.705,4.954,5.222,5.466,5.766,5.993,6.226,
2,63,0.072,0.307,0.523,0.774,1.024,1.209,1.422,1.650,1.891,2.127,2.335,2.556,2.797,3.025,3.275,3.525,3.737,3.960,4.193,
2,64,0.331,0.576,0.818,1.094,1.340,1.611,1.823,2.046,2.271,2.496,2.729,2.965,3.211,3.460,3.710,3.949,4.198,4.425,4.676,4.933,5.266,5.522,5.766,6.019,
2,65,0.305,0.518,0.762,1.019,1.263,1.513,1.766,1.999,2.232,2.461,2.716,2.953,3.202,3.426,3.659,3.897,4.147,4.353,4.838,5.082,5.316,5.549,5.792,6.040,6.275,
2,66,0.190,0.450,0.689,0.918,1.159,1.619,1.839,2.069,2.315,2.573,2.805,3.050,3.286,3.523,3.751,3.978,4.237,4.494,4.741,4.977,5.224,5.457,5.710,5.950,
2,67,0.106,0.350,0.624,0.864,1.107,1.391,1.641,1.858,2.086,2.306,2.555,2.797,3.032,3.275,3.498,3.740,3.985,4.189,
2,68,,
2,69,0.244,0.472,0.694,0.927,1.189,1.432,1.683,1.925,2.174,2.484,2.715,2.955,3.212,3.467,3.697,3.924,4.196,4.458,4.688,4.914,5.149,5.377,5.614,5.840,
2,70,0.172,0.428,0.682,0.930,1.166,1.428,1.671,1.900,2.146,2.377,2.591,2.838,3.054,3.289,3.514,3.764,3.962,4.206,4.442,4.720,4.942,5.214,5.498,5.768,6.015,6.271,6.502,
2,71,0.111,0.352,0.578,0.842,1.080,1.328,1.536,1.767,1.977,2.215,2.472,2.709,2.953,3.176,3.394,3.614,3.832,4.050,4.293,4.518,4.768,5.019,5.240,5.490,5.750,
2,72,0.205,0.404,0.647,0.890,1.090,1.318,1.560,1.775,2.019,2.253,2.490,2.739,2.987,3.212,3.439,3.656,3.887,4.094,4.334,4.557,4.802,5.035,5.288,5.535,5.771,5.989,6.228,
2,73,0.140,0.369,0.588,0.799,1.024,1.236,1.443,1.658,1.891,2.105,2.335,2.576,2.802,3.035,3.290,3.500,3.919,4.157,4.410,4.667,4.922,5.178,5.430,5.658,5.893,
2,74,0.033,0.245,0.482,0.694,0.907,1.109,1.342,1.557,1.786,1.998,2.226,2.448,2.669,2.901,3.115,3.346,3.589,3.812,4.024,4.227,4.445,4.768,5.022,5.272,5.543,5.738,5.976,
2,75,0.054,0.275,0.468,0.657,0.856,1.084,1.303,1.521,1.759,1.991,2.219,2.415,2.667,2.896,3.117,3.357,3.607,3.831,4.093,4.340,4.582,4.837,5.144,5.301,5.513,5.750,6.011,6.261,6.495,
2,76,0.078,0.289,0.493,0.699,0.932,1.163,1.405,1.648,1.865,2.096,2.309,2.519,2.736,2.949,3.176,3.406,3.649,3.871,4.097,4.344,4.602,4.845,5.100,5.370,5.583,5.804,
2,77,0.091,0.366,0.646,0.897,1.154,1.371,1.587,1.810,2.040,2.264,2.514,2.748,2.989,3.225,3.462,3.694,3.930,4.160,4.418,4.685,4.922,5.161,5.423,5.665,
2,78,0.250,0.493,0.750,1.016,1.266,1.516,1.767,1.974,2.214,2.449,2.690,2.925,3.154,3.386,3.618,3.839,4.069,4.302,4.528,4.768,4.998,5.243,5.445,
2,79,0.295,0.523,0.752,1.023,1.248,1.459,1.694,1.922,2.140,2.347,2.570,2.798,3.024,3.274,3.524,3.774,4.024,4.237,4.490,4.713,4.934,5.168,5.414,5.652,5.898,6.124,6.356,6.586,
2,80,0.041,0.288,0.543,0.791,1.068,1.330,1.583,1.833,2.078,2.306,2.547,2.785,3.022,3.234,3.463,3.689,3.909,4.143,4.390,4.640,4.890,5.140,5.390,5.640,5.894,6.274,
2,81,0.150,0.400,0.605,0.848,1.029,1.241,1.467,1.667,1.884,2.134,2.343,2.605,2.841,3.062,3.288,3.533,3.768,3.987,4.198,4.436,4.650,4.852,5.080,5.313,5.536,5.745,5.978,6.170,6.386,6.586,
2,82,0.203,0.465,0.726,0.960,1.176,1.399,1.606,1.813,2.043,2.266,2.699,2.922,3.170,3.410,3.633,3.900,4.125,4.368,4.639,4.858,5.096,5.354,5.591,5.830,6.079,6.322,
2,83,0.178,0.397,0.654,0.909,1.162,1.414,1.657,1.933,2.192,2.416,2.687,2.847,3.148,3.370,3.616,3.902,4.163,
2,84,0.402,0.617,0.835,1.075,1.309,1.541,1.769,1.981,2.204,2.447,2.686,2.939,3.165,3.408,3.637,3.869,4.126,4.366,4.606,4.837,5.087,5.315,5.565,5.808,
2,85,0.282,0.487,0.728,0.958,1.201,1.412,1.626,1.872,2.083,2.318,2.546,2.777,3.001,3.227,3.450,3.663,3.898,4.093,
2,86,0.127,0.400,0.612,0.838,1.108,1.395,1.662,1.929,2.151,2.404,2.609,2.843,3.089,3.293,3.530,3.773,3.986,4.226,4.451,4.689,4.913,5.160,5.394,5.641,5.891,
2,87,0.107,0.339,0.580,0.805,1.036,1.247,1.470,1.703,1.941,2.182,2.429,2.668,2.873,3.096,3.321,3.537,3.777,3.993,4.237,
2,88,0.158,0.396,0.646,0.846,1.077,1.292,1.513,1.742,2.013,2.249,2.485,2.746,2.944,3.209,3.498,3.764,4.123,4.348,4.583,4.798,5.021,5.248,
2,89,0.333,0.618,0.968,1.276,1.577,2.016,2.360,2.732,3.076,3.384,3.749,4.032,4.349,4.614,4.919,5.203,
2,90,0.327,0.568,0.815,1.047,1.274,1.501,1.729,1.937,2.158,
2,91,0.402,0.579,0.790,1.000,1.201,1.412,1.622,1.822,2.036,2.237,2.460,2.687,2.903,3.115,3.338,3.740,3.935,4.145,4.373,4.621,4.873,5.113,5.352,
2,92,0.115,0.356,0.596,0.827,1.060,1.273,1.499,1.729,1.980,2.175,2.390,2.608,2.862,3.100,3.313,3.541,3.778,3.989,4.225,4.453,4.666,5.062,
2,93,0.147,0.397,0.679,0.951,1.189,1.427,1.704,1.910,2.127,2.350,2.563,2.789,3.032,3.234,3.465,3.688,3.941,4.171,4.399,4.621,4.854,5.062,
2,94,0.096,0.309,0.530,0.747,0.977,1.204,1.440,1.662,1.909,2.174,2.388,2.618,2.833,3.073,3.316,3.536,3.772,3.943,4.205,4.427,4.671,4.908,5.146,5.393,5.646,5.897,6.139,6.354,6.585,
2,95,0.212,0.416,0.661,0.889,1.124,1.349,1.572,1.815,2.038,2.286,2.523,2.738,2.963,3.197,3.439,3.665,3.867,4.088,4.314,4.554,4.792,5.049,5.299,5.550,5.788,6.025,6.275,6.547,
2,96,0.161,0.374,0.613,0.841,1.101,1.348,1.577,1.802,2.038,2.262,2.498,2.709,2.908,3.112,3.329,3.512,3.705,3.906,4.088,4.329,4.539,4.766,4.992,5.195,5.419,
2,97,0.260,0.475,0.698,0.926,1.156,1.357,1.595,1.829,2.067,2.312,2.555,2.787,3.015,3.241,3.490,3.724,3.938,4.158,4.396,4.605,4.843,5.063,5.284,5.501,
2,98,0.267,0.464,0.674,0.900,1.093,1.331,1.561,1.807,2.075,2.345,2.621,2.839,3.069,3.305,3.550,3.790,4.025,4.272,
2,99,0.146,0.345,0.561,0.784,1.013,1.237,1.487,1.733,1.963,2.201,2.427,2.665,2.914,3.148,3.372,3.598,3.800,4.041,4.304,4.557,4.814,5.045,5.269,5.519,5.735,
2,100,0.030,0.244,0.458,0.687,0.897,1.112,1.345,1.566,1.792,2.036,2.265,
2,101,0.172,0.367,0.566,0.770,0.972,1.163,1.403,1.603,1.857,2.074,
2,102,0.059,0.297,0.563,0.894,1.191,1.465,1.732,1.969,2.218,2.481,2.736,2.994,3.248,3.528,3.751,3.973,4.209,4.445,4.705,4.956,5.214,5.469,5.703,5.944,
2,103,0.134,0.346,0.545,0.776,1.018,1.211,1.436,1.652,1.885,2.117,
2,104,0.177,0.403,0.664,0.941,1.205,1.426,1.686,1.936,2.176,2.429,2.682,2.964,3.221,3.500,3.767,4.017,4.267,4.539,4.795,5.059,5.300,5.535,5.817,5.982,6.220,
2,105,0.095,0.398,0.648,0.898,1.123,1.343,1.562,1.790,2.001,2.244,2.515,2.740,2.980,3.220,3.449,3.689,3.919,4.149,4.400,4.603,4.830,5.078,5.330,
2,106,0.055,0.323,0.595,0.823,1.044,1.455,1.673,1.886,2.136,2.386,
2,107,0.216,0.421,0.649,0.863,1.089,1.347,1.786,1.993,2.192,2.447,2.688,2.984,3.248,3.517,3.782,4.088,
2,108,0.048,0.354,0.585,0.820,1.034,1.262,1.487,1.720,1.975,2.203,2.441,2.666,2.903,3.147,3.375,3.606,3.862,4.108,
2,109,0.145,0.365,0.602,0.841,1.077,1.318,1.562,1.817,2.070,2.337,2.592,2.850,3.095,3.373,3.640,3.940,4.170,4.410,4.641,4.891,5.106,
2,110,0.236,0.462,0.699,0.942,1.182,1.420,1.650,1.899,2.116,2.368,2.596,2.835,3.084,3.322,3.555,3.818,
2,111,0.093,0.399,0.624,0.899,1.115,1.355,1.595,1.839,2.090,2.333,2.566,2.823,3.049,3.282,3.524,3.787,4.017,4.268,
2,112,0.076,0.328,0.595,0.869,1.102,1.333,1.580,1.816,2.052,2.311,2.579,2.851,3.111,3.343,3.593,3.847,
2,113,0.147,0.404,0.654,0.894,1.126,1.354,1.566,1.798,2.034,2.272,2.522,2.772,3.022,3.251,3.479,3.715,3.976,4.159,
2,114,0.309,0.540,0.787,1.028,1.271,1.521,1.761,2.000,2.238,
2,115,0.172,0.446,0.708,0.961,1.191,1.429,1.657,1.929,2.172,2.422,2.692,2.942,3.175,3.438,3.668,3.915,4.156,4.391,4.602,
2,116,0.155,0.417,0.711,0.963,1.233,1.437,1.684,1.933,2.173,2.426,2.656,2.901,3.139,3.375,3.606,3.844,4.092,4.324,4.577,
2,117,0.156,0.421,0.717,1.013,1.280,1.517,1.783,2.037,2.279,2.500,2.733,2.964,3.192,3.433,
