0,1,0.224,0.487,0.773,1.113,1.556,1.900,2.302,2.626,2.961,3.311,3.652,3.983,4.328,4.661,5.036,5.291,5.587,5.832,6.220,6.516,6.994,7.330,7.682,8.058,8.400,8.777,9.095,9.435,9.774,10.107,
0,1,0.309,0.691,1.018,1.417,1.768,2.135,2.525,2.905,3.347,3.728,4.071,4.475,4.849,5.217,5.581,6.020,6.356,6.744,7.151,7.495,7.926,8.349,8.750,9.184,9.574,9.980,
0,1,0.034,0.387,0.732,1.091,1.464,1.864,2.305,2.662,3.080,3.434,3.826,4.180,4.532,4.912,5.270,5.655,6.044,6.524,6.849,7.285,7.614,7.971,8.352,8.701,9.095,9.578,9.998,
0,1,0.319,0.614,0.914,1.188,
2,1,0.099,0.433,0.732,1.042,1.397,1.713,2.147,2.466,2.823,3.148,3.521,3.829,4.197,4.537,4.858,5.178,5.540,5.856,6.218,6.575,6.929,7.250,7.604,7.922,8.267,8.578,8.900,9.214,9.530,9.865,10.146,10.474,10.815,11.087,11.285,
2,2,0.239,0.520,0.813,1.107,1.429,1.793,2.053,2.304,2.685,3.017,3.404,3.683,3.994,4.241,4.657,4.961,5.245,
2,3,0.288,0.527,0.805,
2,4,0.096,0.367,0.625,0.901,1.119,1.398,1.648,1.964,2.398,2.821,
2,5,0.249,0.596,1.000,1.300,1.675,2.029,2.405,2.770,3.200,3.535,
2,6,0.187,0.643,0.913,1.207,1.510,1.821,2.208,2.577,2.897,3.203,3.513,3.841,4.148,4.473,4.768,5.115,5.432,5.730,
2,7,0.264,0.568,0.872,1.184,1.464,1.771,2.071,2.398,2.690,3.015,3.314,3.649,3.945,4.266,4.560,4.871,5.205,5.485,5.801,6.120,6.429,6.770,7.068,7.363,7.648,7.906,8.184,8.502,8.792,9.094,9.327,9.561,9.772,9.956,10.135,
2,8,0.172,0.459,0.749,1.026,1.304,1.590,1.858,2.124,2.384,2.671,3.037,3.338,3.701,4.002,4.352,4.676,5.019,5.328,5.636,
2,9,0.267,0.517,0.814,1.113,1.428,1.678,2.047,2.307,2.618,2.944,3.268,3.578,3.877,4.180,4.519,4.798,5.102,5.417,5.703,6.035,6.324,6.601,6.887,7.153,7.436,7.704,7.947,8.149,8.374,8.587,8.791,8.956,9.196,9.437,9.667,9.961,10.279,
2,10,0.347,0.611,0.922,1.226,1.524,1.862,2.182,2.488,2.780,3.091,3.416,3.720,4.069,4.368,4.698,4.989,5.324,5.645,5.981,6.276,6.582,6.899,7.233,7.536,7.896,8.182,8.487,8.787,9.105,9.397,9.664,10.147,10.423,10.621,10.900,11.199,11.518,11.813,12.117,12.420,12.711,12.982,13.275,13.596,13.870,14.193,14.522,14.766,15.019,15.298,15.546,
2,11,0.186,0.451,0.746,1.063,1.377,1.676,
2,12,0.149,0.356,0.653,0.949,1.238,1.545,
2,13,0.141,0.433,0.727,
2,14,0.140,0.403,0.707,1.024,1.299,1.608,1.930,2.212,2.535,2.833,3.142,3.448,3.748,4.053,4.344,4.657,4.956,5.276,5.568,5.851,6.143,6.423,6.702,6.984,7.280,7.581,7.871,8.154,8.458,8.738,9.038,9.290,9.539,9.775,10.045,10.437,
2,15,0.192,0.486,0.781,1.092,1.353,1.656,1.946,2.275,2.569,2.923,3.275,3.580,3.871,4.191,4.509,4.783,5.083,5.405,5.673,5.945,6.260,
2,16,0.088,0.297,0.546,0.851,1.151,1.423,1.730,2.021,2.305,2.652,2.927,3.269,3.583,3.874,4.205,4.519,4.843,5.171,5.490,5.838,6.151,6.499,6.887,7.185,7.545,7.852,8.183,8.502,8.824,9.138,9.497,9.775,10.101,10.395,10.698,10.995,11.307,11.606,11.931,12.206,12.523,12.842,13.162,13.446,13.780,14.065,14.359,14.606,14.874,15.208,15.524,15.774,15.989,16.281,16.589,16.899,17.208,17.525,17.788,18.075,
2,17,0.063,0.350,0.634,0.915,1.207,1.518,1.787,2.079,2.404,2.683,3.040,3.364,3.681,3.983,4.269,4.580,4.862,5.186,5.519,5.789,6.097,6.415,6.743,7.066,7.387,7.678,8.021,8.300,8.752,8.988,9.271,9.558,9.862,10.170,
2,18,0.155,0.426,0.714,1.023,
2,19,0.068,0.370,0.678,0.969,
2,20,0.075,0.364,
2,21,0.293,
2,22,0.058,0.342,0.596,0.898,1.186,1.479,1.801,2.097,2.433,2.741,3.030,3.332,3.626,3.929,4.237,4.542,4.831,5.162,5.449,5.767,6.066,6.400,6.680,6.996,7.314,7.598,7.921,8.234,8.577,8.811,9.074,9.385,9.694,9.960,10.299,10.585,10.902,11.199,11.472,11.741,11.993,12.216,12.459,12.680,
2,23,0.230,0.523,0.787,1.072,1.390,1.644,1.915,2.209,2.496,2.812,3.097,3.395,3.677,3.967,4.248,4.537,4.827,5.121,5.461,5.749,6.041,
2,24,0.172,0.428,0.665,0.933,
2,25,0.176,0.419,0.684,0.968,1.288,1.589,1.877,2.135,2.325,2.627,2.906,3.187,3.451,3.717,3.935,4.180,4.428,4.687,4.946,5.186,5.465,5.745,5.988,6.227,6.487,6.738,6.962,7.159,7.413,7.638,7.888,8.102,8.328,8.534,8.730,8.939,9.151,9.290,9.564,9.772,10.058,
2,26,0.217,0.515,0.814,1.152,1.560,1.772,2.092,2.352,2.622,2.924,3.194,3.498,3.784,4.133,4.447,4.795,5.137,5.487,5.846,6.188,6.544,6.861,7.167,7.451,7.726,7.985,8.298,8.599,8.912,9.229,9.544,9.814,10.090,10.386,
2,27,0.206,0.516,0.766,1.048,1.311,1.627,
2,28,0.248,0.572,0.850,1.159,1.460,1.732,1.937,2.225,2.523,2.825,3.116,3.397,3.687,3.962,4.248,4.524,4.777,5.105,5.353,5.657,5.957,
2,29,0.213,0.449,0.719,1.032,1.305,1.590,1.858,2.193,2.518,2.837,3.161,3.494,3.803,4.099,4.402,4.708,5.019,5.298,5.597,
2,30,0.190,0.418,0.727,0.980,1.271,1.554,
2,31,0.110,0.399,0.688,0.973,
2,32,0.262,0.527,0.795,1.066,1.333,1.600,1.921,2.200,2.499,2.793,3.091,3.419,3.737,4.060,4.397,4.710,5.072,5.430,5.794,6.120,6.411,6.737,7.035,7.357,7.623,7.902,8.206,8.493,8.766,8.971,9.197,9.406,9.622,9.808,9.983,10.175,10.372,10.767,
2,33,0.179,0.462,0.783,
2,34,0.229,0.544,0.829,1.134,1.434,1.768,
2,35,0.183,0.466,0.748,1.023,1.306,1.583,1.900,2.214,2.523,2.843,3.153,
2,36,0.079,0.326,
2,37,0.101,0.398,0.672,0.955,1.273,1.573,1.861,2.151,2.413,2.727,2.993,3.271,3.595,3.869,4.202,4.548,4.855,5.095,5.362,5.656,5.947,6.248,6.547,6.865,7.204,7.523,7.838,8.175,8.475,8.780,9.092,9.394,9.660,9.932,10.221,
2,38,0.213,0.492,0.852,1.269,1.519,1.852,
2,39,0.242,0.487,0.766,1.048,1.359,1.677,1.983,2.267,2.561,2.834,3.143,3.464,3.774,4.084,4.397,4.686,5.018,5.414,5.706,5.997,6.275,6.541,6.817,7.095,7.375,7.650,7.922,8.209,8.520,8.770,9.032,9.317,9.574,9.875,10.180,10.490,
2,40,0.094,0.398,0.670,0.996,1.246,1.553,
2,41,0.203,0.431,0.681,0.980,
2,42,0.173,
2,43,0.062,0.341,0.635,0.932,1.299,1.636,1.944,2.239,2.714,3.020,3.356,3.640,
2,44,0.227,0.430,
2,45,0.280,0.499,0.739,1.040,1.332,1.684,2.016,2.266,2.531,2.794,3.049,3.326,3.578,3.813,4.062,4.317,4.549,4.783,5.018,5.229,5.450,5.651,5.885,
2,46,0.238,0.430,0.650,0.910,1.194,1.457,1.677,1.935,2.200,2.452,2.695,2.949,3.198,
2,47,0.185,0.427,0.661,0.935,1.213,1.486,1.747,2.019,2.269,2.537,2.841,3.141,3.412,3.699,3.991,4.274,4.571,4.873,5.297,5.570,5.820,6.097,6.357,6.752,7.053,7.320,7.555,7.851,8.113,8.354,8.586,8.784,8.990,9.210,9.389,9.589,9.742,9.929,10.116,10.285,10.523,10.803,11.033,
2,48,0.208,0.467,
2,49,0.037,0.287,0.555,0.841,1.137,1.431,1.696,1.954,2.202,2.521,2.835,3.179,
2,50,0.076,0.341,0.584,0.926,1.200,1.497,1.782,2.045,2.342,2.617,2.893,3.143,3.441,3.724,3.974,4.244,4.510,4.760,5.027,5.309,5.613,5.868,6.122,6.401,6.671,7.026,7.348,7.652,7.937,8.268,8.582,8.896,9.178,9.489,9.720,
2,51,0.444,0.697,0.893,1.150,1.394,1.622,1.916,2.161,2.350,2.596,2.841,3.079,3.511,3.718,3.941,4.172,4.366,4.553,4.748,4.925,5.165,
2,52,0.266,0.563,0.875,
2,53,0.058,0.338,0.636,0.907,1.160,1.438,1.741,2.020,2.287,2.592,2.871,3.121,
2,54,0.183,0.399,0.649,0.926,1.216,1.516,1.792,
2,55,0.187,0.444,0.772,1.093,1.389,1.701,2.023,2.308,2.621,2.966,3.274,3.568,3.901,4.168,4.467,4.737,5.077,5.377,5.690,6.025,6.339,6.642,6.914,7.209,7.459,7.738,8.059,8.330,8.600,8.896,9.177,9.420,9.717,
2,56,0.029,0.307,0.600,0.865,1.194,1.551,1.843,2.178,2.510,2.794,3.120,
2,57,0.195,0.493,0.819,1.146,1.468,1.830,2.155,2.472,2.819,3.144,3.524,3.850,4.176,4.525,4.811,5.141,5.445,5.773,
2,58,0.151,0.430,0.729,1.057,1.356,1.671,2.033,2.316,2.694,3.022,3.335,3.660,3.995,4.335,4.652,5.020,5.343,5.715,6.024,6.332,6.710,7.030,7.312,7.592,7.936,8.247,8.557,8.867,9.208,9.542,9.941,10.207,
2,59,0.056,0.307,0.591,0.899,1.152,1.431,1.742,2.033,2.305,2.607,2.906,3.189,3.462,3.733,3.966,4.226,4.496,4.771,5.044,5.303,5.576,5.834,6.106,6.421,6.696,6.990,7.268,7.528,7.769,8.025,8.295,8.580,8.853,9.089,9.372,9.651,9.895,
2,60,0.280,0.554,0.835,1.117,1.391,1.680,
2,61,0.221,0.476,0.750,1.028,1.317,1.584,1.862,2.146,2.396,2.653,2.913,3.146,3.403,3.691,3.964,4.245,4.514,4.767,5.038,5.316,5.610,5.898,6.163,6.412,6.658,6.898,7.155,7.402,7.648,7.902,8.173,8.433,8.655,8.899,9.179,9.460,9.718,9.993,10.189,10.441,
2,62,0.188,0.419,0.656,0.915,1.208,1.487,1.791,2.080,2.364,2.617,2.852,3.110,
2,63,0.159,0.434,0.681,0.931,
2,64,0.113,0.364,0.617,0.920,1.223,1.542,1.926,2.202,2.542,2.892,
2,65,0.316,0.543,
2,66,0.245,0.473,0.744,1.029,1.279,1.591,
2,67,0.235,0.481,0.780,1.046,1.311,1.602,1.877,2.153,2.450,2.775,3.059,
2,68,0.194,0.446,0.716,0.986,1.281,1.559,1.826,2.093,2.374,2.655,2.920,3.185,
2,69,0.279,0.523,0.802,1.068,1.328,1.580,1.881,
2,70,0.150,0.400,0.650,0.907,1.192,1.449,1.699,1.933,2.188,2.472,2.736,3.018,3.312,3.596,3.909,4.200,4.500,4.769,5.019,5.269,5.519,5.820,6.083,6.401,6.687,6.923,7.158,7.375,7.588,7.790,7.916,8.327,8.619,8.930,9.193,9.480,
2,71,0.195,0.435,0.727,1.044,
2,72,,
2,73,0.278,0.576,0.865,1.184,1.511,
2,74,0.191,0.457,0.724,1.020,1.311,1.595,1.877,2.173,2.453,2.775,3.061,3.344,3.647,3.963,4.250,4.575,4.877,5.172,5.493,5.818,
2,75,0.170,0.423,0.683,0.975,1.268,1.528,1.817,2.109,2.390,2.679,2.976,3.269,
2,76,0.120,0.399,0.668,0.946,1.250,1.538,1.835,2.150,2.439,2.767,3.068,3.356,3.665,3.955,4.227,4.501,4.780,5.072,5.374,5.688,5.958,6.242,6.548,6.832,7.127,7.422,7.714,8.019,8.269,8.519,8.779,9.071,9.355,9.640,9.893,10.137,10.411,10.683,10.930,11.197,11.475,11.771,12.058,12.300,12.521,12.771,12.995,13.272,13.541,13.828,14.098,14.389,14.658,14.933,
2,77,0.300,0.584,0.850,1.122,1.397,1.692,2.024,2.274,2.551,2.817,3.083,3.355,3.641,3.901,4.173,4.449,4.732,4.982,5.233,5.525,5.766,6.024,6.282,6.539,6.796,7.019,7.272,7.526,7.767,7.996,8.244,8.478,8.707,8.930,9.120,9.368,9.576,9.799,10.011,10.261,10.465,10.701,10.931,11.167,11.364,11.705,
2,78,0.100,0.389,0.649,0.956,1.273,1.556,1.827,2.126,2.434,2.728,3.024,3.296,
2,79,0.227,0.478,0.736,1.002,1.288,1.562,1.871,2.145,2.428,2.719,3.013,3.301,3.565,3.838,4.146,4.403,4.674,4.947,5.234,5.531,5.849,
2,80,0.238,0.519,0.788,1.069,1.364,1.664,1.983,2.264,2.541,2.845,3.148,3.432,3.726,3.991,4.271,4.536,4.807,5.076,5.399,5.666,5.906,6.172,6.449,6.728,6.995,7.328,7.572,7.821,8.061,8.299,8.544,8.784,9.017,9.274,9.517,9.767,10.021,10.207,10.392,
2,81,0.153,0.425,0.670,0.962,1.260,1.550,1.826,2.116,2.370,2.612,2.894,3.201,3.511,3.780,4.068,4.328,4.645,4.932,5.231,5.512,5.796,6.102,6.396,6.666,6.926,7.156,7.411,7.686,7.963,8.264,8.533,8.787,9.087,9.355,9.603,9.847,10.092,10.343,
2,82,0.184,0.499,0.771,1.021,1.271,1.457,1.728,
2,83,0.190,0.424,0.675,0.915,1.180,1.509,1.772,2.032,2.232,2.447,2.702,2.996,3.315,3.594,3.911,4.230,4.525,4.853,5.148,5.454,5.728,6.012,6.295,6.563,6.845,7.125,7.396,7.658,7.930,8.210,8.499,8.770,9.077,9.365,9.615,9.837,10.078,10.297,10.494,10.824,
2,84,0.296,0.565,
2,85,0.040,0.327,0.621,0.899,1.217,1.524,1.793,2.110,2.406,2.697,3.025,3.334,3.693,4.025,4.310,4.609,4.978,5.417,5.786,
2,86,0.286,0.624,1.105,1.376,1.697,
2,87,0.241,0.734,1.024,1.332,1.627,
2,88,0.342,0.585,0.900,
2,89,0.092,0.355,0.650,0.900,1.151,1.634,1.930,2.230,2.518,2.817,3.137,
2,90,0.179,0.452,
2,91,0.074,0.339,0.601,0.895,1.162,1.412,1.693,
2,92,0.224,0.518,
2,93,0.238,0.534,
2,94,0.211,0.460,0.720,0.969,1.265,1.494,1.778,2.064,2.399,2.686,2.976,3.281,3.573,3.863,4.180,4.542,4.872,5.151,5.518,5.768,6.034,6.275,6.525,6.793,7.064,7.327,7.577,7.802,8.094,8.337,8.561,8.803,9.043,9.279,9.484,9.700,9.910,10.136,
2,95,0.092,0.384,0.654,0.977,1.271,1.595,1.916,2.213,2.518,2.812,3.118,3.416,3.706,4.028,4.328,4.638,4.983,5.304,5.620,5.955,6.270,6.596,6.971,7.280,7.572,7.887,8.156,8.441,8.698,8.953,9.220,9.458,9.725,10.041,10.338,
2,96,0.032,0.299,
2,97,0.294,0.566,0.898,1.187,1.484,1.824,2.149,2.422,2.742,3.038,3.343,3.703,3.993,4.295,4.599,4.912,5.228,5.554,5.859,6.170,6.479,6.774,7.059,7.401,7.693,7.978,8.268,8.525,8.768,9.019,9.237,9.441,9.677,10.091,10.386,
2,98,0.215,0.500,0.899,1.206,1.650,2.063,2.481,2.922,3.372,3.804,4.271,4.718,5.147,
2,99,0.270,0.545,0.787,
2,100,0.150,0.400,0.624,0.900,1.160,1.444,1.724,1.986,2.292,2.576,2.841,3.101,3.401,3.674,3.978,4.242,4.528,4.813,5.104,5.388,5.635,
2,101,0.033,0.300,0.517,0.783,1.032,
2,102,0.034,0.309,0.603,0.892,1.179,1.485,1.798,2.123,2.455,2.769,3.084,3.403,3.711,4.036,4.391,4.719,5.102,5.403,5.770,6.083,6.401,6.663,6.938,7.238,7.555,7.840,8.111,8.345,8.565,8.775,8.983,9.232,9.639,9.948,
2,103,0.278,0.571,0.859,1.155,1.436,1.750,2.041,2.376,2.691,3.016,
2,104,0.104,0.369,0.689,
2,105,0.065,0.345,0.648,0.945,
2,106,0.239,0.519,0.829,1.123,1.436,1.767,1.996,2.313,2.575,2.850,3.114,3.348,3.554,3.765,4.039,4.348,4.648,5.047,5.310,5.547,5.782,6.077,6.359,6.626,6.914,7.194,7.446,7.704,7.974,8.294,8.595,8.903,9.219,9.517,9.911,10.200,
2,107,0.231,0.489,0.783,1.000,1.268,
2,108,0.266,0.492,0.745,0.978,1.230,1.449,1.668,1.874,2.078,2.294,2.517,2.831,3.184,3.562,4.018,4.371,4.825,5.311,5.742,
2,109,0.195,0.499,0.894,1.318,1.713,2.157,2.569,2.980,3.395,3.856,4.242,4.645,5.106,5.521,5.896,6.360,6.779,7.147,7.647,8.042,8.514,8.897,9.304,9.789,10.265,
2,110,0.269,0.582,0.977,1.354,1.699,2.112,2.539,2.900,3.344,3.750,4.122,4.517,4.925,5.314,5.713,6.114,6.500,6.934,7.354,7.689,8.061,8.454,8.839,9.181,9.574,9.967,10.369,
2,111,0.199,0.530,0.926,1.335,1.752,2.169,2.624,3.036,
2,112,0.049,0.365,0.821,1.264,1.704,2.160,2.559,3.029,3.530,4.018,4.421,4.868,5.351,5.788,6.223,6.582,
2,113,0.208,0.534,0.901,1.268,1.626,2.040,2.344,2.735,3.098,3.456,3.890,4.209,4.580,4.918,5.313,5.690,5.996,6.321,6.646,6.990,7.334,7.671,7.985,8.281,8.556,8.871,9.176,9.434,9.711,10.022,10.287,10.639,10.916,11.173,11.421,11.737,12.106,12.451,12.873,13.185,13.488,13.806,
2,114,0.196,0.605,
2,115,0.049,0.343,0.693,1.049,1.408,1.810,2.177,2.540,2.895,3.224,3.575,3.925,4.272,4.646,4.992,5.343,5.661,6.026,6.397,6.706,7.147,7.444,7.791,8.115,8.445,8.788,9.097,9.413,9.727,10.050,10.329,10.649,
2,116,0.159,0.499,0.833,1.160,1.500,1.828,2.154,2.484,2.804,3.151,3.450,3.768,4.052,4.361,4.620,4.890,5.160,5.468,5.772,
2,117,0.244,0.552,0.898,1.224,1.577,1.901,2.236,2.580,2.932,3.262,3.629,3.922,4.277,4.665,4.962,5.396,5.698,6.029,6.339,6.705,6.999,7.364,7.679,8.014,8.344,8.702,9.056,9.364,9.680,10.015,10.344,10.690,11.016,11.354,11.699,12.022,12.357,12.650,
2,118,0.266,0.598,0.966,1.291,1.603,1.943,2.267,2.553,2.887,3.179,3.503,3.839,4.140,4.456,4.769,5.081,5.385,5.711,6.001,6.328,6.665,6.956,7.331,7.569,7.887,8.180,8.490,8.770,9.063,9.387,9.679,10.021,10.306,10.595,
2,119,0.281,0.595,0.918,1.275,1.604,1.943,2.244,2.532,2.829,3.152,3.451,3.796,4.111,4.483,4.801,5.185,5.464,5.862,
2,120,0.188,0.530,
2,121,0.045,0.344,0.662,0.968,
2,122,0.292,0.525,0.825,1.152,1.482,
3,1,0.268,0.562,0.871,1.201,1.498,
3,2,0.178,0.485,0.786,
3,3,0.100,0.371,0.655,0.923,1.223,1.516,1.867,2.153,2.477,2.971,3.281,3.650,3.991,4.309,4.680,4.957,5.304,5.618,6.002,6.335,6.725,7.018,7.341,7.696,7.952,8.299,8.622,8.950,9.248,9.596,9.863,10.182,10.482,10.782,11.086,11.367,11.651,11.933,12.199,
3,4,0.182,0.465,0.704,1.053,1.337,1.667,1.947,2.297,2.622,2.965,3.297,3.606,3.912,4.273,4.548,4.833,5.126,5.407,5.714,6.024,6.289,6.599,6.891,7.158,7.374,7.648,7.895,8.120,8.349,8.581,8.980,9.322,9.649,9.953,10.344,10.643,10.905,
3,5,0.139,0.530,0.850,
3,6,0.169,0.454,0.779,1.093,1.393,1.719,2.020,2.326,2.676,2.955,3.219,3.543,3.866,4.140,4.423,4.736,5.024,5.313,5.603,5.816,6.083,6.360,6.655,7.041,7.350,7.668,7.967,8.244,8.552,8.852,9.173,9.444,9.728,9.986,10.273,
3,7,0.216,0.454,0.779,1.071,1.362,1.675,1.945,2.246,2.552,2.861,3.181,
3,8,0.150,0.368,0.672,0.969,1.274,1.559,1.846,2.151,2.451,2.747,3.040,3.352,3.647,3.961,4.269,4.565,4.890,5.180,5.490,5.784,6.083,6.400,6.719,7.023,7.327,7.637,7.940,8.224,8.533,8.837,9.119,9.388,9.671,9.969,10.241,10.522,
3,9,0.198,0.453,0.748,1.038,1.325,1.595,1.900,2.156,2.439,2.738,3.017,3.280,3.583,3.833,4.105,4.353,4.613,4.863,5.159,5.465,5.750,
3,10,0.192,0.438,0.715,1.024,1.318,1.584,1.856,2.126,2.394,2.654,2.936,3.232,3.500,3.775,4.050,4.338,4.652,4.915,5.195,5.464,5.769,6.071,6.357,6.581,6.853,7.158,7.423,7.703,7.968,8.274,8.579,8.906,9.191,9.478,9.771,10.049,10.313,10.578,10.839,11.108,11.366,11.597,11.848,12.123,
3,11,0.168,0.480,0.779,1.076,1.367,1.681,1.997,2.279,2.580,2.897,3.199,3.534,3.839,4.148,4.455,4.752,5.057,5.361,5.668,
3,12,0.062,0.347,0.669,0.972,1.250,1.540,1.833,2.131,2.454,2.720,3.051,3.361,3.673,3.973,4.289,4.604,4.905,5.217,5.550,5.861,6.174,6.495,6.837,7.150,7.447,7.777,8.091,8.400,8.748,9.054,9.348,9.634,9.943,10.268,10.768,11.085,11.419,11.711,12.043,12.369,12.670,12.959,13.214,13.523,13.823,
3,13,0.232,0.547,0.852,1.174,1.451,1.761,
3,14,0.248,0.532,0.818,1.122,1.413,1.712,
3,15,0.217,0.521,0.791,1.111,1.413,1.711,2.002,2.309,2.590,2.901,3.168,3.439,3.742,4.045,4.324,4.609,4.889,5.232,5.523,5.820,
3,16,0.136,0.420,0.717,1.020,1.297,1.581,1.858,2.137,2.403,2.695,2.961,3.238,3.521,3.810,4.124,4.416,4.708,4.982,5.275,5.586,
3,17,0.083,0.363,0.658,0.935,1.227,1.521,1.812,2.118,2.390,2.669,2.962,3.269,3.551,3.823,4.088,4.393,4.668,4.941,5.212,5.457,5.717,6.020,6.295,6.546,6.842,7.099,7.369,7.655,7.911,8.157,8.424,8.701,8.978,9.243,9.522,9.772,10.059,10.333,
3,18,0.037,0.307,0.595,0.938,1.244,1.588,
3,19,0.061,0.343,0.648,0.972,1.266,1.583,1.899,2.216,2.501,2.825,3.150,3.444,3.767,4.085,4.384,4.690,4.989,5.300,5.588,5.894,6.206,6.498,6.803,7.086,7.385,7.674,7.986,8.301,8.638,8.939,9.240,9.563,9.886,10.238,10.501,10.770,11.055,11.450,11.777,12.062,
3,20,0.080,0.408,
3,21,0.231,
3,22,0.150,0.434,0.726,1.023,1.290,1.583,1.884,2.163,2.467,2.768,3.050,3.332,3.674,3.941,4.225,4.522,4.778,5.028,5.306,5.590,5.864,6.150,6.446,6.716,7.001,7.270,7.579,7.858,8.151,8.446,8.751,9.043,9.317,9.678,9.931,10.165,10.374,10.652,10.905,11.107,11.321,11.551,11.789,11.996,12.229,12.429,12.603,12.848,
3,23,0.076,0.368,
3,24,0.103,0.363,0.653,0.944,1.271,1.572,
3,25,0.182,0.450,0.708,1.022,1.327,1.649,1.948,2.266,2.575,2.900,3.231,3.544,3.860,4.184,4.517,4.838,5.161,5.463,5.778,6.106,6.458,6.768,7.053,7.359,7.681,8.019,8.328,8.610,8.910,9.201,9.477,9.787,10.064,10.344,10.650,10.959,11.239,11.492,
3,26,0.029,0.310,0.624,0.925,1.243,1.534,1.826,
3,27,0.237,0.550,0.849,1.181,1.490,1.821,2.127,2.489,2.769,3.098,3.434,3.737,4.030,4.334,4.645,4.925,5.217,5.521,5.807,6.092,6.394,6.687,6.954,7.275,7.525,7.785,8.074,8.353,8.602,8.892,9.172,9.445,9.696,9.938,10.233,
3,28,0.054,0.307,0.601,0.890,1.206,1.498,1.780,2.072,2.345,2.641,2.950,3.251,3.554,3.860,4.151,4.443,4.752,5.053,5.357,5.679,5.998,6.310,6.643,6.952,7.269,7.598,7.923,8.207,8.482,8.807,9.124,9.414,9.715,10.011,10.339,
3,29,0.080,0.365,0.613,0.851,1.144,1.484,1.802,2.055,2.337,2.621,2.888,3.237,3.481,3.744,4.041,4.340,4.639,4.922,5.272,5.580,5.970,6.248,6.545,6.840,7.115,7.390,7.640,7.904,8.140,8.369,8.640,8.909,9.168,9.440,9.724,10.010,10.235,10.525,10.799,11.074,11.347,11.611,11.866,12.125,12.392,12.646,12.912,13.193,
3,30,0.037,0.332,0.600,0.898,1.182,1.457,1.741,2.033,2.351,2.649,2.899,3.198,3.499,3.766,4.038,4.303,4.592,4.867,5.162,5.432,5.726,5.944,6.199,6.450,6.709,6.994,7.195,7.501,7.739,8.018,8.268,8.494,8.723,8.958,9.172,9.388,9.624,9.888,10.138,10.386,10.620,10.848,11.054,11.277,11.486,11.690,11.905,12.118,12.348,12.557,12.805,13.040,13.270,13.496,
3,31,0.071,0.366,0.621,0.890,1.124,1.394,1.640,1.890,2.147,2.410,2.680,2.923,3.176,3.411,3.658,3.863,4.111,4.348,4.579,4.782,5.002,5.213,5.429,5.642,5.844,6.038,6.439,6.686,6.893,7.110,7.358,7.600,7.840,8.064,8.360,8.644,8.874,9.120,9.394,9.647,9.866,10.111,10.364,
3,32,0.123,0.344,0.568,0.791,1.014,1.248,1.496,1.719,
3,33,0.192,0.450,0.746,1.000,1.285,1.556,1.821,2.098,2.354,2.626,2.906,3.194,
