0,1,,
0,1,0.267,0.460,0.651,0.824,1.018,1.193,1.385,1.560,1.743,1.931,2.105,2.288,2.472,2.657,2.838,3.035,3.210,3.394,3.575,3.769,3.936,4.127,4.316,4.496,4.687,4.876,5.071,5.270,5.454,5.643,5.834,6.047,6.242,6.430,6.625,6.812,7.021,7.207,7.399,7.591,7.786,7.985,8.186,8.388,8.585,8.794,8.981,9.176,9.373,9.484,9.694,9.877,10.061,10.272,10.455,10.649,
0,1,0.034,0.183,0.348,0.521,0.681,0.846,1.018,1.178,1.351,1.525,1.696,1.860,2.035,2.220,2.385,2.553,2.730,2.902,3.074,3.269,3.422,3.592,3.776,3.963,4.152,4.340,4.520,4.709,4.898,5.073,5.251,5.430,5.605,
0,1,0.035,0.191,0.322,0.481,0.646,0.791,0.950,1.107,1.269,1.432,1.593,1.769,1.934,2.093,2.252,2.415,2.588,2.773,2.939,3.104,3.232,3.441,3.595,3.770,3.903,4.069,4.238,4.400,4.533,
1,1,0.124,0.300,0.465,0.646,0.816,0.986,1.174,1.356,1.543,1.730,1.904,2.082,2.267,2.449,2.647,2.806,2.986,3.179,3.357,3.537,3.714,3.898,4.083,4.265,4.452,4.648,4.824,5.015,5.197,5.399,5.594,5.779,
1,2,0.352,0.520,0.780,0.970,1.136,1.309,1.470,1.653,1.836,2.020,2.199,2.368,2.557,2.724,2.906,3.088,3.271,3.450,3.641,3.818,3.990,4.177,4.340,4.534,4.719,4.906,5.097,5.288,5.486,5.671,5.846,6.039,6.201,6.405,6.591,6.785,6.977,7.160,7.353,7.548,7.734,7.922,8.111,8.298,8.500,8.691,8.820,9.050,9.243,9.415,9.608,9.818,9.994,10.170,10.352,10.539,10.736,10.903,11.075,11.248,11.448,11.620,11.811,11.916,12.148,12.361,12.526,12.696,12.892,13.078,13.264,13.432,13.617,13.820,13.992,14.196,14.373,14.551,14.736,14.920,15.102,15.281,15.476,15.656,15.818,16.013,16.210,16.397,
1,3,0.147,0.306,0.495,0.661,0.829,1.014,1.180,1.363,1.544,1.729,1.908,2.078,2.265,2.435,2.616,2.802,2.992,3.176,3.371,3.550,3.766,3.958,4.149,4.327,4.523,4.693,4.858,5.036,5.223,5.400,5.591,5.767,5.915,6.109,6.309,6.481,6.672,6.867,7.061,7.231,7.413,7.614,7.816,8.002,8.183,8.384,8.584,8.797,8.997,9.176,9.321,9.525,9.729,9.919,10.118,10.315,10.519,10.709,10.905,11.095,11.269,11.437,11.636,11.830,12.034,12.202,12.386,12.574,12.777,12.969,13.157,13.341,13.532,13.752,13.924,14.098,14.300,14.483,14.681,14.874,15.082,15.275,15.452,15.628,15.818,16.021,16.213,16.388,16.553,16.747,16.946,17.139,17.321,17.522,17.684,18.047,18.246,18.443,18.616,
1,4,0.171,0.370,0.552,0.735,0.931,
1,5,0.040,0.218,0.414,0.606,0.785,0.975,1.169,1.351,1.538,1.713,1.906,2.097,2.286,2.456,2.643,2.818,3.009,3.170,3.343,3.520,3.702,3.893,4.074,4.271,4.450,4.644,4.833,5.028,5.214,5.398,5.580,5.764,5.943,6.144,6.331,6.544,6.735,6.927,7.115,7.292,7.489,7.687,7.895,8.091,8.278,8.454,8.649,8.848,9.047,9.230,9.416,9.605,9.809,9.992,10.196,10.377,10.566,10.763,10.967,11.153,11.341,11.540,11.745,11.944,12.147,12.320,12.514,12.721,12.925,13.148,13.341,13.536,13.729,14.091,14.284,14.467,14.663,14.858,15.050,15.241,15.426,15.625,15.829,16.023,16.211,16.399,16.597,16.773,16.951,17.127,17.310,17.516,17.697,17.900,18.061,18.251,18.442,18.633,18.816,19.017,19.217,19.426,19.618,19.767,19.943,20.126,20.297,20.484,20.681,20.874,21.069,21.268,21.484,21.681,21.871,22.063,22.269,22.463,22.660,22.847,23.058,23.269,23.461,23.670,23.886,24.076,24.273,24.468,24.667,24.867,25.047,25.270,25.447,25.644,25.839,26.020,26.212,26.402,26.582,26.771,26.958,27.158,27.347,
1,6,0.089,0.376,0.551,0.735,0.937,1.144,1.341,1.527,1.708,1.911,2.090,2.288,2.483,2.695,2.892,3.079,3.242,3.411,
1,7,0.101,0.276,0.459,0.660,0.843,1.039,1.231,1.415,1.605,1.801,1.991,2.178,2.372,2.561,2.765,2.944,3.152,3.336,3.533,3.703,3.899,4.075,4.272,4.461,4.649,4.849,5.048,5.252,5.441,5.650,5.829,6.026,
1,8,0.319,0.506,0.676,
1,9,0.297,0.459,
1,10,0.272,0.450,0.639,0.822,1.023,1.201,1.390,1.577,1.776,1.973,2.167,2.349,2.543,2.749,2.957,3.150,3.335,3.531,3.712,3.908,4.105,4.294,4.494,4.685,4.891,5.095,5.281,5.485,5.678,5.892,6.079,6.282,6.477,6.669,6.857,7.045,7.239,7.439,7.649,7.847,8.041,8.259,8.449,8.643,8.838,9.044,9.260,9.445,9.643,9.828,10.027,10.213,10.419,
1,11,0.307,0.484,0.694,0.899,1.101,1.285,1.477,1.679,1.892,2.070,2.276,2.447,2.619,2.810,2.997,3.204,3.415,3.643,3.833,
1,12,0.194,0.400,0.561,0.751,0.942,1.127,1.315,1.501,1.690,1.901,2.066,2.267,2.448,2.634,2.821,3.018,3.188,3.401,3.572,3.768,3.946,4.147,4.351,4.540,4.742,4.924,5.135,5.322,5.519,5.693,5.886,6.075,6.303,6.488,6.683,6.853,7.065,7.270,7.471,7.662,7.875,8.072,8.270,8.475,8.678,8.863,9.065,9.271,9.459,9.644,9.851,10.058,10.243,10.453,
1,13,0.149,0.319,0.561,
1,14,0.273,0.438,0.639,0.817,0.996,1.181,1.367,1.550,1.743,
1,15,0.236,0.432,
1,16,0.264,0.454,0.647,0.826,1.014,1.175,1.351,1.527,1.713,1.898,2.055,2.232,2.398,2.575,2.765,2.938,3.121,3.311,
1,17,0.270,0.418,
1,18,0.171,0.460,0.654,0.829,1.000,1.178,1.352,1.536,1.722,1.899,2.080,2.250,2.415,2.597,2.781,2.954,3.127,3.299,3.476,3.663,3.833,4.023,4.204,4.393,4.603,4.799,4.952,5.126,5.311,5.489,5.661,5.837,6.021,
1,19,0.290,0.491,0.700,0.899,1.069,1.248,1.439,1.611,1.793,1.967,2.150,2.354,2.534,2.730,2.917,3.150,3.340,3.526,3.719,3.907,4.100,4.314,4.517,4.707,4.904,5.091,5.295,5.485,5.673,5.865,6.060,6.268,6.441,6.642,6.831,7.019,7.196,7.402,7.553,7.722,7.872,8.031,8.207,8.372,8.539,8.721,8.902,9.046,9.245,9.405,9.564,9.725,9.927,10.091,10.270,10.423,
1,20,0.282,0.437,0.622,0.804,0.971,1.154,1.331,1.502,1.682,1.871,2.066,2.245,2.422,2.604,2.788,2.974,3.177,3.363,3.547,3.734,3.925,4.104,4.292,4.485,4.693,4.899,5.067,5.245,5.419,5.575,5.737,5.906,6.080,6.246,6.419,6.597,6.773,6.962,7.157,7.329,7.517,7.702,7.904,8.105,8.291,8.475,8.651,8.812,8.995,9.186,9.369,9.557,9.736,9.919,10.105,10.288,10.478,10.683,10.902,11.070,11.269,11.423,11.593,11.788,11.971,12.163,12.354,12.519,12.676,12.831,13.019,13.184,13.386,13.565,13.770,13.951,14.155,14.354,14.544,14.741,14.904,15.086,15.277,15.462,15.644,15.825,16.021,16.217,16.404,16.604,16.805,17.001,17.203,17.408,17.583,17.772,17.981,18.187,18.395,18.578,18.772,18.972,19.173,19.376,19.572,19.795,20.001,20.212,20.425,20.640,20.846,21.048,21.273,21.466,21.679,21.864,22.043,22.274,22.440,22.641,22.856,23.078,23.289,23.495,23.727,23.940,24.158,24.354,24.564,24.778,
1,21,0.300,0.477,0.672,0.858,1.047,1.235,1.436,1.627,1.803,2.014,2.218,2.407,2.607,2.806,3.000,3.180,3.357,3.544,3.735,3.935,4.149,4.331,4.519,4.695,4.899,5.103,5.307,5.523,5.716,5.906,6.117,6.318,6.531,6.699,6.906,7.116,7.323,7.520,7.720,7.954,8.149,8.337,8.535,8.746,8.952,9.164,9.368,9.562,9.746,9.931,10.135,10.329,10.525,10.738,10.941,11.146,11.332,11.539,11.737,11.937,12.148,12.362,12.564,12.769,12.976,13.178,13.386,13.593,13.789,13.964,14.170,14.387,14.606,14.812,15.020,15.237,15.475,15.672,15.887,16.113,16.306,16.521,16.723,16.916,17.104,17.311,17.522,17.711,17.901,18.111,18.298,
1,22,0.273,0.439,0.652,0.856,1.041,1.225,1.427,1.640,1.827,2.024,2.224,2.412,2.617,2.819,3.031,3.232,
1,23,0.277,0.462,0.653,0.850,1.064,1.260,1.443,1.644,1.841,
1,24,0.146,0.324,0.499,0.705,0.896,1.097,1.292,1.480,1.673,1.896,2.104,2.295,2.518,2.713,2.900,3.102,3.278,
1,25,0.293,0.463,0.644,0.847,1.041,1.216,1.417,1.620,1.831,2.031,2.226,2.418,2.641,2.838,3.039,3.275,3.463,3.642,3.856,4.052,4.275,4.463,4.659,4.859,5.050,5.248,5.459,5.667,5.869,6.073,6.267,6.461,6.643,6.826,7.000,7.210,7.393,7.577,7.760,7.933,8.118,8.295,8.472,8.664,8.850,9.040,9.232,9.412,9.593,9.790,9.980,10.164,10.359,10.560,10.750,10.934,11.109,11.302,11.489,11.692,11.876,12.057,12.246,12.432,12.646,12.840,13.035,13.249,13.455,13.646,13.826,14.027,14.191,14.358,14.552,14.764,14.946,15.147,15.326,15.520,15.716,15.920,16.115,16.308,16.518,16.702,16.898,17.093,17.289,17.483,17.665,17.857,18.058,18.249,18.443,18.649,18.838,19.019,19.220,19.419,19.617,19.827,20.033,20.225,20.409,20.595,20.789,20.976,21.175,21.376,21.587,21.796,21.981,
1,26,0.269,0.425,
1,27,0.261,0.438,0.626,0.826,1.018,1.209,1.402,1.592,1.793,1.983,2.182,2.375,2.577,2.774,2.952,3.313,3.486,3.690,3.872,4.069,4.279,4.486,4.676,4.868,5.060,5.263,5.480,5.675,5.861,6.054,6.242,6.418,6.592,6.771,6.947,7.117,7.281,7.481,7.648,7.791,7.952,8.119,8.282,8.456,8.652,8.847,9.036,9.188,9.318,9.546,9.722,9.899,10.074,10.266,10.449,10.606,10.788,10.956,11.169,11.354,11.523,11.713,11.903,12.088,12.267,12.459,12.638,12.830,13.017,13.195,13.384,13.564,13.750,13.947,14.151,14.324,14.521,14.713,14.901,15.086,15.290,15.488,15.681,15.875,16.067,16.269,16.458,16.665,16.859,17.051,17.269,17.439,17.636,17.816,18.001,18.192,18.386,
1,28,0.048,0.442,0.638,0.827,1.020,1.211,1.384,1.569,1.767,1.957,2.144,2.312,2.492,2.668,2.853,3.038,3.220,3.411,3.601,3.778,3.962,4.137,4.324,4.518,4.705,4.902,5.085,5.284,5.480,5.667,5.832,6.172,6.386,6.578,6.742,6.927,7.104,7.299,7.501,7.677,7.855,8.062,8.270,8.452,8.640,8.839,9.056,9.252,9.433,9.637,9.838,10.031,10.221,10.439,
1,29,0.333,0.486,0.675,0.870,1.075,1.275,1.472,1.666,1.856,
1,30,0.072,0.271,0.463,0.638,0.818,1.022,1.203,1.409,1.603,1.816,2.026,2.245,2.452,2.651,2.849,3.054,3.231,3.402,3.572,3.773,3.961,4.167,4.349,4.547,4.737,4.924,5.111,5.316,5.501,5.697,5.891,
1,31,0.248,0.415,0.651,0.814,0.986,1.181,1.376,1.569,1.788,1.976,2.166,
1,32,0.320,0.492,0.687,0.885,1.085,1.279,1.471,1.681,1.886,2.076,2.294,2.500,2.720,2.917,3.105,3.339,3.553,3.774,3.982,4.184,4.387,4.574,4.778,4.974,5.171,5.372,5.562,5.742,5.946,6.127,6.321,6.528,6.743,6.955,7.178,7.389,7.594,7.792,7.987,8.169,8.389,8.591,8.785,8.972,9.159,9.359,9.574,9.773,9.948,10.347,10.523,10.696,10.912,11.114,11.323,11.499,11.697,11.894,12.087,12.281,12.474,12.680,12.891,13.093,13.304,13.525,13.725,13.930,14.142,14.327,14.535,14.747,14.948,15.152,15.337,15.545,15.729,15.922,16.111,16.326,16.536,16.726,16.932,17.155,17.360,17.564,17.785,18.010,18.202,18.397,
1,33,0.170,0.352,0.544,0.737,0.930,1.150,1.343,1.523,1.703,1.903,2.086,2.270,2.463,2.667,2.871,3.070,3.286,3.493,3.689,3.877,4.089,4.294,4.515,4.709,4.898,5.098,5.297,5.515,5.726,5.918,
1,34,0.267,0.447,0.650,0.835,1.024,
1,35,0.055,0.276,0.471,0.667,0.872,1.067,1.270,1.479,1.685,1.893,
1,36,0.286,0.480,0.681,0.900,1.087,1.267,1.444,1.648,1.841,2.030,2.217,2.407,2.610,2.809,3.002,3.176,
1,37,0.286,0.464,0.663,0.850,1.042,1.249,1.450,1.654,1.863,
1,38,0.121,0.310,0.492,0.698,0.905,1.104,1.308,1.512,1.697,
1,39,0.265,0.430,0.652,0.852,1.057,1.265,1.477,1.688,1.899,2.106,2.318,2.533,
1,40,0.233,0.421,0.647,0.845,1.045,1.264,1.463,1.669,1.897,2.075,2.288,2.495,2.699,2.867,3.048,3.240,3.436,3.622,3.821,4.018,4.209,4.398,4.598,4.786,4.999,5.178,5.375,5.579,5.776,5.965,6.149,6.331,6.519,6.703,6.885,7.072,7.266,7.458,7.656,7.850,8.039,8.234,8.422,8.598,8.792,8.979,9.185,9.389,9.571,9.767,9.948,10.134,10.326,10.528,10.733,10.938,11.139,11.310,11.497,11.693,11.885,12.072,12.278,12.480,12.664,12.862,13.061,13.281,13.476,13.684,13.886,14.098,14.289,14.497,14.704,14.920,15.140,15.332,15.542,15.741,15.940,16.170,16.373,16.562,16.771,16.958,17.169,17.391,17.607,17.807,17.999,18.172,18.331,
1,41,0.333,0.521,0.709,0.910,1.110,
1,42,0.099,0.310,0.521,
1,43,0.073,0.292,0.496,0.685,0.865,1.055,
1,44,0.246,0.449,0.649,0.839,1.040,
1,45,0.267,0.449,0.643,0.843,1.064,1.260,1.443,1.644,1.820,2.017,2.205,2.401,2.598,2.787,2.981,3.181,3.394,3.597,3.800,4.011,4.199,4.395,4.592,4.806,4.992,5.189,5.524,
1,46,0.369,0.536,0.721,0.904,1.090,1.278,1.481,1.680,1.889,2.069,2.272,2.471,2.676,2.876,3.072,3.273,
1,47,0.329,0.516,0.699,0.890,1.085,1.286,1.496,1.670,1.862,2.066,2.271,2.454,2.651,2.838,3.037,3.225,
1,48,0.216,0.418,0.609,0.811,1.002,1.200,1.413,1.618,1.821,2.017,2.212,2.423,2.639,2.830,3.018,3.196,3.391,3.577,3.783,3.982,4.186,4.385,4.568,4.769,4.953,5.161,5.371,5.571,5.769,5.946,6.151,6.478,6.648,6.821,7.002,7.185,7.365,7.559,7.744,7.928,8.121,8.314,8.538,8.725,8.904,9.104,9.309,9.521,9.720,9.898,10.090,10.271,10.452,10.638,10.808,10.982,11.187,11.416,11.590,11.772,11.933,12.100,12.289,12.469,12.654,12.853,13.059,13.233,13.403,13.589,13.776,13.948,14.140,14.324,14.523,14.711,14.910,15.107,15.310,15.524,15.733,15.944,16.158,16.372,16.600,16.796,16.978,17.195,17.391,17.591,17.775,17.967,18.178,18.368,
1,49,0.127,0.317,0.523,0.723,0.919,1.126,1.330,1.533,1.733,
1,50,0.178,0.389,0.576,0.773,0.963,
1,51,0.214,0.408,0.624,0.823,1.027,1.229,1.435,1.644,1.843,2.047,2.275,2.472,2.668,2.858,3.040,3.225,3.402,
1,52,0.114,0.294,0.471,0.665,0.835,1.017,
1,53,0.266,0.421,0.609,0.795,0.983,1.159,1.337,1.520,1.726,1.927,2.122,2.304,2.517,2.692,2.884,3.076,3.271,3.469,3.654,3.840,4.032,4.234,4.426,4.622,4.833,5.018,5.230,5.434,5.613,5.821,6.025,6.231,6.415,6.635,6.846,7.039,7.269,7.452,7.647,7.859,8.073,8.273,8.469,8.689,8.900,9.113,9.324,9.540,9.734,9.920,10.109,10.307,10.521,10.720,10.888,11.271,11.442,11.638,11.832,11.994,12.188,12.388,12.595,12.788,12.975,13.153,13.345,13.569,13.772,13.952,14.156,14.358,14.565,14.773,14.973,15.162,15.390,15.594,15.807,16.023,16.201,16.390,16.582,16.812,17.024,17.246,17.472,17.658,17.857,18.041,18.226,18.452,18.675,18.855,19.042,19.232,19.448,19.642,19.802,19.970,20.158,20.342,20.521,20.698,20.920,21.104,21.303,21.509,21.680,21.893,22.092,22.274,22.483,22.677,22.893,23.097,23.302,23.510,23.720,23.936,24.147,24.360,
1,54,0.181,0.371,0.584,0.783,0.977,1.201,1.390,1.595,1.822,2.002,2.199,2.429,2.627,2.818,3.019,3.218,3.428,3.636,3.848,4.059,4.251,4.452,4.687,4.887,5.072,5.298,5.474,5.687,5.887,
1,55,0.040,0.375,0.554,0.743,0.957,1.157,1.348,1.554,1.768,1.950,2.151,2.353,2.542,2.749,2.987,3.176,3.392,3.614,3.810,4.033,4.250,4.482,4.680,4.886,5.102,5.333,5.529,5.749,5.964,6.187,6.413,6.603,6.787,6.971,7.168,7.387,7.574,7.770,7.950,8.137,8.347,8.534,8.727,8.926,9.117,9.318,9.548,9.731,9.941,10.151,10.364,10.568,10.772,10.974,11.190,11.395,11.601,11.839,12.047,12.232,12.416,12.611,12.812,13.026,13.220,13.422,13.610,13.823,14.038,14.274,14.463,14.670,14.890,15.105,15.311,15.524,15.774,15.969,16.169,16.394,16.612,16.891,17.089,17.290,17.525,17.737,17.924,18.108,18.282,18.444,18.625,18.771,18.970,19.177,19.372,
1,56,0.293,0.457,0.655,0.845,1.062,1.270,1.491,1.673,1.855,2.092,2.303,2.521,2.735,2.925,3.153,3.357,3.566,3.778,3.975,4.178,4.398,4.617,4.823,5.029,5.249,5.460,5.669,5.893,6.119,6.334,6.567,6.783,6.992,7.198,7.390,7.604,7.744,7.971,8.170,8.364,8.524,8.774,8.937,9.117,9.294,9.486,9.669,9.854,10.042,10.225,10.398,10.594,
1,57,0.299,0.462,0.646,0.838,0.956,1.150,1.333,1.513,1.678,1.849,2.038,2.200,2.368,2.549,2.730,2.921,3.104,3.298,3.497,3.689,3.897,4.090,4.291,4.478,4.675,4.898,5.088,5.275,5.461,5.652,5.853,
1,58,0.084,0.307,0.498,0.711,0.910,1.082,1.262,1.447,1.646,1.810,1.984,2.175,2.345,2.519,2.685,2.843,3.013,3.312,3.489,3.676,3.868,4.050,4.264,4.440,4.647,4.818,4.990,5.184,5.372,5.558,5.737,5.915,
1,59,0.332,0.522,0.705,0.899,1.087,1.313,1.523,1.723,1.921,
1,60,0.347,0.512,0.692,0.878,1.045,1.266,1.460,1.646,1.850,
1,61,0.239,0.438,0.644,0.869,1.010,
1,62,0.281,0.466,0.667,0.840,1.017,1.331,1.496,1.665,1.848,2.034,2.214,2.401,2.569,2.768,2.945,3.156,3.361,3.535,3.717,3.919,4.101,4.272,4.478,4.706,5.090,5.278,5.476,5.635,5.796,5.976,6.142,6.335,6.519,6.712,6.898,7.110,7.292,7.484,7.677,7.864,8.054,8.242,8.433,8.640,8.817,9.021,9.183,9.376,9.590,9.788,9.966,10.376,10.592,10.784,10.978,11.173,11.372,11.563,11.772,11.970,12.156,12.350,12.555,12.772,12.972,13.174,13.369,13.559,13.849,14.108,14.294,14.476,14.686,14.902,15.107,15.303,15.524,15.713,15.915,16.122,16.341,16.551,16.716,16.877,17.088,17.306,17.547,17.760,17.994,18.197,18.423,
1,63,0.212,0.455,0.639,0.844,1.052,1.247,1.431,1.611,1.783,2.147,2.359,2.560,2.769,2.986,3.189,3.395,3.603,3.796,4.019,4.230,4.447,4.636,4.780,5.020,5.229,5.474,5.669,5.834,6.027,6.244,6.452,6.771,6.948,7.137,7.320,7.521,7.662,7.837,8.044,8.237,8.416,8.590,8.772,8.943,9.145,9.335,9.500,9.684,9.876,10.072,10.272,10.465,10.659,10.846,11.040,11.223,11.429,11.613,11.822,12.045,12.235,12.419,12.640,12.828,13.038,13.274,13.469,13.665,13.872,14.056,14.246,14.437,14.615,14.791,15.025,15.227,15.421,15.610,15.819,16.042,16.213,16.465,16.659,16.896,17.111,17.322,17.558,17.776,17.966,18.198,18.442,18.668,18.893,19.073,19.321,19.571,19.770,19.994,20.212,20.416,20.616,20.826,21.035,21.261,21.446,21.661,21.901,22.119,22.334,22.553,22.747,23.002,23.265,23.498,23.707,23.927,24.207,24.440,24.646,24.852,25.103,25.365,25.576,25.763,
1,64,0.276,0.471,0.653,0.835,1.017,1.170,1.410,1.598,1.721,1.935,2.126,2.297,2.484,2.661,2.841,3.035,3.244,3.441,3.668,3.852,4.038,4.207,4.385,4.545,4.719,4.902,5.060,5.226,5.447,5.642,5.843,6.061,6.250,6.406,6.672,6.915,7.104,7.314,7.549,7.747,7.930,8.118,8.302,8.478,8.646,8.834,9.024,9.247,9.465,9.644,9.849,10.031,10.271,10.451,10.622,10.793,10.944,11.102,11.319,11.598,11.772,11.928,12.108,12.522,12.729,12.901,13.079,13.273,13.490,13.672,13.844,14.038,14.225,14.417,14.606,14.805,15.023,15.187,15.369,15.560,15.774,15.949,16.147,16.367,16.558,16.731,16.920,17.110,17.314,17.481,17.682,17.891,18.076,18.266,18.465,18.662,18.851,19.026,19.203,19.407,19.589,19.791,19.997,20.196,20.393,20.568,20.767,20.971,21.175,21.362,21.560,21.772,21.975,22.190,22.366,22.566,22.775,22.986,23.185,23.394,23.602,23.805,24.011,24.208,24.394,24.594,24.792,24.961,
1,65,0.031,0.233,0.415,0.605,0.781,0.962,1.171,
1,66,0.249,0.440,0.642,0.829,1.023,1.218,1.409,1.598,1.793,1.974,2.170,2.361,2.558,2.743,2.925,3.143,3.345,3.517,3.709,3.903,4.098,4.287,4.482,4.661,4.854,5.052,5.230,5.431,5.644,5.838,6.011,6.215,6.398,6.570,6.761,6.936,7.117,7.308,7.488,7.670,7.842,8.047,8.265,8.486,8.675,8.879,9.049,9.229,9.399,9.573,9.763,9.945,10.111,10.279,10.453,
1,67,0.095,0.306,0.490,0.683,0.894,1.061,
1,68,0.073,0.246,0.425,0.600,0.771,0.945,1.148,1.312,1.501,1.702,1.899,2.076,2.266,2.439,2.613,2.788,2.966,3.149,3.352,
1,69,0.125,0.319,0.468,0.647,
1,70,0.113,0.301,0.497,0.677,0.852,1.029,1.221,1.400,1.584,1.773,1.952,2.115,2.302,2.479,2.664,2.853,3.040,3.222,3.411,3.595,3.783,3.972,4.164,4.347,4.518,4.694,4.872,5.038,5.213,5.400,5.569,5.726,5.922,6.083,6.249,6.519,6.682,6.859,7.041,7.227,7.429,7.553,7.838,8.044,8.224,8.413,8.583,8.770,8.938,9.116,9.302,9.466,9.649,9.844,10.027,10.211,10.391,10.580,10.771,10.942,11.141,11.342,11.544,11.728,11.909,12.100,12.299,12.488,12.690,12.892,13.093,13.280,13.475,13.677,13.889,14.070,14.273,14.443,14.640,14.826,15.023,15.273,15.450,15.640,15.826,16.031,16.227,16.426,16.621,16.815,17.024,17.217,17.425,17.641,
1,71,0.204,0.384,0.570,0.768,0.948,1.137,1.329,1.524,1.723,
1,72,0.187,0.367,0.570,0.763,0.955,1.156,1.336,1.513,1.705,1.903,2.095,2.289,2.497,2.679,2.874,3.055,3.245,
1,73,0.288,0.471,0.653,0.835,1.017,1.189,1.374,1.556,1.726,1.907,2.090,2.455,2.641,2.831,3.018,3.202,3.389,3.579,3.768,3.955,4.154,4.329,4.518,4.686,4.885,5.067,5.249,5.432,5.617,5.794,5.978,6.155,6.331,6.502,6.692,6.886,7.066,7.273,7.462,7.637,7.824,8.020,8.207,8.393,8.569,8.770,8.936,9.110,9.303,9.485,9.637,9.852,10.054,10.228,10.428,10.626,10.806,11.002,11.199,11.388,11.585,11.786,11.990,12.184,12.389,12.561,12.752,12.960,13.146,13.325,13.523,13.721,13.911,14.103,14.283,14.470,14.664,14.849,
1,74,0.274,0.472,0.663,0.846,1.059,1.269,1.451,1.642,1.832,2.013,2.208,2.396,2.580,2.776,2.934,3.119,3.288,3.466,3.650,3.825,4.001,4.177,4.369,4.556,4.752,4.945,5.143,5.314,5.510,5.694,5.900,
1,75,0.350,0.524,0.710,
1,76,0.176,0.346,0.529,0.696,0.863,1.046,1.230,1.401,1.573,1.765,1.935,2.125,2.306,2.497,2.688,2.858,3.032,3.218,3.402,3.582,3.778,3.970,4.161,4.339,4.553,4.749,4.937,5.150,5.347,5.532,5.731,5.935,6.133,6.330,6.517,6.703,6.884,7.064,7.267,7.450,7.634,7.804,7.958,8.134,8.323,8.518,8.716,8.909,9.109,9.315,9.518,9.707,9.909,10.087,10.272,10.474,
1,77,0.033,0.216,0.395,0.581,0.767,0.952,1.139,1.331,1.524,1.717,1.916,2.098,2.290,2.491,2.698,2.899,3.101,3.285,3.472,3.647,3.847,4.053,4.252,4.442,4.624,4.830,5.019,5.207,5.409,5.609,5.794,5.971,6.152,6.328,6.520,6.680,6.856,7.035,7.195,7.376,7.555,7.735,7.930,8.126,8.318,8.494,8.685,8.876,9.075,9.271,9.450,9.652,9.859,10.075,10.285,10.468,
1,78,0.068,0.270,0.439,0.637,0.811,0.999,
1,79,0.053,0.250,0.425,0.602,0.786,0.965,1.163,
1,80,0.103,0.287,0.452,
1,81,0.163,0.312,0.487,0.668,0.831,0.998,1.159,1.477,1.649,1.810,1.968,2.145,2.320,2.501,2.684,2.869,3.041,3.223,3.412,
1,82,0.236,0.407,0.586,0.772,0.948,1.120,1.297,1.468,1.643,1.819,2.002,2.189,2.372,2.577,2.773,2.949,3.140,3.334,3.524,3.721,3.894,4.068,4.247,4.425,4.622,4.802,5.000,5.188,5.375,5.564,5.752,5.938,6.142,6.324,6.525,6.706,6.892,7.079,7.276,7.466,7.657,7.854,8.046,8.233,8.420,8.608,8.813,9.009,9.197,9.393,9.593,9.797,9.994,10.193,10.394,
1,83,0.201,0.412,0.614,0.794,0.973,1.170,1.369,1.568,1.745,1.945,2.146,2.348,2.549,2.741,2.911,3.111,3.302,3.502,3.710,3.899,4.079,4.268,4.434,4.614,4.791,4.973,5.157,5.335,5.499,5.714,5.886,6.048,6.211,6.414,6.610,6.804,6.961,7.195,7.343,7.520,7.588,7.804,7.972,8.137,8.270,8.401,8.533,8.678,8.788,8.918,9.069,9.164,9.329,9.528,9.683,9.897,10.364,10.563,10.730,10.888,11.036,11.222,11.395,11.561,11.740,11.911,12.076,12.246,12.415,12.576,12.744,12.923,13.086,13.248,13.416,13.591,13.773,13.943,14.114,14.273,14.422,14.592,14.726,
1,84,0.303,0.489,0.662,0.823,0.984,1.178,1.370,1.535,1.697,1.870,2.048,2.213,2.397,2.567,2.734,2.897,3.046,3.211,3.366,3.545,3.723,3.917,4.122,4.310,4.521,4.711,5.095,5.305,5.471,5.665,5.869,6.047,6.229,6.402,6.580,6.765,6.955,7.173,7.347,7.538,7.717,7.915,8.111,8.243,8.516,8.730,8.914,9.114,9.316,9.517,9.716,9.905,10.085,10.248,10.447,10.643,10.833,11.069,11.245,11.455,11.613,11.787,11.974,12.152,12.368,12.528,12.707,12.902,13.096,13.283,13.491,13.693,13.893,14.096,14.272,14.466,14.636,14.816,15.032,15.219,15.410,15.598,15.784,15.979,16.180,16.387,16.584,16.780,16.981,17.175,17.372,17.555,17.777,17.952,18.154,18.327,
1,85,0.228,0.407,0.553,
1,86,0.045,0.246,0.443,0.615,0.789,0.960,1.139,1.305,1.475,1.671,1.844,2.043,2.273,2.523,2.713,2.902,3.140,3.313,3.499,3.684,3.862,4.027,4.216,4.402,4.561,4.641,4.831,5.039,5.210,5.378,5.566,5.746,5.933,6.125,6.307,6.535,6.724,6.909,7.101,7.278,7.456,7.646,7.847,8.055,8.362,8.568,8.759,8.964,9.143,9.318,9.533,9.787,9.976,10.143,10.307,10.479,10.647,10.834,11.019,11.183,11.394,11.582,11.761,11.960,12.154,12.352,12.545,12.742,12.927,13.201,13.395,13.599,13.802,14.045,14.266,14.464,14.666,14.858,15.058,15.276,15.460,15.668,15.872,16.057,16.230,16.432,16.653,16.846,17.055,17.252,17.441,
1,87,0.272,0.502,0.688,0.862,1.026,
1,88,0.146,0.355,0.523,0.707,0.896,1.088,1.336,1.547,1.735,1.903,2.042,2.214,2.444,2.598,2.764,2.927,3.104,3.279,3.471,3.648,3.791,3.970,4.119,4.306,4.496,4.729,4.902,5.044,5.307,5.553,5.728,5.899,
1,89,0.100,0.367,0.517,0.690,0.865,1.042,1.217,1.384,1.545,1.730,1.902,2.057,2.230,2.407,2.570,2.733,2.917,3.119,3.269,
1,90,0.294,0.454,0.634,0.799,0.962,1.126,1.299,1.477,1.657,1.823,1.991,2.166,2.341,2.518,2.691,2.877,3.058,3.243,3.409,3.586,3.769,3.929,4.103,4.269,4.438,4.604,4.776,4.949,5.109,5.269,5.422,5.593,5.769,5.934,
1,91,0.188,0.358,0.535,0.705,0.885,1.052,1.231,1.404,1.577,1.736,1.902,2.080,2.269,2.439,2.613,2.781,2.965,3.167,3.350,3.526,3.708,3.889,4.076,4.270,4.449,4.636,4.804,4.989,5.173,5.351,5.545,5.721,5.894,
1,92,0.277,0.447,0.627,0.791,0.952,1.108,1.278,1.440,1.615,
1,93,0.089,0.273,0.439,0.608,0.774,0.947,1.107,1.274,1.437,1.608,1.781,1.957,2.127,2.304,2.483,2.659,2.836,3.034,3.210,3.395,3.592,3.746,3.917,4.085,4.275,4.425,4.610,4.806,4.988,5.174,5.345,5.524,5.704,5.893,6.075,6.247,6.437,6.643,6.821,6.992,7.173,7.370,7.542,7.729,7.938,8.121,8.298,8.487,8.659,8.819,9.002,9.183,9.357,9.549,9.751,9.949,10.111,10.293,10.461,
1,94,0.035,0.220,0.407,0.589,0.768,0.945,1.123,1.305,1.496,1.672,1.843,2.019,2.228,2.417,2.587,2.769,2.935,3.109,3.296,3.488,3.677,3.860,4.054,4.270,4.447,4.637,4.809,5.020,5.227,5.412,5.625,5.817,6.021,6.210,6.406,6.592,6.796,7.036,7.231,7.426,7.607,7.796,8.002,8.205,8.405,8.593,8.772,8.932,9.108,9.272,9.434,9.603,9.772,9.922,10.098,10.273,10.349,10.523,10.686,10.849,11.023,11.205,11.390,11.555,11.736,11.923,12.097,12.283,12.464,12.641,12.811,12.985,13.173,13.355,13.538,13.741,13.937,14.141,14.317,14.523,14.732,14.925,
3,1,0.157,0.332,0.434,0.624,0.798,0.936,1.068,1.228,1.364,1.519,1.689,1.845,2.001,2.149,2.298,2.410,2.622,2.787,2.958,3.136,3.291,3.424,3.532,3.722,3.891,4.030,4.185,4.348,4.520,4.691,4.858,5.032,5.203,5.387,5.552,5.734,5.905,
3,2,0.278,0.465,0.619,0.773,0.933,1.098,1.266,1.424,1.586,1.767,1.917,2.042,2.202,2.333,2.636,2.806,2.966,3.125,3.267,3.413,3.579,3.741,3.918,4.049,4.198,4.354,4.518,4.674,4.849,5.035,5.203,5.376,5.550,5.737,5.918,6.072,6.228,6.405,6.587,6.701,6.919,7.095,7.273,7.451,7.607,7.789,7.958,8.136,8.316,8.494,8.660,8.853,9.020,9.190,9.343,9.520,9.695,9.887,10.221,10.413,
3,3,0.126,0.319,0.496,0.685,
3,4,0.052,0.247,0.411,0.569,0.751,0.928,1.080,1.249,1.444,1.635,1.810,
3,5,0.283,0.478,0.657,0.824,0.992,
3,6,0.214,0.451,0.579,0.751,0.913,1.099,1.267,1.398,1.595,1.789,1.951,2.117,2.291,2.479,2.648,2.811,2.981,3.152,3.307,3.625,3.811,3.981,4.159,4.334,4.516,4.687,4.839,5.149,5.332,5.516,5.658,5.825,5.984,
3,7,0.058,0.267,0.450,0.625,0.806,1.000,1.175,1.351,1.527,1.693,1.874,2.054,2.204,2.326,2.542,2.729,2.901,3.053,3.205,3.374,3.548,3.744,3.912,4.058,4.228,4.392,4.519,4.711,4.885,5.075,5.203,5.375,5.583,5.726,5.914,6.090,6.211,6.422,6.738,6.940,7.121,7.282,7.524,7.859,8.113,
3,8,0.304,0.462,0.639,0.810,0.972,1.148,1.344,1.523,1.685,1.876,
3,9,0.290,0.466,0.650,0.816,1.017,1.180,1.354,1.529,1.715,1.894,2.066,2.246,2.430,2.610,2.797,2.975,3.151,3.331,3.497,3.663,3.834,4.018,4.201,4.376,4.558,4.769,4.932,5.097,5.276,5.452,5.605,5.786,5.966,6.136,6.326,6.519,6.708,6.876,7.054,7.236,7.405,7.554,7.722,7.913,8.086,8.287,8.449,8.659,8.854,9.040,9.222,9.426,9.619,9.801,9.985,10.186,10.388,10.578,10.771,10.921,11.085,11.272,11.433,11.638,11.831,12.029,12.222,12.409,12.608,12.824,12.990,13.182,13.377,13.567,13.740,13.927,14.116,14.310,14.523,14.687,14.890,15.055,15.274,15.437,15.640,15.828,16.024,16.190,16.391,16.598,16.781,16.988,17.188,17.374,17.557,17.778,17.965,18.158,18.338,
3,10,0.045,0.231,0.425,0.610,0.784,0.974,1.165,1.336,1.523,1.707,1.893,2.020,2.244,2.589,2.788,2.981,3.147,3.315,3.496,3.676,3.856,4.048,4.208,4.388,4.575,4.771,4.976,5.138,5.315,5.532,5.713,5.895,
3,11,0.156,0.343,0.522,
3,12,0.103,0.297,0.484,0.655,0.839,1.036,
3,13,0.142,0.328,0.519,0.693,0.877,1.069,1.242,1.418,1.598,1.780,1.964,2.153,2.317,2.485,2.673,2.856,3.033,3.227,3.387,
3,14,0.321,0.486,0.660,0.843,1.020,1.187,1.369,1.553,1.731,1.907,2.100,2.270,2.451,2.634,2.828,3.018,3.185,3.370,3.552,3.734,3.919,4.108,4.290,4.468,4.647,4.775,4.990,5.177,5.347,5.526,5.711,5.903,6.085,6.251,6.437,6.610,6.784,6.970,7.153,7.346,7.480,7.694,7.886,8.059,8.226,8.398,8.567,8.770,8.964,9.143,9.312,9.480,9.774,9.977,10.168,10.349,10.540,10.715,10.904,11.105,11.281,11.447,11.617,11.816,11.993,12.174,12.355,12.554,12.738,12.918,13.088,13.294,13.480,13.683,13.873,14.072,14.273,14.438,14.640,14.773,14.968,15.176,15.390,15.580,15.746,15.925,16.122,16.308,16.524,16.697,16.891,17.108,17.304,17.524,17.690,17.867,18.115,18.290,
3,15,0.151,0.313,0.495,
3,16,0.212,0.331,0.546,0.728,0.921,1.076,1.243,1.416,1.595,1.784,1.949,2.138,2.326,2.522,2.609,2.752,2.942,3.106,3.279,3.431,3.606,3.800,3.977,4.153,4.340,4.488,4.653,4.837,5.026,5.196,5.374,5.553,5.740,5.922,6.085,6.274,6.464,6.641,6.800,7.024,7.202,7.394,7.592,7.775,7.940,8.120,8.309,8.484,8.666,8.851,9.025,9.208,9.392,9.567,9.750,9.943,10.127,10.310,10.491,10.679,10.852,11.039,11.230,11.420,11.598,11.786,11.988,12.188,12.375,12.555,12.760,12.940,13.144,13.323,13.520,13.734,13.945,14.144,14.316,14.521,14.698,14.895,15.070,15.268,15.461,15.684,15.895,16.055,16.237,16.422,16.611,16.808,16.998,17.178,17.365,17.563,17.779,17.976,18.187,18.396,
3,17,0.080,0.317,0.491,0.654,0.842,
3,18,0.113,0.306,0.497,
3,19,0.190,0.375,0.575,0.745,0.936,1.124,1.305,1.509,1.696,1.873,2.051,2.276,2.439,2.622,2.801,3.009,3.180,3.361,3.544,3.736,3.920,4.095,4.281,4.479,4.684,4.863,5.049,5.242,5.428,5.616,5.805,5.980,6.164,6.351,6.537,6.713,6.895,7.067,7.261,7.446,7.627,7.817,7.999,8.179,8.362,8.579,8.762,8.967,9.164,9.349,9.555,9.731,9.940,10.146,10.332,10.513,10.685,10.874,11.078,11.284,11.474,11.672,11.851,12.041,12.250,12.436,12.622,12.832,13.041,13.231,13.411,13.616,13.811,13.988,14.202,14.401,14.584,14.782,14.974,15.164,15.338,
3,20,0.100,0.294,0.482,0.670,0.855,1.046,1.233,1.420,1.605,1.806,2.010,2.188,2.376,2.560,2.747,2.948,3.144,3.325,3.518,3.711,3.895,4.090,4.286,4.484,4.677,4.895,5.092,5.278,5.469,5.668,5.864,6.051,6.262,6.441,6.627,6.811,7.013,7.195,7.396,7.603,7.782,7.984,8.176,8.378,8.599,8.799,8.983,9.203,9.404,9.606,9.811,9.999,10.179,10.398,10.590,10.797,10.999,11.197,11.402,11.593,11.817,12.019,12.217,12.426,12.649,12.849,13.056,13.273,13.470,13.667,13.862,14.090,14.276,14.475,14.692,14.900,15.093,15.303,15.517,15.689,15.870,16.069,16.274,16.452,16.651,16.833,17.032,17.217,
3,21,0.102,0.316,0.496,0.673,0.840,1.034,1.229,1.421,1.601,1.797,2.001,2.164,2.358,2.538,2.733,2.929,3.112,3.300,3.497,3.688,3.894,4.089,4.269,4.434,4.620,4.832,5.019,5.208,5.413,5.588,5.769,5.962,6.160,6.353,6.539,6.741,6.925,7.102,7.319,7.493,7.675,7.851,8.027,8.218,8.399,8.575,8.750,8.898,9.107,9.563,9.730,10.005,10.138,10.302,10.388,10.531,10.796,10.988,11.145,11.289,11.447,11.608,11.779,11.889,12.064,12.343,12.499,12.643,12.773,12.914,13.067,13.189,13.366,13.523,13.701,13.866,14.023,14.160,14.308,14.472,14.625,14.780,14.947,15.150,15.309,15.465,15.648,15.809,15.991,16.153,16.296,16.455,16.626,16.794,16.955,17.103,17.275,17.436,17.596,17.713,17.841,18.002,18.162,18.308,18.468,18.601,18.776,18.924,19.086,19.230,19.392,19.568,19.759,19.912,20.077,20.244,20.396,20.534,20.695,20.868,21.054,21.265,21.428,21.580,21.775,21.945,22.114,22.285,22.448,22.594,22.768,22.951,23.144,23.294,23.456,23.645,23.782,23.961,24.116,24.276,24.432,24.574,
3,22,0.087,0.276,0.449,0.627,0.797,0.978,1.166,1.345,1.520,1.694,1.920,2.050,2.231,2.415,2.601,2.790,2.974,3.156,3.332,
3,23,0.080,0.271,0.449,0.624,0.798,0.985,
3,24,0.077,0.269,0.439,0.620,0.784,0.954,1.126,1.321,1.488,1.668,1.850,2.024,2.204,2.387,2.555,2.722,2.900,3.079,3.271,3.423,3.599,3.771,3.948,4.126,4.293,4.473,4.638,4.803,4.966,5.125,5.298,5.486,5.663,5.840,6.029,6.212,6.376,6.553,6.747,6.936,7.113,7.301,7.458,7.604,7.773,7.941,8.121,8.308,8.523,8.698,8.890,9.055,9.251,9.439,9.640,9.811,9.997,10.198,10.375,10.578,10.774,10.959,11.168,11.391,11.556,11.731,11.945,12.142,12.310,12.498,12.700,12.914,13.119,13.290,13.483,13.689,13.875,14.060,14.250,14.459,14.667,14.869,15.068,15.260,15.428,15.618,15.821,16.022,16.214,16.400,16.601,16.792,16.970,17.154,17.333,17.524,17.713,17.904,18.091,18.293,18.497,18.701,18.904,19.101,19.305,19.461,19.652,19.856,20.062,20.249,20.435,20.602,20.797,21.012,21.196,21.396,21.590,21.778,21.970,
3,25,0.092,0.322,0.501,0.667,0.838,1.026,1.202,1.393,1.566,1.746,1.920,2.100,2.275,2.440,2.644,2.826,3.018,3.203,3.394,3.565,3.777,3.970,4.124,4.302,4.490,4.681,4.895,5.055,5.268,5.439,5.645,5.831,6.012,6.182,6.372,6.575,6.762,6.942,7.146,7.308,7.496,7.673,7.857,8.031,8.215,8.396,8.562,8.736,8.921,9.100,9.273,9.476,9.671,9.851,10.025,10.199,10.397,10.565,10.768,10.959,11.180,11.364,11.570,11.789,12.000,12.187,12.398,12.579,12.785,12.995,13.191,13.374,13.581,13.793,14.000,14.199,14.399,14.577,14.778,14.961,15.150,15.323,15.516,15.682,15.893,16.090,16.321,16.531,16.734,16.904,17.117,17.331,17.517,17.705,17.899,18.081,18.268,18.455,18.634,18.832,19.033,19.232,19.429,19.609,19.775,
3,26,0.322,0.496,
3,27,0.077,0.264,0.461,0.647,0.808,0.983,1.174,1.362,1.539,1.707,1.898,2.083,2.265,2.421,2.614,2.812,2.991,3.173,3.356,3.542,3.725,3.912,4.098,4.275,4.457,4.652,4.829,5.016,5.211,5.415,5.604,5.798,5.992,6.184,6.400,6.564,6.767,6.943,7.150,7.335,7.534,7.734,7.933,8.127,8.331,8.530,8.725,
3,28,0.033,0.221,0.408,0.581,0.760,0.940,1.143,1.311,1.494,1.683,1.871,2.047,2.237,2.426,2.606,2.780,2.970,3.157,3.326,3.495,3.672,3.839,4.011,4.180,4.364,4.548,4.721,4.895,5.070,5.240,5.414,5.602,5.798,5.991,6.180,6.396,6.590,6.775,6.975,7.183,7.396,7.579,7.775,7.967,8.178,8.365,8.567,8.781,8.983,9.169,9.377,9.578,9.781,9.964,10.148,
