0,1,0.183,0.343,0.491,0.649,0.805,0.958,1.121,1.273,1.434,1.582,1.766,1.927,2.099,2.266,2.427,2.622,2.808,2.983,3.173,3.344,3.529,3.710,3.900,4.071,4.271,4.453,4.651,4.821,5.029,5.211,5.426,5.655,5.869,6.062,6.268,6.545,6.862,7.224,7.471,7.835,8.067,8.454,8.663,9.000,9.250,9.622,9.974,10.282,10.574,
0,1,0.170,0.425,0.622,0.832,1.093,1.321,1.575,1.830,2.092,2.347,2.647,2.974,3.249,3.586,3.941,4.279,4.578,4.928,5.242,5.584,5.915,6.300,6.671,7.021,7.387,7.788,8.141,8.495,8.859,9.227,9.573,9.914,
0,1,0.230,0.458,0.716,1.038,1.288,1.564,1.837,2.152,2.476,2.726,3.105,
0,1,0.047,0.363,0.642,0.981,1.349,1.635,1.954,2.299,2.625,
1,1,0.183,0.411,0.676,0.956,1.263,1.520,1.803,2.147,2.425,2.647,2.904,3.195,3.440,3.724,4.031,4.342,4.667,5.015,5.265,5.548,5.840,6.159,6.417,6.679,6.899,7.229,7.449,7.770,8.078,8.310,8.565,8.824,9.095,9.366,9.649,9.904,10.169,10.535,
1,2,0.121,0.361,0.664,0.897,1.147,1.372,1.661,1.947,2.167,2.411,2.715,2.977,3.220,3.535,3.775,3.995,4.307,4.565,4.809,5.124,5.376,5.670,5.996,
1,3,0.109,0.411,0.613,0.921,1.208,1.518,1.808,2.085,2.397,2.704,3.019,3.290,3.592,3.878,4.202,4.484,4.776,5.077,5.334,5.611,5.919,6.205,6.485,6.777,7.075,7.342,7.627,7.911,8.160,8.429,8.721,8.989,9.272,9.537,9.833,10.083,10.364,
1,4,0.230,0.523,0.811,1.110,1.420,1.721,1.952,2.274,2.524,2.853,3.125,3.416,
1,5,0.141,0.460,0.703,1.025,1.282,1.601,
1,6,0.056,0.288,0.601,0.928,
1,7,0.165,0.408,0.678,0.967,1.277,1.545,1.846,2.116,2.416,2.693,2.978,3.261,3.511,3.782,4.096,4.343,4.645,4.965,5.262,5.541,5.850,
1,8,0.102,0.405,0.702,1.012,1.262,1.559,1.856,2.146,2.453,2.775,3.059,3.348,3.659,3.953,4.224,4.514,4.795,5.098,5.353,5.654,5.932,
1,9,0.203,0.523,0.745,1.070,1.308,1.590,1.942,2.244,2.566,2.850,3.151,3.446,3.750,4.050,4.374,4.684,4.954,5.268,5.543,5.788,6.088,6.397,6.731,7.019,7.308,7.598,7.913,8.167,8.480,8.770,9.044,
1,10,0.120,0.403,0.692,0.954,1.314,1.579,1.852,2.148,2.460,2.726,3.013,3.315,3.587,3.864,4.155,4.430,4.759,5.027,5.311,5.598,5.893,6.166,6.475,6.731,7.040,7.315,7.615,7.894,8.208,8.475,8.807,9.060,9.395,9.670,9.937,10.265,
1,11,0.273,0.560,0.832,1.088,1.404,1.679,1.947,2.234,2.544,2.806,3.103,3.398,3.670,3.940,4.205,4.538,4.864,5.152,5.466,5.773,6.055,6.330,6.650,6.925,7.235,7.528,7.831,8.103,8.411,8.723,8.995,9.332,9.604,9.924,10.218,10.518,10.790,11.120,11.452,11.713,12.019,12.326,12.595,12.910,13.187,13.490,13.776,14.067,14.329,14.592,14.861,15.117,15.391,15.651,15.931,16.203,16.471,16.738,17.021,17.303,17.559,17.794,18.059,
1,12,0.212,0.484,0.704,1.012,1.276,1.583,
1,13,0.192,0.442,0.769,1.013,1.316,1.553,1.825,
1,14,0.069,0.349,0.607,0.914,1.188,1.436,1.740,1.975,2.206,2.556,2.833,3.110,3.415,3.688,4.000,4.296,4.552,4.849,5.146,5.456,5.783,
1,15,0.272,0.523,0.793,1.094,
1,16,0.229,0.514,0.799,1.059,1.396,1.663,1.925,2.218,2.478,2.799,3.111,3.320,3.597,3.839,4.114,4.360,4.677,4.922,5.196,5.462,5.762,6.046,6.316,6.556,6.866,7.146,7.421,7.713,7.943,8.247,8.552,8.830,9.116,9.397,9.657,9.909,10.165,10.449,10.709,10.941,11.264,11.476,11.702,11.957,12.240,12.487,12.765,13.029,
1,17,0.210,0.476,0.731,1.039,
1,18,0.239,0.513,0.777,1.060,1.330,1.592,1.859,2.147,2.397,2.667,2.901,3.190,
1,19,0.231,0.496,0.773,1.090,1.318,1.605,1.901,2.156,2.423,2.722,2.991,3.275,3.585,3.892,4.171,4.434,4.740,5.025,5.266,5.555,5.802,6.120,6.365,6.685,6.943,7.218,7.492,7.747,8.010,8.322,8.573,8.863,9.103,9.401,9.654,9.944,10.186,10.446,10.761,11.015,11.262,11.515,11.810,12.087,12.335,12.670,
1,20,0.056,0.324,0.559,0.829,1.106,1.373,1.654,1.922,2.210,2.481,2.776,3.028,3.338,3.621,3.858,4.185,4.438,4.707,4.987,5.272,5.546,5.863,6.102,6.441,6.720,7.036,7.312,7.604,7.922,8.207,8.556,8.818,9.116,9.428,9.689,10.013,10.289,10.579,10.903,11.174,11.431,11.763,11.983,
1,21,0.052,0.311,
1,22,0.156,0.424,0.670,0.945,
1,23,0.208,0.486,0.772,1.029,1.307,1.603,
1,24,0.066,0.384,0.663,0.975,1.271,1.555,1.850,2.135,2.446,2.726,3.018,3.357,3.635,3.909,4.192,4.484,4.854,5.136,5.417,5.685,5.977,6.334,6.589,6.893,7.213,7.496,7.793,8.080,8.388,8.686,8.979,9.271,9.568,9.874,10.138,10.469,10.735,11.026,11.317,11.667,11.889,12.208,12.475,12.751,13.026,
1,25,0.051,0.305,0.582,0.875,1.126,1.409,1.733,1.976,2.263,2.541,2.833,3.147,3.397,3.744,4.021,4.308,4.601,4.898,5.177,5.487,5.775,
1,26,0.250,0.551,0.855,1.108,1.376,1.678,2.017,2.304,2.646,2.896,3.176,3.493,3.805,4.134,4.409,4.711,5.018,5.309,5.675,5.936,6.239,6.529,6.821,7.136,7.453,7.725,8.032,8.328,8.589,8.918,9.186,9.521,9.783,10.090,10.394,10.691,10.967,11.305,11.555,11.836,12.138,12.406,12.742,
1,27,0.072,0.335,0.678,
1,28,0.187,0.442,0.690,0.982,1.267,1.576,1.901,
1,29,0.165,0.470,0.782,1.081,1.401,1.767,2.032,2.374,2.683,3.018,3.335,3.622,3.947,4.308,4.590,4.873,5.229,5.519,5.863,6.167,6.465,6.826,7.101,7.415,7.715,8.024,8.369,8.619,8.899,9.271,9.538,9.875,10.159,
1,30,0.037,0.285,0.588,0.864,
1,31,0.102,0.372,0.618,0.934,1.202,1.479,1.796,2.056,2.353,2.648,2.908,3.208,3.540,3.769,4.073,4.344,4.666,4.978,5.216,5.520,5.825,6.108,6.400,6.707,6.994,7.267,7.579,7.844,8.144,8.468,8.718,8.998,9.302,9.592,9.868,10.175,10.449,10.786,11.086,11.301,11.674,11.889,12.118,12.430,12.784,13.086,13.457,
1,32,0.231,0.471,0.826,1.094,1.395,1.695,2.026,2.332,2.645,2.915,3.262,3.571,3.854,4.167,4.556,4.896,5.201,5.513,5.788,6.100,6.397,6.688,6.998,7.281,7.606,7.928,8.265,8.562,8.812,9.161,9.441,9.772,10.092,10.406,
1,33,0.290,0.525,0.817,1.144,1.464,1.746,2.092,2.377,2.712,3.012,3.335,3.683,3.999,4.313,4.646,4.960,5.213,5.555,5.874,6.147,6.456,6.750,7.045,7.349,7.663,7.954,8.276,8.563,8.898,9.184,9.492,9.792,10.119,10.485,10.766,11.095,11.399,11.716,12.016,12.330,12.650,12.974,
1,34,0.327,0.589,0.906,1.219,1.518,1.818,2.119,2.436,2.759,3.063,
1,35,0.262,0.562,0.840,1.192,1.472,1.808,2.105,2.416,2.747,3.066,3.412,3.730,4.033,4.347,4.701,5.014,5.279,5.621,5.927,6.268,6.598,6.925,7.244,7.574,7.939,8.222,8.538,8.867,9.196,9.485,9.801,10.150,10.417,10.704,11.034,11.277,11.643,11.957,12.237,12.571,12.861,13.196,13.471,13.810,14.092,14.407,14.749,15.112,
1,36,0.064,0.422,0.640,0.907,1.209,1.524,1.751,2.058,2.391,2.648,2.943,3.237,3.541,3.796,4.064,4.342,4.614,4.895,5.196,5.436,5.686,6.029,6.276,6.559,6.809,7.093,7.403,7.643,7.911,8.179,8.432,
1,37,0.220,0.455,0.718,0.990,1.231,1.511,1.761,2.017,2.275,2.530,2.819,3.103,3.395,3.663,3.952,4.296,4.500,4.818,5.053,5.355,5.646,5.896,6.166,6.434,6.681,6.993,7.264,7.525,7.834,8.095,8.397,8.660,8.965,9.246,9.556,9.833,10.148,10.409,10.718,11.015,11.315,11.572,11.844,12.159,12.417,12.701,12.969,13.248,13.561,13.810,
1,38,0.038,0.275,0.559,0.910,1.127,1.430,1.727,1.971,2.327,2.621,2.914,3.206,3.533,3.828,4.118,4.417,4.709,5.061,5.341,5.615,5.916,6.220,6.502,6.780,7.077,7.372,7.716,7.968,8.259,8.558,8.893,9.157,9.476,9.795,10.109,10.445,10.777,11.055,11.369,11.644,11.973,12.327,12.570,12.873,13.161,13.511,13.724,14.082,14.370,14.658,15.012,15.244,15.566,15.846,16.178,16.440,16.728,17.025,17.327,17.614,17.897,18.164,18.397,18.651,18.897,19.192,19.539,19.861,20.204,20.485,20.812,21.082,21.399,21.655,21.978,22.308,22.592,22.924,23.215,23.579,23.818,24.224,24.500,24.802,25.148,25.438,25.687,25.953,26.235,26.532,26.817,27.164,27.446,27.752,28.100,28.400,28.685,28.966,29.215,29.422,29.789,30.093,30.436,30.715,30.973,31.277,31.637,31.945,
1,39,0.115,0.391,0.661,0.995,1.282,1.592,1.870,2.199,2.496,2.853,3.078,
1,40,0.308,0.571,0.838,1.193,1.447,1.811,2.151,2.479,2.796,3.087,3.369,3.681,4.049,4.320,4.610,4.922,5.206,5.516,5.820,6.106,6.420,6.710,7.024,7.321,7.621,7.946,8.222,8.582,8.887,9.194,9.498,9.788,10.170,10.541,
1,41,0.032,0.299,0.582,0.899,1.172,1.493,1.789,2.150,2.415,2.715,3.044,3.332,3.681,3.999,4.274,4.570,4.894,5.191,5.489,5.813,6.110,6.412,6.769,7.026,7.337,7.636,7.984,8.243,8.594,8.841,9.180,9.453,9.747,10.099,10.358,
1,42,0.327,0.598,0.912,1.182,1.449,1.794,
1,43,0.305,
1,44,0.182,0.461,0.739,1.036,1.326,1.624,1.928,2.206,2.492,2.783,3.085,3.351,3.642,3.952,4.226,4.520,4.804,5.108,5.430,5.682,5.969,6.285,6.570,6.852,7.147,7.519,7.859,8.166,8.527,8.815,9.102,9.398,9.689,10.085,10.425,
1,45,0.052,0.312,0.541,
1,46,0.231,0.493,0.773,1.056,1.347,1.645,1.912,2.160,2.395,2.712,3.002,3.357,3.588,3.870,4.103,4.428,4.745,5.053,5.374,5.647,
1,47,0.243,0.564,0.875,1.134,1.366,1.656,2.001,2.240,2.582,2.924,3.272,
1,48,0.117,0.417,0.726,1.059,1.398,1.685,2.026,2.292,2.606,2.971,3.300,3.616,3.902,4.266,4.577,4.899,5.248,5.533,5.833,
1,49,0.175,0.459,0.765,1.054,1.332,1.648,
1,50,0.111,0.352,0.649,0.970,1.269,1.551,1.862,2.219,2.534,2.883,3.163,3.445,3.799,4.144,4.481,4.745,5.102,5.445,5.747,6.075,6.392,6.711,7.051,7.363,7.700,8.044,8.356,8.636,8.944,9.270,9.637,9.896,10.270,10.580,10.867,11.230,11.560,11.870,12.214,12.474,12.809,
1,51,0.118,0.477,0.730,1.019,1.364,1.650,1.909,2.216,2.568,2.900,3.204,3.484,3.801,4.154,4.404,4.715,5.027,5.354,5.652,
1,52,0.030,0.303,0.563,
1,53,0.235,0.547,0.861,1.149,1.493,1.825,2.100,2.464,2.780,3.102,
1,54,0.353,0.578,0.973,1.284,1.613,1.982,2.346,2.690,3.043,
1,55,0.242,0.568,0.862,
1,56,0.234,0.532,
1,57,0.072,0.369,0.704,1.057,1.355,1.705,2.081,2.423,2.740,3.026,3.356,3.676,4.026,4.409,4.714,5.046,5.390,5.734,6.058,6.433,6.715,7.078,7.408,7.785,8.111,8.446,8.817,9.159,9.491,9.845,10.160,10.476,10.845,11.202,11.579,11.910,12.232,12.517,12.839,13.210,13.510,13.814,14.081,
1,58,0.300,0.600,0.974,1.310,1.645,
1,59,0.232,0.473,0.799,1.109,1.475,1.803,2.162,2.456,2.775,3.102,
1,60,0.220,0.483,
1,61,0.170,0.466,
1,62,0.082,0.397,0.667,0.992,1.353,1.648,1.984,2.316,2.659,2.989,3.334,3.686,4.016,4.349,4.713,5.031,5.375,5.731,6.112,6.480,6.831,7.198,7.567,7.926,8.268,8.634,8.988,9.347,9.707,10.031,10.398,10.747,11.095,11.442,11.794,12.165,12.554,12.933,13.327,
1,63,0.114,0.462,0.806,
1,64,0.239,0.530,0.901,
1,65,0.237,0.539,0.886,1.201,1.534,1.856,2.209,2.494,2.814,3.190,3.555,3.842,4.146,4.478,4.803,5.105,5.410,5.804,6.188,6.472,6.871,7.233,7.626,7.921,8.290,8.550,8.961,9.273,9.640,9.964,10.331,
1,66,0.251,0.537,0.867,1.187,1.539,1.875,2.190,2.571,2.891,3.263,3.582,3.936,4.285,4.599,4.979,5.274,5.661,6.009,6.354,6.660,7.027,7.364,7.686,8.038,8.394,8.761,9.074,9.478,9.801,10.157,10.493,10.895,11.280,11.645,11.992,
1,67,0.343,0.671,1.040,1.353,1.728,2.056,2.436,2.771,3.123,3.491,3.899,4.227,4.606,4.919,5.318,5.643,6.023,6.361,6.723,7.080,7.455,7.791,8.160,8.524,8.843,9.225,9.589,9.983,10.285,
1,68,0.125,0.471,0.783,1.108,1.473,1.780,2.140,2.464,2.814,3.140,3.469,3.841,4.194,4.538,4.824,5.230,5.606,5.892,6.300,6.624,6.954,7.269,7.649,8.002,8.343,8.675,9.039,9.393,9.703,10.045,
1,69,0.263,0.607,0.978,
1,70,0.273,0.600,0.955,1.311,1.620,1.992,2.351,2.728,3.092,3.460,3.815,4.196,4.588,4.986,5.385,5.746,
1,71,0.185,0.496,0.877,1.271,1.637,1.978,2.353,2.681,3.041,3.397,3.745,4.139,4.459,4.846,5.184,5.548,5.893,
1,72,0.088,0.396,0.751,1.102,
1,73,0.232,0.548,0.893,1.220,1.546,1.930,2.260,2.592,2.956,3.306,3.614,3.970,4.315,4.625,5.011,5.354,5.687,6.079,6.420,6.762,7.115,7.460,7.781,8.158,8.534,8.897,9.246,9.596,9.939,10.264,10.647,11.031,11.428,11.747,12.148,12.602,12.951,13.206,
1,74,0.144,0.466,0.774,1.148,1.467,1.866,2.210,2.575,2.914,3.258,3.568,3.986,4.341,4.684,5.031,5.363,5.713,
1,75,0.211,0.512,
1,76,0.266,0.572,0.912,1.267,1.593,1.953,2.326,2.661,2.983,3.354,3.726,4.053,4.385,4.768,5.102,5.417,5.818,6.169,6.554,6.905,7.251,7.594,7.932,8.270,8.577,8.921,9.320,9.659,10.039,10.388,10.737,11.031,11.427,11.778,12.074,12.495,12.809,13.217,13.562,13.968,
1,77,0.221,0.521,0.921,
1,78,0.265,0.589,0.926,
1,79,0.104,0.441,
1,80,0.248,0.568,0.870,1.197,1.535,1.934,
1,81,0.332,0.625,0.954,1.306,1.646,1.972,2.296,2.683,2.995,3.326,3.679,4.025,4.341,4.684,4.988,5.311,5.721,6.028,6.358,6.727,7.080,7.405,7.765,8.074,8.409,8.745,9.060,9.360,9.679,9.966,10.286,10.593,10.923,11.222,11.517,11.836,12.134,12.416,12.728,13.037,13.322,13.659,13.934,14.224,14.488,14.804,15.100,15.385,
1,82,0.210,0.516,
1,83,0.154,0.443,
1,84,0.208,0.525,0.844,1.179,1.493,1.839,2.208,2.553,2.892,3.197,3.583,3.878,4.264,4.561,4.923,5.260,5.571,5.944,
1,85,0.184,0.514,0.861,1.226,1.534,
1,86,0.197,0.494,0.837,1.145,1.523,1.858,2.152,2.495,2.900,3.223,
1,87,0.293,0.592,0.935,1.274,1.605,1.923,2.275,2.592,2.936,3.258,3.612,3.926,4.266,4.598,4.944,5.293,5.593,
1,88,0.241,0.593,0.912,1.287,1.648,1.935,2.299,2.599,2.978,3.269,
1,89,0.150,0.439,0.761,1.109,1.449,1.792,2.145,2.471,2.835,3.155,3.524,3.896,4.263,4.576,4.953,5.274,5.647,5.973,6.319,6.662,7.029,7.376,7.723,8.086,8.365,8.752,9.064,9.418,9.765,10.081,10.516,
1,90,0.236,0.541,
1,91,0.141,0.443,0.758,
1,92,0.323,0.627,0.970,1.284,1.650,
1,93,0.184,0.517,0.848,1.168,1.517,1.800,
1,94,0.187,0.499,0.819,1.155,1.488,1.824,2.182,2.527,2.847,3.193,3.529,3.877,4.239,4.554,4.896,5.279,5.613,5.976,6.280,6.587,6.926,7.238,7.679,7.974,8.281,8.590,8.925,9.352,9.608,9.972,10.273,10.621,10.967,11.270,11.673,11.915,12.300,12.612,12.982,
1,95,0.227,0.520,0.822,1.163,1.483,1.850,2.174,2.471,2.798,3.138,
1,96,0.298,0.618,0.949,1.286,1.617,
1,97,0.214,0.522,0.821,
1,98,0.175,0.472,0.819,1.124,1.446,1.788,2.123,2.475,2.750,3.094,
1,99,0.116,0.432,
1,100,0.046,0.341,0.664,0.995,1.312,1.634,1.917,2.268,2.635,2.989,3.291,3.597,3.889,4.248,4.593,4.964,5.329,5.665,6.052,6.387,6.817,7.190,7.553,7.870,8.228,8.551,8.901,9.294,9.655,10.029,10.376,10.732,11.079,11.371,11.776,12.111,12.429,12.823,13.174,13.523,13.823,
1,101,0.235,0.551,0.806,1.192,1.526,
1,102,0.218,0.526,0.795,1.116,1.390,1.640,2.038,2.390,2.737,3.068,3.424,3.774,4.141,4.525,4.831,5.196,5.499,5.877,6.268,6.627,7.026,7.355,7.670,8.079,8.393,8.792,9.166,9.510,9.877,10.227,
1,103,0.149,0.445,0.722,1.085,1.424,1.776,2.150,2.425,2.789,3.123,
1,104,0.260,0.542,0.924,
1,105,0.203,0.492,0.832,1.151,1.495,1.806,2.179,2.473,2.855,3.207,3.525,3.926,4.272,4.587,4.934,5.276,5.623,5.976,6.350,6.707,7.036,7.397,7.749,8.123,8.406,8.784,9.103,9.423,9.832,10.142,10.468,
1,106,0.396,0.693,1.023,1.390,1.654,2.024,2.345,2.685,3.024,3.353,3.693,4.031,4.366,4.726,5.040,5.392,5.734,
1,107,0.109,0.416,0.742,1.067,1.404,1.735,2.070,2.420,2.774,3.107,3.423,3.787,4.109,4.455,4.775,5.097,5.449,5.778,6.127,6.451,6.776,7.142,7.509,7.850,8.192,8.552,8.868,9.225,9.522,9.894,10.210,10.562,10.920,11.241,11.581,11.939,12.268,12.612,12.991,13.306,
1,108,0.189,0.523,0.890,1.210,1.563,1.850,2.205,2.536,2.891,3.205,
1,109,0.302,0.579,0.895,1.197,1.549,1.887,2.208,2.551,2.872,3.152,
1,110,0.313,0.608,0.940,1.251,1.601,1.908,2.208,2.565,2.887,3.181,3.545,3.818,4.213,4.521,4.888,5.197,5.564,5.841,6.203,6.500,6.837,7.183,7.461,7.829,8.112,8.429,8.719,
