1,1,1.000,11,0.276,0.300,2.329,3.329,5,5
1,2,5.030,39,5.672,5.692,6.418,11.448,5,10
1,3,13.149,22,3.083,3.092,3.820,16.969,5,15
1,4,18.669,20,3.083,3.091,3.771,22.441,5,20
1,5,24.142,66,10.201,10.224,11.034,35.176,5,25
1,6,36.877,12,1.604,1.625,2.435,39.312,5,30
1,7,41.021,7,0.759,0.782,1.728,42.749,5,35
1,8,44.451,120,18.128,18.161,18.906,63.358,5,40
1,9,65.059,35,5.672,5.691,6.491,71.550,5,45
1,10,73.250,11,1.604,1.618,2.447,75.698,5,50
1,11,77.399,20,3.083,3.106,3.857,81.256,5,55
1,12,82.957,34,5.672,5.685,6.277,89.234,5,60
1,13,90.935,109,18.128,18.150,18.864,109.798,5,65
1,14,111.499,106,18.128,18.162,18.897,130.396,5,70
1,15,132.099,20,3.083,3.099,3.774,135.872,5,75
1,16,137.573,10,1.604,1.626,2.293,139.866,5,80
1,17,141.567,59,10.201,10.221,10.976,152.543,5,85
1,18,154.245,33,5.672,5.681,6.303,160.548,5,90
1,19,162.248,181,32.000,32.010,32.727,194.975,5,95
1,20,196.675,3,0.276,0.285,1.116,197.791,5,100
1,21,199.493,19,3.083,3.103,3.842,203.335,5,105
1,22,205.036,100,18.128,18.153,18.828,223.864,5,110
1,23,225.566,57,10.201,10.213,10.854,236.420,5,115
1,24,238.121,57,10.201,10.213,10.851,248.972,5,120
1,25,250.673,10,0.759,0.779,2.348,253.021,5,125
1,26,254.722,10,1.604,1.616,2.363,257.085,5,130
1,27,258.786,171,32.000,32.019,32.656,291.441,5,135
1,28,293.142,94,18.128,18.155,18.740,311.882,5,140
1,29,313.582,6,0.759,0.783,1.825,315.407,5,145
1,30,317.108,17,3.083,3.094,3.748,320.856,5,150
1,31,322.557,13,0.759,0.780,3.121,325.678,5,155
1,32,327.379,55,10.201,10.214,10.939,338.318,5,160
1,33,340.019,93,18.128,18.151,18.699,358.718,5,165
1,34,360.420,11,1.604,1.618,2.491,362.911,5,170
1,35,364.612,9,1.604,1.612,2.329,366.940,5,175
1,36,368.642,31,5.672,5.685,6.326,374.968,5,180
1,37,376.669,32,5.672,5.695,6.428,383.098,5,185
1,38,384.800,6,0.759,0.783,1.478,386.277,5,190
1,39,387.979,4,0.759,0.788,1.441,389.420,5,195
1,40,391.120,29,5.672,5.684,6.269,397.390,5,200
1,41,399.091,54,10.201,10.220,10.951,410.042,5,205
1,42,411.743,3,0.276,0.302,1.074,412.817,5,210
1,43,414.519,93,18.128,18.153,18.888,433.407,5,215
1,44,435.107,160,32.000,32.014,32.619,467.727,5,220
1,45,469.429,12,1.604,1.627,2.972,472.401,5,225
1,46,474.103,3,0.276,0.289,1.119,475.221,5,230
1,47,476.922,57,10.201,10.226,10.916,487.838,5,235
1,48,489.540,18,3.083,3.094,3.762,493.302,5,240
1,49,495.019,3,0.276,0.299,1.078,496.098,5,245
1,50,497.800,2,0.276,0.286,0.921,498.721,5,250
1,51,500.423,172,32.000,32.013,32.598,533.021,5,255
1,52,534.721,0,0.759,NaN,0.500,535.222,0,255
1,53,537.223,3,0.276,0.299,1.154,538.377,5,260
1,54,540.078,5,0.759,0.778,1.520,541.598,5,265
1,55,543.299,161,32.000,32.007,32.825,576.123,5,270
1,56,577.825,18,3.083,3.100,4.036,581.861,5,275
1,57,583.561,155,32.000,32.014,32.613,616.174,5,280
1,58,617.876,151,32.000,32.015,32.736,650.612,5,285
1,59,652.314,29,5.672,5.681,6.330,658.644,5,290
1,60,660.346,3,0.276,0.300,1.095,661.441,5,295
1,61,663.142,9,1.604,1.623,2.317,665.458,5,300
1,62,667.161,92,18.128,18.164,18.708,685.868,5,305
1,63,687.571,3,0.276,0.289,1.122,688.693,5,310
1,64,690.393,27,5.672,5.687,6.392,696.785,5,315
1,65,698.487,5,0.759,0.778,1.533,700.020,5,320
1,66,701.721,151,32.000,32.010,32.625,734.346,5,325
1,67,736.047,48,10.201,10.223,10.909,746.956,5,330
1,68,748.658,54,32.000,NaN,11.213,759.871,0,330
1,69,761.873,6,0.759,0.788,1.657,763.530,5,335
1,70,765.231,31,5.672,5.684,6.454,771.686,5,340
1,71,773.387,4,10.201,NaN,1.306,774.693,0,340
1,72,776.694,16,3.083,3.092,3.785,780.479,5,345
1,73,782.180,16,3.083,3.092,3.644,785.824,5,350
1,74,787.524,39,10.201,NaN,8.137,795.662,0,350
1,75,797.664,55,10.201,10.219,11.031,808.695,5,355
1,76,810.396,29,5.672,5.690,6.342,816.738,5,360
1,77,818.438,156,32.000,32.015,32.766,851.205,5,365
1,78,852.906,89,18.128,18.157,18.863,871.769,5,370
1,79,873.470,9,1.604,1.628,2.370,875.840,5,375
1,80,877.542,52,10.201,10.212,10.877,888.419,5,380
1,81,890.121,8,1.604,1.619,2.240,892.361,5,385
2,1,1.002,0,32.000,32.007,32.577,33.579,5,390
2,2,35.583,0,18.128,18.153,18.615,54.198,5,395
2,3,56.200,0,32.000,32.019,32.592,88.792,5,400
2,4,90.795,0,5.672,5.695,6.098,96.893,5,405
2,5,98.894,0,10.201,10.218,10.729,109.623,5,410
2,6,111.626,0,0.759,0.788,1.496,113.122,5,415
2,7,115.123,0,1.604,1.626,2.084,117.207,5,420
2,8,119.208,0,10.201,NaN,1.482,120.691,0,420
2,9,122.691,0,0.276,0.294,0.624,123.316,5,425
2,10,125.318,0,5.672,5.688,6.060,131.377,5,430
2,11,133.379,0,5.672,5.680,6.185,139.565,5,435
2,12,141.565,0,3.083,3.097,3.648,145.214,5,440
2,13,147.215,0,1.604,1.615,2.123,149.339,5,445
2,14,151.342,0,1.604,1.624,2.058,153.400,5,450
2,15,155.402,0,3.083,3.100,3.655,159.057,5,455
2,16,161.058,0,10.201,10.216,10.540,171.598,5,460
2,17,173.601,0,10.201,10.213,10.716,184.316,5,465
2,18,186.318,0,3.083,3.098,3.559,189.878,5,470
2,19,191.880,0,18.128,18.146,18.774,210.654,5,475
2,20,212.657,0,0.759,0.788,1.343,214.000,5,480
2,21,216.014,0,3.083,3.100,3.587,219.601,5,485
2,22,221.604,0,32.000,32.010,32.511,254.115,5,490
2,23,256.118,0,0.276,0.297,0.735,256.853,5,495
2,24,258.855,0,0.276,0.294,0.697,259.553,5,500
2,25,261.557,0,1.604,1.628,2.054,263.611,5,505
2,26,265.612,0,0.759,0.774,1.248,266.861,5,510
2,27,268.864,0,10.201,10.212,10.647,279.511,5,515
2,28,281.513,0,32.000,32.012,32.439,313.952,5,520
2,29,315.954,0,32.000,32.021,32.535,348.489,5,525
2,30,350.492,0,10.201,10.223,12.691,363.183,5,530
2,31,365.186,0,1.604,1.615,2.150,367.336,5,535
2,32,369.337,0,5.672,5.701,6.136,375.473,5,540
2,33,377.476,0,0.276,0.296,0.712,378.188,5,545
2,34,380.191,0,0.759,0.783,1.093,381.285,5,550
2,35,383.287,0,32.000,32.021,32.464,415.750,5,555
2,36,417.752,0,3.083,3.107,3.592,421.345,5,560
2,37,423.348,0,3.083,3.098,3.541,426.889,5,565
2,38,428.891,0,0.759,0.790,1.186,430.076,5,570
2,39,432.077,0,0.276,0.288,0.679,432.756,5,575
2,40,434.759,0,18.128,18.149,18.597,453.356,5,580
2,41,455.357,0,18.128,18.161,18.682,474.039,5,585
2,42,476.043,0,1.604,1.627,2.043,478.086,5,590
2,43,480.089,0,0.276,0.299,0.681,480.770,5,595
2,44,482.772,0,10.201,10.222,10.787,493.559,5,600
2,45,495.560,0,18.128,18.161,18.528,514.088,5,605
2,46,516.091,0,10.201,10.219,10.600,526.690,5,610
2,47,528.691,0,5.672,5.689,6.158,534.849,5,615
2,48,536.851,0,0.759,0.781,1.459,538.309,5,620
2,49,540.312,0,18.128,18.163,18.597,558.910,5,625
2,50,560.911,0,0.276,0.298,0.767,561.678,5,630
2,51,563.680,0,32.000,32.012,32.472,596.153,5,635
2,52,598.155,0,0.759,0.789,1.144,599.299,5,640
2,53,601.303,0,5.672,5.679,6.065,607.368,5,645
2,54,609.372,0,32.000,32.009,32.376,641.747,5,650
2,55,643.749,0,1.604,NaN,0.642,644.391,0,650
2,56,646.395,0,32.000,32.020,32.421,678.816,5,655
2,57,680.817,0,5.672,5.685,6.204,687.021,5,660
2,58,689.022,0,18.128,18.157,18.910,707.931,5,665
2,59,709.936,0,3.083,3.096,3.558,713.494,5,670
2,60,715.498,0,5.672,5.688,6.102,721.599,5,675
2,61,723.603,0,1.604,1.617,2.061,725.665,5,680
2,62,727.667,0,18.128,18.163,18.525,746.192,5,685
2,63,748.197,0,5.672,NaN,3.558,751.755,0,685
2,64,753.758,0,1.604,1.627,2.034,755.791,5,690
2,65,757.793,0,32.000,32.009,32.411,790.203,5,695
2,66,792.206,0,0.276,0.296,5.021,797.227,5,700
2,67,799.230,0,3.083,3.094,3.460,802.690,5,705
2,68,804.691,0,0.276,0.301,0.678,805.369,5,710
2,69,807.370,0,0.276,0.290,0.641,808.011,5,715
2,70,810.012,0,0.759,0.782,1.091,811.103,5,720
2,71,813.107,0,0.759,0.789,1.091,814.198,5,725
2,72,816.200,0,5.672,5.683,6.079,822.280,5,730
2,73,824.283,0,5.672,5.687,6.091,830.374,5,735
2,74,832.378,0,0.276,0.294,0.646,833.023,5,740
2,75,835.024,0,10.201,10.220,10.678,845.702,5,745
2,76,847.705,0,10.201,10.212,10.674,858.379,5,750
2,77,860.381,0,18.128,18.162,18.719,879.101,5,755
2,78,881.102,0,3.083,3.094,3.565,884.667,5,760
2,79,886.669,0,5.672,5.681,6.149,892.818,5,765
2,80,894.821,0,3.083,3.098,3.900,898.721,5,770
3,1,1.002,0,18.128,18.157,18.525,19.527,5,775
3,2,21.530,0,0.759,0.780,1.766,23.296,5,780
3,3,25.297,0,32.000,32.013,32.405,57.703,5,785
3,4,59.706,0,0.276,0.288,0.682,60.388,5,790
3,5,62.392,0,3.083,3.106,3.536,65.928,5,795
3,6,67.931,0,18.128,18.160,18.815,86.746,5,800
3,7,88.748,0,18.128,18.152,18.521,107.269,5,805
3,8,109.270,0,5.672,5.685,6.143,115.412,5,810
3,9,117.415,0,5.672,5.693,6.364,123.779,5,815
3,10,125.782,0,0.759,0.778,1.183,126.965,5,820
3,11,128.970,0,18.128,18.150,18.565,147.534,5,825
3,12,149.535,0,0.276,0.286,0.649,150.184,5,830
3,13,152.187,0,0.759,0.785,1.057,153.244,5,835
3,14,155.245,0,1.604,1.612,2.095,157.341,5,840
3,15,159.342,0,32.000,32.015,32.557,191.900,5,845
3,16,193.904,0,3.083,3.106,3.502,197.406,5,850
3,17,199.408,0,0.276,0.287,0.726,200.134,5,855
3,18,202.135,0,0.276,0.294,0.598,202.733,5,860
3,19,204.734,0,1.604,1.613,2.117,206.851,5,865
3,20,208.854,0,0.759,0.779,1.087,209.941,5,870
3,21,211.945,0,5.672,5.691,6.156,218.101,5,875
3,22,220.104,0,0.276,0.300,0.685,220.789,5,880
3,23,222.790,0,10.201,10.221,10.795,233.584,5,885
3,24,235.586,0,5.672,5.695,6.525,242.111,5,890
3,25,244.114,0,32.000,32.017,32.435,276.548,5,895
3,26,278.549,0,5.672,5.686,6.149,284.698,5,900
3,27,286.700,0,10.201,10.224,10.608,297.307,5,905
