0,1,0.099,0.287,0.462,0.695,0.867,1.055,1.214,1.420,1.647,1.820,2.021,2.185,2.376,2.549,2.764,2.967,3.165,3.375,3.587,3.806,4.044,4.282,4.515,4.765,4.998,5.282,5.520,5.766,6.033,6.310,6.568,6.858,7.213,7.490,7.794,8.078,8.350,8.680,8.960,9.267,9.559,9.870,10.144,
0,1,0.290,0.622,0.873,1.168,1.452,1.783,2.030,2.312,2.594,2.897,3.181,3.449,3.719,3.991,4.269,4.566,4.886,5.148,5.479,5.741,6.040,6.361,6.670,7.021,7.288,7.605,7.929,8.242,8.551,8.830,9.163,9.476,9.775,10.118,
0,1,0.304,0.647,0.938,1.281,1.601,1.897,2.204,2.468,2.799,3.068,3.393,3.692,
0,1,0.035,0.346,0.635,0.958,1.275,1.550,1.847,2.155,2.444,2.735,3.019,3.299,3.610,
2,1,0.251,0.537,0.810,1.157,1.460,1.749,2.078,2.397,2.713,3.085,
2,2,0.273,0.569,0.921,1.230,1.555,1.909,2.240,2.573,2.874,3.220,3.563,3.898,4.182,4.569,
2,3,0.243,0.564,0.915,1.263,1.663,
2,4,0.294,0.680,0.988,1.347,1.685,2.018,2.348,2.663,2.977,3.339,3.647,4.019,4.325,4.644,4.977,5.269,5.638,
2,5,0.316,0.666,0.996,1.374,1.701,
2,6,0.110,0.409,0.770,1.123,1.461,1.825,2.216,2.544,2.957,3.294,3.680,4.022,4.372,4.739,5.109,5.475,
2,7,0.332,0.658,1.039,1.438,1.775,2.151,2.525,2.902,3.275,3.601,3.953,4.332,4.691,5.076,5.437,5.760,6.143,6.483,6.828,7.177,
2,8,0.419,0.783,
2,9,0.417,0.823,1.241,1.627,2.021,2.445,2.802,3.200,3.599,3.955,4.327,4.689,5.051,5.390,5.732,6.090,6.442,6.809,
2,10,0.274,0.656,1.010,1.403,1.799,2.186,2.538,2.907,3.269,
2,11,0.289,0.664,1.025,1.414,1.725,2.106,2.456,2.876,3.243,3.595,3.945,4.310,4.663,5.047,5.397,5.767,
2,12,0.373,0.699,1.089,1.500,1.869,2.249,2.605,3.011,
2,13,0.315,0.732,1.111,1.501,1.853,2.190,2.517,2.901,3.268,3.620,4.021,4.468,4.842,5.180,5.543,
2,14,0.368,0.715,1.075,
2,15,0.150,0.491,0.872,1.241,1.651,2.018,2.399,2.785,3.152,3.528,3.897,4.230,4.642,4.983,5.357,5.713,
2,16,0.304,0.645,1.022,1.401,1.725,2.086,2.455,2.807,3.184,3.566,3.929,4.313,4.701,5.078,5.447,5.799,
2,17,0.306,0.643,1.042,
2,18,0.280,0.600,0.992,1.387,1.768,2.170,2.552,2.929,
2,19,0.279,0.672,1.061,1.458,1.866,2.293,2.691,3.060,
2,20,,
2,21,0.330,0.734,1.146,1.493,1.923,2.346,2.738,3.107,3.484,3.863,4.249,4.626,5.034,5.404,5.803,6.183,6.568,
2,22,0.244,0.580,0.924,1.315,1.691,2.071,2.420,2.811,3.180,3.537,3.894,4.285,4.635,4.972,5.344,5.689,6.094,6.399,6.769,7.126,
2,23,0.260,0.668,
2,24,0.287,0.643,1.023,
2,25,0.272,0.611,
2,26,0.200,0.501,0.892,1.269,1.636,2.023,2.408,2.770,3.114,
2,27,0.184,0.525,0.935,1.325,1.695,2.076,2.445,2.831,3.224,3.604,3.975,4.351,4.708,5.092,5.442,5.818,6.204,
2,28,0.140,0.537,0.916,1.321,1.704,2.084,2.469,2.824,3.252,3.616,3.985,4.357,4.729,5.105,5.478,5.862,
2,29,0.085,0.459,0.837,1.214,1.610,1.986,2.368,2.732,3.105,3.465,3.863,4.225,4.606,4.973,5.350,5.733,6.146,
2,30,0.150,0.484,0.901,1.280,1.654,2.042,2.416,2.790,3.169,3.550,3.916,4.276,4.669,5.019,5.398,5.789,
2,31,0.290,0.607,0.964,1.328,1.790,2.185,2.532,2.982,3.399,3.766,4.169,4.541,4.961,5.330,
2,32,0.160,0.566,0.928,1.307,1.702,2.086,2.485,2.846,3.213,3.587,3.944,4.328,4.718,5.097,5.489,5.860,6.272,
2,33,0.281,0.681,1.087,1.483,1.875,2.267,2.650,3.017,3.404,3.748,4.161,4.525,4.919,5.295,5.711,6.070,6.459,6.804,7.184,7.556,7.955,8.326,8.670,9.047,9.426,9.783,10.137,
2,34,0.487,0.873,1.267,1.646,2.017,2.401,2.784,3.175,3.577,3.965,4.329,4.718,5.135,5.525,5.932,
2,35,0.233,0.627,0.988,1.365,1.749,2.123,2.501,2.894,3.288,3.692,4.085,4.471,4.865,5.289,5.622,5.993,6.409,6.779,7.196,7.560,7.927,8.274,
2,36,0.108,0.451,0.883,1.244,1.616,
2,37,0.167,0.527,0.913,1.268,1.642,2.025,2.385,2.752,3.110,3.502,3.871,4.219,4.595,4.910,5.287,
2,38,0.285,0.652,1.023,1.402,1.788,2.191,2.582,2.914,3.283,
2,39,0.092,0.462,0.848,1.210,1.572,
2,40,0.208,0.590,0.939,1.326,1.682,2.044,2.404,2.768,3.162,
2,41,0.289,
2,42,0.197,0.535,0.899,1.281,1.611,1.985,2.403,2.740,3.100,3.427,3.806,4.151,4.501,4.996,5.349,5.735,6.094,
2,43,0.274,0.616,0.985,1.352,1.738,2.105,2.474,2.892,3.227,
2,44,0.295,0.647,1.041,1.468,1.898,2.372,2.792,3.200,3.540,3.932,4.371,4.770,5.149,
2,45,0.241,0.611,0.977,1.359,1.706,
2,46,0.328,0.677,1.022,1.397,1.764,2.151,2.500,2.894,3.287,3.620,4.018,4.395,4.762,5.145,5.495,5.866,6.234,6.577,6.945,7.295,
2,47,0.061,0.428,0.768,1.135,1.492,1.844,2.250,2.626,2.974,3.347,3.699,4.049,4.375,4.724,5.079,
2,48,0.287,0.656,1.025,1.405,1.803,2.183,2.583,2.976,3.352,3.774,4.199,4.578,5.019,5.401,5.848,6.314,
2,49,0.158,0.513,
2,50,0.167,0.517,0.837,1.157,1.517,
2,51,0.266,0.626,
2,52,0.153,0.517,0.872,1.207,1.557,1.908,2.271,2.681,3.040,3.417,3.791,4.125,4.482,4.867,5.289,5.677,6.033,6.372,
2,53,0.369,0.718,1.088,1.435,1.791,2.148,2.537,2.868,3.266,3.618,3.987,4.354,4.766,5.162,5.539,5.917,6.294,6.654,
2,54,0.146,0.516,0.913,1.263,1.654,2.035,2.397,2.752,3.151,3.514,3.975,4.333,4.711,5.114,5.490,5.923,6.302,6.703,7.107,7.516,7.917,8.339,8.701,9.105,9.495,9.900,10.232,10.651,10.979,11.353,11.768,12.106,12.502,12.888,13.293,13.679,14.084,
2,55,0.099,0.442,0.833,1.248,1.651,
2,56,0.286,0.652,0.991,1.316,1.716,2.050,2.406,2.780,3.150,3.520,3.900,4.287,4.651,
2,57,0.188,0.579,
2,58,0.317,0.688,
2,59,0.220,0.597,0.946,1.310,1.687,2.063,2.432,2.818,3.217,3.605,4.015,4.409,
2,60,0.389,
2,61,0.231,0.615,0.962,1.330,1.690,2.098,2.479,2.858,3.220,3.599,3.985,
2,62,0.093,0.465,0.865,1.183,1.542,1.912,2.315,2.723,3.177,
2,63,0.082,0.488,0.820,1.187,1.561,1.993,2.352,2.746,3.142,3.525,3.938,4.293,4.696,5.070,5.444,5.820,
2,64,0.303,0.683,1.050,1.417,1.807,2.165,2.563,2.949,3.354,3.807,4.195,4.607,5.028,5.423,5.808,6.227,6.614,6.992,7.393,7.776,8.210,8.643,8.983,9.360,9.784,10.144,10.477,10.841,11.239,11.667,12.087,12.500,12.950,13.395,13.799,14.212,14.619,14.996,15.406,15.808,16.208,16.592,16.969,17.337,17.700,18.077,18.434,18.805,19.215,19.581,
2,65,0.237,0.592,0.964,1.333,1.687,2.066,2.411,2.771,3.123,3.494,3.863,4.237,4.602,4.955,
2,66,0.263,0.590,0.967,1.329,1.691,
2,67,0.039,0.395,0.775,1.120,1.484,1.873,
2,68,0.100,0.474,0.843,
2,69,0.273,0.617,0.964,1.326,1.703,
2,70,0.198,0.575,0.932,1.311,1.672,2.059,2.447,2.802,3.212,
2,71,0.272,0.672,1.069,
2,72,0.301,
2,73,0.267,
2,74,0.214,0.586,0.971,1.374,1.696,2.027,2.418,2.774,3.125,
2,75,0.181,0.556,0.891,1.275,1.625,
2,76,0.212,0.587,0.948,1.326,1.670,2.074,2.437,2.829,
2,77,0.348,0.813,1.244,1.609,1.997,2.440,2.891,3.225,3.583,4.025,4.358,4.804,5.179,5.574,5.937,
2,78,0.156,0.494,0.853,1.186,1.550,1.919,2.274,2.641,3.000,3.391,3.700,4.100,4.448,4.892,
2,79,0.172,0.602,0.968,1.331,1.719,2.083,2.481,2.841,3.176,3.550,3.970,4.444,
2,80,0.275,0.610,0.982,
2,81,0.166,0.496,0.836,1.168,1.525,1.844,2.193,2.589,2.936,3.291,3.662,4.055,4.454,
2,82,0.079,0.455,
2,83,0.280,0.634,0.977,
2,84,0.165,0.499,0.838,
2,85,0.210,0.542,0.914,1.282,1.652,
2,86,0.296,0.650,1.017,1.357,1.707,2.069,2.428,2.831,3.183,3.555,3.888,4.269,
2,87,0.091,0.471,0.835,1.189,1.582,1.929,2.298,2.650,3.017,
2,88,0.177,0.517,0.870,1.221,1.567,1.964,2.302,
2,89,0.336,0.791,1.155,1.515,1.899,2.266,2.618,3.002,3.453,3.840,4.267,
2,90,0.037,0.400,0.707,1.050,1.420,1.767,2.161,2.518,2.872,3.217,3.543,3.907,4.269,
2,91,0.150,0.497,0.847,1.231,1.588,1.978,2.351,2.802,3.178,3.590,3.967,
2,92,0.250,0.578,0.961,
2,93,0.127,0.479,0.822,1.176,1.553,1.890,2.295,2.672,3.058,3.439,3.796,4.115,4.469,4.858,
2,94,0.169,0.516,
2,95,0.089,0.439,0.789,1.150,1.517,1.833,2.173,2.544,2.911,3.352,3.720,
2,96,0.171,0.497,0.851,1.183,1.546,1.900,2.250,2.654,3.024,
2,97,0.320,
2,98,0.158,0.551,0.901,1.268,1.635,1.987,2.373,2.749,3.135,3.487,3.852,4.243,
2,99,0.094,0.488,0.858,1.260,1.644,
2,100,0.233,0.626,0.979,1.327,1.705,
2,101,0.146,0.510,0.893,1.200,1.563,1.911,2.302,2.615,2.992,3.353,3.720,4.069,4.432,4.800,
2,102,0.280,0.652,1.022,1.399,1.762,2.146,2.519,2.896,3.309,3.711,4.079,4.455,4.833,5.147,5.490,
2,103,0.274,0.621,0.974,
2,104,0.243,0.600,0.940,1.319,1.690,2.101,2.448,2.795,3.126,3.499,3.869,4.231,4.585,4.951,5.311,5.693,
2,105,0.025,0.436,0.899,1.298,1.677,2.077,2.447,2.863,3.248,
2,106,0.289,0.655,1.012,1.424,1.824,2.236,2.619,2.987,
2,107,0.227,0.640,0.912,1.340,1.719,2.141,2.553,2.945,3.391,3.778,
2,108,0.297,0.663,1.032,1.458,1.841,
2,109,0.400,0.774,1.154,1.490,1.838,2.181,2.532,2.913,3.278,3.625,4.002,4.336,4.688,5.042,
2,110,0.071,0.458,0.811,1.187,1.564,1.967,2.370,2.740,3.143,3.536,3.893,4.246,4.615,
2,111,0.304,0.674,1.048,1.402,1.778,2.145,2.515,2.902,3.269,3.646,4.013,4.396,4.763,
2,112,0.172,0.549,0.918,1.311,1.665,2.106,2.479,2.843,3.225,3.587,3.963,4.310,4.717,5.076,5.439,5.804,
2,113,0.171,0.561,0.958,1.316,1.693,2.076,2.453,2.812,3.199,3.574,3.952,4.346,4.685,
2,114,0.296,0.684,1.080,1.461,1.854,2.248,2.651,3.028,
2,115,0.273,0.625,0.975,1.351,1.720,2.089,2.445,2.815,3.193,3.544,3.894,4.278,
2,116,0.147,0.484,0.833,1.205,1.581,
2,117,0.152,0.522,0.875,
2,118,0.122,0.517,0.865,1.226,1.617,1.985,2.365,2.749,3.145,3.528,3.952,4.300,4.699,5.068,
2,119,0.277,0.646,0.960,1.346,1.718,2.065,2.474,2.840,3.245,3.677,4.066,4.451,4.811,5.178,5.520,5.899,6.241,
2,120,0.080,0.415,
2,121,0.115,0.480,
2,122,0.118,0.493,0.865,1.221,1.591,
2,123,0.163,0.528,
2,124,0.147,0.497,0.864,1.198,1.568,1.937,2.279,2.684,2.983,3.371,3.680,4.025,4.357,4.659,5.002,5.359,5.738,
2,125,0.164,0.536,
2,126,0.189,0.552,0.957,1.331,1.718,2.109,2.496,2.907,3.309,3.721,4.115,4.524,4.913,5.294,5.689,6.086,
2,127,0.220,0.619,1.022,
2,128,0.033,0.446,0.796,1.190,1.568,1.995,2.427,2.894,3.244,
2,129,0.300,0.706,1.157,1.539,
2,130,0.431,
2,131,0.235,0.721,1.096,1.438,
2,132,0.049,0.433,0.827,1.154,1.514,1.904,2.294,2.665,3.043,
2,133,0.225,0.607,0.955,1.334,1.691,2.075,2.453,2.820,3.226,3.602,3.992,4.363,4.772,5.108,5.526,5.923,6.306,
2,134,0.328,0.657,1.066,1.434,1.908,2.321,
2,135,0.364,0.722,1.103,1.460,1.840,2.213,2.614,3.002,3.354,3.726,4.079,4.445,4.795,5.163,5.538,5.923,6.307,6.676,7.023,7.406,7.766,8.143,8.532,
2,136,0.080,0.479,0.861,1.221,1.617,1.971,2.353,2.717,3.116,
2,137,0.429,0.783,
2,138,0.091,0.454,0.808,1.174,1.548,1.917,2.279,2.655,3.041,3.437,3.811,4.188,4.591,4.972,5.314,5.702,
2,139,0.296,0.661,1.055,
2,140,0.237,0.608,0.983,1.344,1.738,2.100,2.462,2.835,3.210,3.586,3.978,4.358,4.724,5.093,
2,141,0.120,0.519,0.899,
2,142,0.035,0.370,0.735,1.148,1.499,1.865,2.236,2.603,2.953,3.304,
2,143,0.153,0.502,0.859,1.196,1.568,1.937,2.317,2.682,3.029,3.404,3.768,4.117,4.482,4.824,5.188,5.574,5.937,6.291,6.674,7.053,7.551,
2,144,0.064,0.426,0.809,1.178,1.567,1.931,2.294,2.660,3.019,3.385,3.738,4.097,4.468,
2,145,0.090,0.442,0.835,1.187,1.518,1.887,
2,146,0.289,0.653,1.060,1.470,1.846,2.219,2.599,2.965,3.319,3.633,3.969,4.332,4.695,5.043,5.398,5.777,6.134,6.491,
2,147,0.224,0.569,0.921,1.275,1.588,1.943,2.310,2.646,3.026,3.361,3.725,4.078,4.459,4.798,5.161,5.513,5.894,6.225,6.597,6.953,7.307,
2,148,0.052,0.407,0.771,
2,149,0.247,0.608,0.978,1.331,1.663,2.078,2.569,2.984,3.351,3.703,4.062,4.414,4.796,5.154,5.534,5.874,6.230,6.556,6.902,
2,150,0.343,
2,151,0.272,
2,152,0.048,0.396,0.733,1.085,1.447,1.814,2.173,2.525,
