0,1,0.264,0.461,0.664,0.897,1.116,1.332,1.546,1.764,1.944,2.151,2.376,2.602,2.811,3.027,3.219,3.430,3.649,3.829,4.019,4.225,4.414,4.586,4.773,4.943,5.149,5.351,5.561,5.766,5.953,6.150,6.335,6.551,6.748,6.976,7.190,7.374,7.573,7.767,7.980,8.185,8.401,8.612,8.826,9.018,9.193,9.394,9.590,9.788,10.018,10.198,10.388,10.580,
0,1,0.146,0.328,0.498,0.666,0.836,1.018,1.181,1.361,1.553,1.749,1.939,2.135,2.308,2.498,2.682,2.888,3.094,3.283,3.473,3.696,3.904,4.105,4.278,4.446,4.645,4.831,5.047,5.270,5.447,5.637,5.821,6.020,6.208,6.401,6.611,6.818,7.021,7.239,7.461,7.664,7.859,8.063,8.271,8.459,8.665,8.869,9.058,9.246,9.438,9.624,9.809,10.000,10.195,
0,1,0.088,0.291,0.493,0.681,0.884,1.074,1.271,1.485,1.698,1.902,2.089,2.310,2.624,2.852,3.029,3.308,3.541,3.799,4.055,4.305,4.627,
0,1,0.207,0.409,0.615,
1,1,0.029,0.224,0.396,0.566,0.763,0.948,1.168,1.457,1.656,1.833,2.024,2.214,2.407,2.584,2.781,2.972,3.162,3.362,
1,2,0.060,0.229,0.404,0.578,0.767,0.928,1.104,
1,3,0.062,0.236,0.421,0.603,0.778,0.963,
1,4,0.076,0.263,0.430,0.616,0.784,0.980,1.153,1.338,1.513,1.693,1.897,2.064,2.243,2.422,2.604,2.791,2.981,3.147,3.323,3.500,3.689,3.898,4.085,4.271,4.447,4.615,4.789,4.962,5.148,5.315,5.515,5.697,5.899,
1,5,0.076,0.252,0.422,0.599,0.776,0.955,1.150,1.301,1.478,1.654,1.830,2.020,2.202,2.391,2.571,2.767,2.942,3.139,3.321,3.518,3.690,3.885,4.074,4.251,4.429,4.615,4.805,4.997,5.190,5.412,5.616,5.791,5.979,6.208,6.400,6.580,6.784,7.019,7.248,7.451,
1,6,0.204,0.412,0.612,0.816,1.020,1.209,1.398,1.590,1.785,1.970,2.168,2.353,2.542,2.728,2.920,3.111,3.305,3.521,3.695,3.897,4.090,4.281,4.479,4.672,4.864,5.056,5.251,5.444,5.638,5.820,6.000,6.188,6.389,6.561,6.741,6.922,7.102,7.290,7.485,7.685,7.867,8.057,8.273,8.457,8.655,8.864,9.064,9.274,9.476,9.665,9.859,10.058,10.274,10.469,10.668,10.854,11.056,11.246,11.462,11.668,11.870,12.064,12.275,12.453,12.652,12.846,13.038,13.230,13.417,13.642,13.851,14.031,
1,7,0.170,0.362,0.543,0.726,0.922,1.143,1.306,1.497,1.695,1.921,2.121,2.335,2.552,2.765,2.977,3.183,
1,8,0.189,0.391,0.576,0.767,0.957,1.151,1.336,1.532,1.740,1.918,2.110,2.299,2.496,2.681,2.885,3.085,3.285,3.482,3.676,3.869,4.065,4.247,4.444,4.640,4.832,5.026,5.211,5.414,5.612,5.799,5.981,6.162,6.360,6.554,6.739,6.886,
1,9,0.161,0.333,0.517,0.678,0.899,1.084,1.268,1.438,1.634,1.821,2.021,2.218,2.415,2.613,2.805,3.018,3.207,3.401,3.602,3.809,4.001,4.204,4.415,4.602,4.794,4.983,5.186,5.393,5.603,5.789,5.998,
1,10,0.037,0.221,0.407,0.589,0.805,
1,11,0.148,0.322,0.515,
1,12,0.036,0.238,0.419,0.604,0.791,0.973,1.160,1.347,1.533,1.725,1.920,2.117,2.299,2.489,2.684,2.870,3.059,3.251,3.440,3.634,3.834,4.035,4.232,4.414,4.608,4.820,4.990,5.172,5.369,5.575,5.784,6.019,6.216,6.441,6.667,6.886,7.095,7.302,7.520,7.709,7.917,8.125,8.341,8.540,8.728,8.942,9.137,9.344,9.550,9.771,9.955,10.158,10.358,10.567,10.771,10.968,
1,13,0.096,0.288,0.483,0.679,0.869,1.066,1.269,1.458,1.658,
1,14,0.150,0.333,0.524,0.715,0.901,1.094,1.270,1.458,1.651,1.846,2.053,2.242,2.449,2.651,2.844,3.064,
1,15,0.113,0.302,0.485,0.660,
1,16,0.135,0.318,0.519,0.703,0.898,1.080,1.276,1.462,1.668,1.868,2.054,2.270,2.474,2.684,2.896,
1,17,0.208,0.414,0.640,0.839,1.048,1.250,1.459,1.670,1.891,2.090,2.306,2.524,2.724,2.911,3.107,3.321,3.530,3.737,3.948,4.164,4.370,4.574,
1,18,0.050,0.267,0.445,0.653,0.847,1.044,1.241,1.435,1.651,1.837,2.039,2.236,2.445,2.651,2.860,3.064,3.271,3.473,3.674,3.885,4.094,4.310,4.528,4.752,4.938,5.160,5.386,5.587,5.789,
1,19,0.029,0.219,0.411,0.599,0.801,0.994,1.180,1.365,1.562,1.763,1.941,2.147,2.330,2.514,2.698,2.897,3.074,3.274,3.461,3.654,3.854,4.048,4.251,4.441,4.648,4.825,5.030,5.216,5.410,5.591,5.782,5.960,6.149,6.329,6.522,6.720,6.923,7.096,7.283,7.459,7.649,7.832,8.016,8.196,8.377,8.560,8.741,8.939,9.124,9.316,9.502,9.704,9.906,10.099,10.284,10.476,10.673,10.884,11.074,11.268,11.452,11.651,11.833,12.035,12.233,12.441,12.637,12.871,13.114,13.332,13.548,13.769,13.956,14.150,14.345,14.556,14.753,14.940,15.136,15.353,15.544,15.770,15.947,16.148,16.350,16.552,16.770,16.969,17.175,17.387,17.589,17.808,18.031,18.241,18.458,
1,20,0.093,0.294,0.480,0.661,0.850,
1,21,0.184,0.392,0.572,0.776,0.951,1.149,1.349,1.544,1.743,1.925,2.121,2.316,2.527,2.721,2.925,3.127,3.330,3.513,3.720,
1,22,0.206,0.398,0.590,0.784,0.971,1.167,1.357,1.559,1.772,1.965,2.168,2.356,2.562,2.773,2.965,3.172,3.390,3.586,3.795,4.023,4.218,4.436,4.640,4.848,5.053,5.274,5.481,5.692,5.903,6.108,6.312,6.525,6.727,6.935,
1,23,0.039,0.253,0.461,
1,24,0.085,0.286,0.480,0.688,0.877,
1,25,0.033,0.241,0.437,0.623,0.820,1.020,1.212,1.410,1.588,1.794,
1,26,0.140,0.328,0.523,0.711,0.899,1.094,1.292,1.492,1.694,
1,27,0.156,0.358,0.546,0.744,0.948,1.156,1.351,1.543,1.742,1.946,2.147,2.350,2.552,2.764,2.959,3.167,3.366,3.561,
1,28,0.051,0.270,0.445,0.651,0.853,1.062,
1,29,0.147,0.338,0.535,0.729,0.916,1.108,1.297,1.496,1.698,1.892,2.109,2.290,2.489,2.691,2.909,3.109,3.301,
1,30,0.205,0.408,0.606,0.797,1.023,1.215,1.426,1.640,1.815,
1,31,0.110,0.311,0.525,0.712,0.918,1.123,1.314,1.525,1.693,1.892,2.065,2.259,2.436,2.642,2.844,3.053,3.250,3.459,3.653,3.857,4.068,4.287,4.496,4.697,4.913,5.127,5.331,5.541,5.761,5.953,6.144,6.341,6.547,6.749,6.933,7.125,7.305,
1,32,0.200,0.399,0.588,0.793,0.992,1.189,1.390,1.570,1.773,1.957,2.165,2.359,2.563,2.774,2.981,3.182,3.391,3.590,3.791,3.969,4.183,4.391,4.600,4.798,5.025,5.220,5.421,5.613,5.829,
1,33,0.194,0.395,0.577,0.765,0.961,1.158,1.350,1.539,1.746,1.937,
1,34,0.054,0.249,0.432,0.615,0.809,0.999,1.194,1.392,1.555,1.749,1.934,2.114,2.310,2.526,2.711,2.914,3.099,3.283,3.485,3.662,3.867,4.058,4.260,4.442,4.625,4.818,
1,35,0.110,0.319,0.525,0.717,0.916,1.116,1.336,1.540,1.764,1.978,2.192,2.403,2.609,2.816,3.027,3.231,3.450,3.678,3.893,4.108,4.333,4.541,4.751,4.974,5.186,5.394,5.596,5.800,6.011,6.215,6.424,
1,36,0.175,0.387,0.587,0.788,0.990,1.190,1.397,1.602,1.813,2.021,2.221,2.421,2.617,2.812,3.022,3.225,3.424,3.639,3.836,4.035,4.233,4.438,4.639,4.802,5.023,5.217,5.417,5.621,5.839,6.050,6.273,6.460,6.668,6.874,7.090,7.291,7.524,7.731,7.959,8.170,8.391,8.581,8.781,8.986,9.189,9.392,9.591,9.787,9.990,10.166,
1,37,0.187,0.391,0.589,0.789,0.996,1.207,1.395,1.579,1.795,1.989,2.195,2.392,2.596,2.800,3.026,3.203,3.412,3.609,3.813,4.009,4.209,4.422,4.643,4.862,5.061,5.262,5.481,5.670,5.872,6.065,6.260,6.452,6.644,6.841,7.047,7.261,7.453,7.654,7.863,8.079,8.280,8.485,8.695,8.895,9.100,9.299,9.518,9.720,9.935,10.146,10.340,
1,38,0.125,0.315,0.500,0.674,0.839,1.016,1.193,
1,39,0.214,0.401,0.588,
1,40,0.053,0.251,0.445,0.646,0.884,1.083,1.280,1.482,1.676,1.875,2.097,2.268,2.453,2.640,2.839,3.045,3.247,3.449,3.650,3.835,4.041,4.240,4.439,4.636,4.838,5.044,5.245,5.449,5.645,5.851,
1,41,0.187,0.391,0.596,0.799,1.018,
1,42,0.150,0.342,0.531,0.729,0.927,1.122,1.296,1.496,1.691,1.901,2.085,2.274,2.472,2.657,2.861,3.059,3.268,3.470,3.656,3.846,4.030,4.222,4.422,4.611,4.796,4.989,5.191,5.385,5.565,5.769,5.956,6.159,6.377,6.590,
1,43,0.192,0.407,0.605,0.798,1.012,1.207,1.413,1.649,1.850,
1,44,0.147,0.343,0.547,
1,45,0.084,0.295,0.491,0.692,0.900,1.085,1.286,1.488,1.685,1.871,
1,46,0.101,0.300,0.491,0.694,0.902,1.111,1.296,1.490,1.701,1.913,2.146,2.354,2.561,2.771,2.962,3.153,3.343,3.553,3.763,3.962,4.190,4.397,4.594,4.794,5.002,5.201,5.404,5.594,5.810,
1,47,0.036,0.227,0.412,0.593,0.773,0.939,1.116,1.299,1.481,1.680,1.906,2.123,2.356,2.586,2.832,3.060,3.271,3.453,3.652,3.852,4.036,4.247,4.462,4.680,4.864,5.052,5.239,5.430,5.610,5.821,6.022,6.215,6.428,6.610,6.802,6.994,7.205,7.390,
1,48,0.036,0.232,0.430,0.625,0.817,1.017,1.204,1.393,1.587,1.778,
1,49,0.104,0.318,0.522,0.701,0.889,1.102,
1,50,0.212,0.401,0.597,0.783,0.967,1.159,1.355,1.544,1.727,1.911,2.104,2.288,2.468,2.666,2.857,3.038,3.225,3.401,3.607,3.799,3.999,4.207,4.399,4.588,4.772,4.938,5.111,5.295,5.475,5.646,5.853,6.043,6.249,6.449,6.640,6.842,7.050,7.229,7.415,7.599,7.780,7.949,8.141,8.308,8.524,8.704,8.898,9.076,9.274,9.454,9.648,9.828,10.025,10.225,10.404,
1,51,0.053,0.240,0.434,0.612,
1,52,0.137,0.334,0.528,0.718,0.910,1.080,1.271,1.469,1.670,1.867,2.053,2.272,2.445,2.639,2.814,3.025,3.214,
1,53,0.040,0.236,0.439,0.641,0.825,1.027,1.229,1.428,1.617,1.821,2.035,2.251,2.445,2.642,2.831,3.025,3.208,
1,54,0.033,0.225,0.435,0.638,0.855,1.063,1.284,1.493,1.702,1.904,2.115,2.311,2.518,2.721,2.921,3.127,3.351,3.558,3.768,3.978,4.179,4.366,4.635,4.813,4.996,5.191,5.366,5.575,5.745,5.946,6.149,6.345,6.551,6.770,6.944,7.148,7.331,7.534,7.738,7.947,8.152,8.353,8.550,8.747,8.938,9.127,9.317,9.496,9.676,9.888,10.065,10.251,10.446,
1,55,0.181,0.371,0.560,0.748,0.939,1.119,1.301,1.466,1.653,1.823,2.001,2.182,2.360,2.539,2.729,2.916,3.123,3.306,3.498,3.685,3.894,
1,56,0.206,0.400,0.568,0.743,0.932,1.104,1.289,1.471,1.658,1.843,2.037,2.226,2.416,2.613,2.802,2.985,3.191,3.403,3.606,3.795,3.985,4.174,4.365,4.563,4.769,4.946,5.150,5.332,5.566,5.769,5.950,6.155,6.357,6.569,6.746,6.939,7.146,7.339,7.520,7.711,7.906,8.096,8.277,8.458,8.649,
1,57,0.075,0.275,0.463,
1,58,0.192,0.391,0.560,0.741,0.940,1.117,1.285,1.475,1.661,1.819,2.008,2.188,2.392,2.572,2.775,2.919,3.111,3.303,3.493,3.679,3.864,4.038,4.218,4.426,4.609,4.777,4.978,5.165,5.360,5.565,5.763,5.954,6.144,6.321,6.510,6.700,6.894,7.085,7.277,7.456,7.644,7.856,8.025,8.207,8.374,8.564,8.762,8.949,9.112,9.303,9.499,9.680,9.874,10.049,10.241,10.429,
1,59,0.232,0.416,0.604,0.779,0.958,1.150,1.320,1.495,1.674,1.856,2.028,2.210,2.400,2.561,2.749,2.936,3.151,3.307,3.486,
1,60,0.171,0.352,0.539,0.723,0.901,1.114,1.287,1.479,1.663,1.859,2.049,2.236,2.421,2.615,2.814,2.991,3.168,3.363,3.564,3.785,3.987,4.171,4.354,4.554,4.744,4.944,5.150,5.337,5.526,5.728,5.934,6.150,6.342,6.534,6.724,6.918,7.117,7.296,7.484,7.678,7.875,8.085,8.278,8.477,8.678,8.852,9.050,9.248,9.444,9.656,9.844,10.046,10.240,10.427,10.621,10.810,11.019,11.207,11.414,11.626,11.823,12.026,12.223,12.428,12.636,12.826,13.020,13.215,13.428,13.637,13.838,14.027,14.241,14.431,14.637,14.827,15.031,15.242,15.450,15.644,15.849,16.048,16.242,16.442,16.653,16.862,17.078,17.284,17.498,17.704,17.906,18.110,18.324,18.532,18.748,18.958,19.146,19.358,19.564,19.786,20.023,20.227,20.464,20.692,20.922,21.198,
1,61,0.041,0.238,0.419,0.621,0.811,0.998,1.179,1.352,1.547,1.734,1.922,2.108,2.297,2.481,2.666,2.846,3.038,3.233,
1,62,0.077,0.271,0.460,0.642,0.824,1.009,1.200,1.393,1.583,1.772,1.942,2.127,2.323,2.512,2.714,2.897,3.085,3.286,3.474,3.671,3.865,4.059,4.261,4.440,4.644,4.821,
1,63,0.179,0.369,0.556,0.725,0.912,1.102,1.303,1.493,1.668,1.860,2.042,2.230,2.423,2.621,2.817,2.993,3.198,
1,64,0.107,0.300,0.480,0.654,0.838,1.023,1.183,
1,65,0.122,0.314,0.495,0.688,0.889,1.061,1.273,1.441,1.640,1.824,2.023,2.186,2.369,2.557,2.748,2.941,3.140,3.326,3.524,3.710,3.929,4.160,
1,66,0.116,0.311,0.498,0.699,0.898,1.088,1.275,1.456,1.648,1.836,
1,67,0.178,0.364,0.560,0.762,0.949,1.146,1.330,1.516,1.722,1.916,2.122,2.285,2.497,2.708,2.908,3.116,
1,68,0.120,0.295,0.512,0.689,0.870,1.056,1.262,1.440,1.622,1.808,1.998,2.193,2.396,2.583,2.790,2.984,3.203,3.377,3.571,3.764,3.955,4.162,4.356,4.546,4.738,4.929,5.124,5.306,5.502,5.688,5.898,
1,69,0.210,0.399,0.584,0.776,0.972,1.162,1.373,1.554,1.749,1.931,2.150,2.342,2.520,2.750,2.934,3.143,3.343,3.532,3.750,3.940,4.120,4.316,4.517,4.705,4.896,5.103,5.297,5.518,5.698,5.894,
1,70,0.227,0.422,0.616,0.810,0.998,1.174,1.390,1.568,1.774,1.960,2.151,2.345,2.528,2.704,2.903,3.100,3.281,3.469,3.665,3.858,4.037,4.244,4.448,4.659,4.856,5.057,5.275,5.475,5.692,5.892,
1,71,0.096,0.296,0.486,0.681,0.871,1.068,
1,72,0.103,0.305,0.514,0.696,0.907,1.100,1.293,1.498,1.696,1.915,2.148,2.335,2.553,2.765,2.969,3.173,3.399,3.591,3.800,3.994,
1,73,0.078,0.272,0.442,0.638,0.803,1.022,1.176,1.372,1.561,1.734,1.940,2.139,2.323,2.535,2.725,2.916,3.124,3.324,3.523,3.698,3.902,4.094,
1,74,0.109,0.316,0.495,0.685,0.871,1.066,1.263,1.479,1.666,1.853,2.025,2.207,2.397,2.591,2.781,2.975,3.169,3.362,
1,75,0.214,0.398,0.585,0.767,0.946,1.150,1.318,1.500,1.677,1.864,2.049,2.249,2.440,2.651,2.843,3.047,3.247,3.441,3.658,3.862,4.060,4.278,4.485,4.679,4.869,
1,76,0.157,0.351,0.548,0.752,0.973,1.165,1.369,1.556,1.764,1.959,2.158,2.347,2.539,2.731,2.926,3.104,3.311,3.491,3.680,3.899,4.090,
1,77,0.055,0.252,0.440,0.641,
1,78,0.204,0.391,0.574,0.768,0.957,1.122,1.300,1.501,1.685,1.885,2.070,2.268,2.460,2.651,2.842,3.031,3.222,3.415,
1,79,0.193,0.399,0.613,0.825,1.072,1.271,1.521,1.723,1.934,2.189,2.392,2.595,2.789,2.979,3.179,3.389,3.571,3.772,3.952,4.146,4.348,4.542,4.729,4.936,5.140,5.297,
1,80,0.201,0.409,0.599,0.788,0.973,1.160,1.362,1.558,1.767,
1,81,0.033,0.224,0.420,0.614,0.800,0.994,
1,82,0.204,0.399,0.572,0.766,0.954,1.149,1.303,1.487,1.676,1.868,2.048,2.231,2.412,
1,83,0.207,0.398,0.586,0.788,0.955,1.152,1.345,1.541,1.731,1.929,2.138,2.338,2.522,2.709,2.919,3.114,3.294,
1,84,0.124,0.320,0.512,0.689,0.870,1.060,1.248,1.445,1.619,1.826,2.025,2.208,2.406,2.607,2.813,3.013,3.223,3.414,3.647,3.830,4.036,4.264,4.444,4.665,
1,85,0.039,0.250,0.438,0.649,0.817,1.016,1.186,1.399,1.589,1.796,1.992,2.174,2.400,2.570,2.748,2.937,3.150,3.330,
1,86,0.043,0.246,0.428,0.613,0.802,0.989,1.183,1.387,1.564,1.771,1.948,2.161,2.349,2.545,2.740,2.934,3.138,3.347,3.548,3.772,3.946,4.139,4.338,4.542,4.740,4.928,5.139,5.321,5.523,5.705,5.893,6.094,6.288,6.495,6.703,6.905,7.106,7.298,7.524,7.701,7.910,8.114,8.323,8.541,8.731,8.936,9.141,9.323,9.541,9.739,9.932,10.154,10.341,10.554,10.766,10.982,11.178,11.402,11.596,11.812,11.993,12.201,12.415,12.649,12.877,13.075,13.282,
1,87,0.334,0.512,0.694,0.908,1.127,1.330,1.538,1.763,1.952,2.158,2.357,2.572,2.783,3.002,3.200,3.403,3.603,3.814,4.014,4.227,4.434,4.647,4.869,5.085,5.291,5.514,5.733,5.939,6.148,6.316,6.566,6.765,6.984,7.194,7.399,7.613,7.821,8.025,8.239,8.443,8.664,8.877,9.101,9.308,9.533,9.773,9.993,10.217,10.422,
1,88,0.027,0.229,0.416,0.609,0.784,0.972,1.151,1.336,1.522,1.713,1.894,2.079,2.261,2.466,2.662,2.844,3.020,3.218,3.420,3.618,3.803,3.976,4.167,4.351,4.561,4.743,4.918,5.094,5.291,5.498,5.688,5.896,6.071,6.263,6.438,6.625,6.824,7.014,7.196,7.374,7.565,7.764,7.949,8.147,8.341,8.537,8.723,8.922,
1,89,0.032,0.242,0.434,0.611,0.803,1.014,1.216,1.434,1.643,1.830,2.020,2.208,2.393,2.571,2.789,2.976,3.197,3.411,
1,90,0.307,0.477,0.655,0.833,1.022,1.194,1.353,1.555,1.744,1.928,2.103,2.300,2.490,2.685,2.888,3.050,3.243,3.420,3.603,3.803,3.999,4.197,4.400,4.568,4.748,4.933,5.123,5.324,5.518,5.700,5.884,6.072,6.268,6.460,6.654,6.851,7.065,7.246,7.431,7.635,7.839,8.022,8.210,8.424,8.609,8.796,8.978,9.170,9.369,9.573,9.773,9.946,10.136,10.333,10.540,10.717,10.876,11.104,11.274,11.451,11.637,11.823,12.021,12.190,12.358,12.557,12.750,12.943,13.138,13.319,13.521,13.698,13.888,14.091,14.289,14.482,14.682,14.874,15.061,15.247,15.438,15.639,15.815,16.023,16.215,16.407,16.611,16.795,16.983,17.168,17.346,17.527,17.699,17.890,18.050,18.231,
1,91,0.050,0.273,0.444,0.640,0.810,1.024,1.189,1.390,1.574,1.774,1.952,2.154,2.335,2.524,2.724,2.923,3.107,3.307,3.515,3.702,3.901,4.078,4.275,4.450,4.642,4.819,4.989,5.198,5.407,5.604,5.810,
1,92,0.312,0.479,0.649,0.819,0.991,1.166,1.346,1.522,1.703,1.899,2.075,2.288,2.464,2.650,2.832,3.017,3.194,3.400,3.555,3.735,3.912,4.098,4.284,4.469,4.667,4.838,5.024,5.214,5.408,5.593,5.788,5.972,6.179,6.356,6.555,6.768,6.943,7.135,7.325,7.531,7.725,7.916,8.114,8.311,8.519,8.706,8.902,9.090,9.299,9.433,9.687,9.875,10.064,10.244,10.427,
1,93,0.110,0.299,0.490,0.671,0.858,1.042,1.215,1.392,1.565,1.735,1.912,2.106,2.308,2.526,2.686,2.874,3.058,3.242,3.424,3.616,3.791,4.010,4.204,4.400,4.603,4.806,4.996,5.465,5.644,5.817,5.982,6.176,6.394,6.583,6.821,7.077,
1,94,0.313,0.483,0.670,
1,95,0.085,0.273,0.454,0.645,0.831,1.012,1.185,1.370,1.548,1.714,1.906,2.083,2.273,2.452,2.646,2.841,3.033,3.229,3.421,3.622,3.816,4.014,4.216,4.409,4.606,4.796,4.993,5.197,5.398,5.564,5.771,5.976,6.167,6.350,6.535,6.723,6.923,7.125,7.323,7.519,7.715,7.909,8.110,8.334,8.526,8.713,8.914,9.111,9.307,9.516,9.717,9.915,10.114,
1,96,0.061,0.271,0.478,0.654,0.836,1.022,1.205,1.424,1.609,1.768,1.946,2.145,2.303,2.519,2.694,2.872,3.048,3.252,3.437,3.643,3.821,4.020,4.198,4.403,4.585,4.773,4.953,5.143,5.331,5.524,5.704,5.898,6.081,6.277,6.485,6.674,6.888,7.084,7.288,7.489,7.692,7.888,8.090,8.295,8.495,8.704,
1,97,0.114,0.307,0.501,0.674,0.870,1.058,1.239,1.434,1.616,1.808,1.999,2.181,2.373,2.558,2.743,2.944,3.149,3.367,3.580,3.773,3.974,4.168,4.362,4.543,4.726,4.905,5.104,5.290,5.487,5.680,5.876,6.076,6.290,6.488,6.693,6.888,7.093,7.318,7.497,7.693,7.888,8.069,8.272,8.451,8.638,8.835,9.029,9.223,9.422,9.622,9.832,10.022,10.226,10.421,10.617,10.813,11.023,11.208,11.390,11.587,11.776,11.962,12.147,12.339,12.527,12.719,12.918,13.114,13.305,13.524,13.721,13.934,14.325,14.517,14.700,14.898,15.090,15.345,15.515,15.722,15.906,16.108,16.309,16.525,16.710,16.917,17.114,17.310,17.514,17.723,17.925,18.121,18.327,18.527,18.739,18.918,19.104,19.299,19.498,19.690,19.894,20.085,20.285,20.493,20.688,20.894,21.097,21.294,21.494,21.698,21.907,22.093,22.300,22.512,22.704,22.915,23.126,23.346,23.545,23.765,23.966,24.177,24.396,24.583,24.790,25.013,25.210,25.414,25.646,25.849,26.061,26.272,26.465,26.657,26.853,27.047,27.223,27.401,27.570,27.742,27.904,28.077,28.247,28.401,28.571,28.768,28.947,29.111,29.287,29.461,29.615,29.768,29.933,30.100,30.265,30.426,30.623,30.807,30.975,31.156,31.329,31.516,31.686,31.874,32.049,32.240,
1,98,0.205,0.395,0.577,0.759,0.938,1.127,1.307,1.487,1.657,1.825,1.997,2.165,2.335,2.501,2.692,2.867,3.032,3.197,3.397,
1,99,0.057,0.251,0.443,0.621,0.795,0.962,1.147,1.317,1.514,1.677,1.858,
1,100,0.176,0.361,0.536,
1,101,0.166,0.344,0.519,0.684,0.859,1.051,1.223,1.397,1.576,1.769,
1,102,0.198,0.399,0.564,0.745,0.934,1.117,1.315,1.517,1.694,1.898,
1,103,0.225,0.400,0.555,0.723,0.900,1.061,1.248,1.419,1.607,1.784,1.993,2.177,2.375,2.573,2.767,2.962,3.158,3.363,3.559,3.768,3.972,4.178,4.368,4.551,4.768,4.977,5.168,5.369,5.560,5.769,5.977,
1,104,0.356,0.537,0.717,0.898,1.088,1.275,1.450,1.610,1.790,1.973,2.165,2.354,2.538,2.723,2.919,3.105,3.296,
1,105,0.091,0.273,0.439,0.604,
1,106,0.070,0.274,0.432,0.614,0.790,0.974,1.141,1.318,1.486,1.658,1.818,1.982,2.141,2.307,2.491,2.668,2.838,3.035,3.220,3.409,3.603,3.793,3.977,4.166,4.349,4.532,4.716,4.896,5.087,5.262,5.446,5.643,5.820,6.010,6.201,6.396,6.576,6.752,6.945,7.144,7.330,7.522,7.724,7.908,8.102,8.300,8.498,8.705,8.907,9.100,9.315,9.516,9.725,9.922,10.145,10.351,10.557,10.771,10.988,11.192,11.399,11.610,11.820,12.026,12.231,12.447,
1,107,0.215,0.409,
1,108,0.237,0.405,0.582,0.773,0.954,1.127,1.320,1.496,1.685,1.857,2.034,2.217,2.398,2.578,2.774,2.950,3.141,3.319,3.525,3.712,3.870,4.037,4.217,4.398,4.579,4.775,
1,109,0.150,0.350,0.527,0.704,0.894,1.069,1.247,1.436,1.651,1.818,
1,110,0.239,0.398,0.561,0.731,0.898,1.057,1.219,1.399,1.569,1.719,1.899,2.045,2.232,2.406,2.586,2.799,2.950,3.149,3.327,3.516,3.703,3.895,4.088,4.276,4.469,4.660,4.851,5.054,5.251,5.449,5.648,5.847,6.054,6.250,6.460,6.663,6.874,7.067,7.268,7.460,7.664,7.863,8.055,8.240,8.407,8.574,8.802,
1,111,0.032,0.210,0.399,0.567,0.765,0.926,1.106,1.289,1.462,1.649,1.817,2.016,2.215,2.427,2.624,2.815,3.017,3.189,3.374,3.570,3.750,3.945,4.143,4.343,4.527,4.717,4.901,5.099,5.302,5.488,5.673,5.855,6.057,6.247,6.436,6.635,6.824,7.028,7.234,7.418,7.584,
1,112,0.106,0.306,0.489,0.678,0.867,1.042,1.217,1.401,1.593,1.782,1.982,
1,113,0.233,0.401,0.574,0.741,0.917,1.089,1.269,1.441,1.609,1.786,1.975,2.152,2.342,2.544,2.733,2.914,3.103,3.287,3.493,3.675,3.886,4.062,4.245,4.440,4.637,4.819,5.024,5.202,5.408,5.601,5.788,5.960,6.160,6.347,6.541,6.745,6.936,7.121,7.319,7.522,7.713,7.921,8.127,8.347,8.546,8.748,8.975,9.181,9.389,9.573,9.773,9.963,10.159,10.358,10.550,10.740,10.938,11.140,11.330,11.524,11.716,11.905,12.090,12.303,12.500,12.681,12.891,13.070,13.278,13.488,13.702,13.901,14.093,14.275,14.475,14.666,14.860,15.067,15.275,15.485,15.698,15.892,16.080,16.300,16.478,16.696,16.896,17.100,17.301,17.510,17.723,17.925,18.143,18.353,
1,114,0.274,0.427,0.604,0.784,0.974,1.165,1.360,1.549,1.733,1.919,2.115,2.285,2.470,2.675,2.839,3.025,3.191,3.358,
1,115,0.113,0.310,0.516,0.694,0.900,1.073,
1,116,0.143,0.332,0.526,0.685,0.854,1.031,1.231,1.400,1.576,1.760,1.926,2.100,2.273,2.445,2.618,2.780,
1,117,0.043,0.232,0.409,0.576,0.761,0.929,1.109,1.291,1.461,1.645,1.822,1.997,2.180,2.367,2.560,2.744,2.933,3.125,3.321,
1,118,0.098,0.278,0.459,0.648,0.819,0.986,1.161,1.343,1.525,1.703,1.892,2.067,2.244,2.434,2.621,2.803,2.988,3.179,3.375,3.568,3.767,3.961,4.165,4.369,
1,119,0.198,0.373,0.553,0.740,0.930,
1,120,0.264,0.441,0.618,0.785,0.956,
1,121,0.097,0.272,0.435,0.610,0.779,0.951,1.107,1.272,1.436,1.610,1.779,1.963,
1,122,0.028,0.205,0.394,0.565,0.737,0.917,1.096,1.273,1.448,1.645,1.816,1.998,2.184,2.356,2.539,2.728,2.918,3.102,3.318,3.513,3.695,3.896,4.063,4.263,4.447,4.646,4.854,5.045,5.234,5.414,5.621,5.826,6.024,6.238,6.438,6.647,6.853,
1,123,0.166,0.343,0.529,0.720,0.914,1.118,
1,124,0.108,0.293,0.473,
1,125,0.127,0.313,0.519,0.691,0.854,1.022,
1,126,0.120,0.305,0.488,0.673,0.851,1.025,1.188,1.397,
