0,1,0.107,0.298,0.485,0.664,0.847,1.040,1.221,1.398,1.582,1.765,1.917,2.075,2.228,2.398,2.537,2.699,2.862,3.015,3.185,3.346,3.515,3.695,3.865,4.036,4.212,4.370,4.540,4.708,4.899,5.048,5.218,5.388,5.572,5.749,5.927,6.108,6.270,6.449,6.615,6.784,6.949,7.110,7.284,7.450,7.611,7.767,7.928,8.088,8.268,8.414,8.584,8.752,8.914,9.072,9.236,9.409,9.590,9.775,9.941,10.104,10.332,
0,1,0.034,0.193,0.351,0.518,0.661,0.819,0.978,1.135,1.298,1.455,1.621,1.785,1.944,2.104,2.275,2.427,2.592,2.746,2.907,3.063,3.216,3.369,3.531,3.691,3.859,4.019,4.174,4.325,4.478,4.636,4.787,4.946,5.105,5.270,5.413,5.569,5.724,5.876,6.020,6.159,6.307,6.452,6.610,6.771,6.918,7.064,7.218,7.364,7.521,7.667,7.820,7.968,8.114,8.271,8.410,8.563,8.714,8.860,9.022,9.165,9.313,9.467,9.607,9.772,9.923,10.064,10.220,
0,1,0.100,0.248,0.413,0.554,0.710,0.867,1.018,1.151,
0,1,0.093,0.268,0.402,0.558,0.717,0.869,1.019,1.170,1.308,
1,1,0.045,0.167,0.298,0.428,0.553,0.692,0.832,0.969,1.110,1.242,1.396,1.527,1.671,1.820,1.965,2.108,2.263,2.411,2.546,2.703,2.844,2.996,3.147,3.283,3.429,3.584,3.732,3.897,4.031,4.174,4.315,4.479,4.648,4.782,4.932,5.087,5.245,5.398,5.551,5.701,5.858,
1,2,0.044,0.184,0.317,0.461,0.602,0.750,0.891,1.031,1.175,1.321,1.474,1.618,1.774,1.909,2.059,2.209,2.348,2.495,2.642,2.775,2.918,3.072,3.210,3.348,3.493,3.645,3.779,3.919,4.067,4.198,4.342,4.488,4.642,4.771,4.912,5.063,5.211,5.367,5.514,5.660,5.810,5.963,6.106,6.249,6.400,6.556,6.712,6.858,6.999,7.156,7.294,7.445,7.589,7.743,7.894,8.030,8.188,8.341,8.476,8.623,8.773,8.929,9.086,9.230,9.395,9.535,9.686,9.829,9.981,10.123,10.273,10.420,
1,3,0.145,0.282,0.416,0.548,0.679,0.822,0.958,1.102,1.243,1.392,1.526,1.667,1.811,1.954,2.090,2.241,2.375,2.515,2.660,2.803,2.940,3.100,3.239,3.377,3.510,3.643,3.780,3.931,4.059,4.207,4.347,4.477,4.615,4.761,4.894,5.034,5.178,5.319,5.456,5.596,5.726,5.867,6.011,6.149,6.295,6.444,6.586,6.721,6.860,7.012,7.155,7.300,7.442,7.584,7.723,7.870,8.012,8.149,8.293,8.435,8.577,8.729,8.866,9.025,9.161,9.299,9.437,9.579,9.726,9.876,10.028,10.161,10.304,
1,4,0.042,0.176,0.312,0.453,0.586,0.723,0.856,0.994,1.142,1.276,
1,5,0.060,0.201,0.351,0.490,0.651,0.777,0.920,1.059,1.205,1.351,1.495,1.637,1.787,1.931,2.084,2.249,2.392,2.543,2.689,2.837,2.985,3.135,3.286,3.436,3.580,3.719,3.870,4.019,4.165,4.313,4.464,4.615,4.769,4.907,5.056,5.198,5.338,5.489,5.636,5.802,
1,6,0.150,0.274,0.418,0.561,0.710,0.845,0.998,1.151,1.292,1.423,1.543,1.717,1.862,2.024,2.171,2.312,2.460,2.601,2.736,2.902,3.031,3.174,3.325,3.468,3.614,3.769,3.902,4.050,4.197,4.352,4.493,4.636,4.781,4.926,5.073,5.221,5.367,5.520,5.658,5.806,
1,7,0.075,0.229,0.396,0.526,0.675,0.823,0.967,1.146,1.278,1.417,1.572,1.718,1.862,2.013,2.161,2.313,2.460,2.610,2.764,2.907,3.056,3.204,
1,8,0.143,0.289,0.452,0.583,0.732,0.894,1.025,1.188,1.324,1.477,1.644,1.795,1.944,2.093,2.236,2.395,2.535,2.687,2.840,2.996,3.148,3.298,3.446,3.594,3.745,3.895,4.036,4.182,4.347,4.483,4.625,4.774,5.071,5.214,5.360,5.513,5.653,
1,9,0.143,0.271,0.425,0.573,0.726,0.893,1.034,1.168,1.313,1.464,1.627,1.760,
1,10,0.032,0.176,0.325,0.475,0.625,0.773,0.917,1.065,1.216,1.365,1.516,1.657,1.810,1.959,2.117,2.277,2.410,2.560,2.700,2.845,2.996,3.144,3.289,3.440,3.583,3.738,3.891,4.035,4.183,4.331,4.484,4.634,4.785,4.931,5.084,5.233,5.385,5.528,5.671,5.830,5.970,6.119,6.246,6.392,6.531,6.675,6.825,6.971,7.119,7.269,7.427,7.563,7.714,7.870,8.020,8.163,8.316,8.464,8.619,8.770,8.898,9.049,9.192,9.341,9.486,9.637,
1,11,0.150,0.306,0.479,
1,12,0.125,0.300,0.437,0.579,0.729,0.886,1.032,1.180,1.335,1.486,1.627,1.777,
1,13,0.155,0.323,0.458,0.603,0.773,0.907,1.055,1.209,1.353,1.494,1.640,1.793,1.939,2.094,2.236,2.390,2.534,2.680,2.837,2.991,3.141,3.299,3.440,3.597,3.750,3.895,4.044,4.202,4.349,4.508,4.648,4.800,4.950,5.108,5.246,5.392,5.545,5.696,5.842,5.992,6.142,6.291,6.432,6.575,6.718,6.876,7.026,7.160,7.298,7.447,7.592,7.741,7.877,8.032,8.168,8.317,8.462,8.610,8.760,8.900,9.044,9.190,9.335,9.487,9.644,9.775,9.918,10.064,10.224,10.394,10.533,10.664,
1,14,0.065,0.222,0.372,0.517,0.675,0.825,0.983,1.148,1.289,1.435,1.583,1.738,1.898,2.039,2.202,2.367,2.515,2.661,2.809,2.975,3.149,3.288,
1,15,0.154,0.294,0.453,0.591,0.724,0.894,1.033,1.169,1.319,1.467,1.608,1.752,1.898,2.052,2.203,2.337,2.483,2.645,2.775,2.915,3.067,3.211,3.366,3.529,3.672,3.820,3.977,4.146,4.287,4.454,4.587,4.740,4.896,5.045,5.200,5.355,5.513,5.666,5.816,5.967,6.121,6.280,6.426,6.573,6.725,6.869,7.014,7.150,7.283,7.414,7.558,7.696,7.834,7.968,8.120,8.264,8.420,8.578,8.720,8.871,9.018,9.176,9.326,9.479,9.617,9.765,9.915,10.064,10.215,10.355,10.515,
1,16,0.033,0.197,0.341,0.486,0.638,0.781,0.950,1.073,1.231,1.374,1.517,1.651,1.797,1.951,2.093,2.241,2.401,2.528,2.673,2.819,2.961,3.107,3.246,3.392,3.535,3.691,3.835,3.984,4.135,4.281,4.427,4.572,4.724,4.866,5.019,5.160,5.308,5.458,5.602,5.752,5.901,
1,17,0.123,0.267,0.415,0.570,0.711,0.862,1.024,1.182,1.322,1.474,1.626,1.782,1.937,2.090,2.243,2.401,2.537,2.695,2.834,2.978,3.116,3.275,3.429,3.584,3.726,3.885,4.022,4.176,4.327,4.471,4.625,4.775,4.929,5.070,5.218,5.367,5.523,5.676,5.818,5.966,6.120,6.269,6.422,6.585,6.734,6.886,7.032,7.172,7.329,7.465,7.623,7.777,7.938,8.074,8.229,8.387,8.543,8.701,8.837,9.021,9.144,9.293,9.438,9.590,9.730,9.891,10.041,10.206,10.342,10.497,10.646,10.796,10.941,11.090,11.272,11.403,11.557,11.705,11.853,11.998,12.146,12.299,12.445,12.592,12.746,12.889,13.040,13.200,13.339,13.488,13.639,13.779,13.919,14.064,14.212,14.351,14.484,14.640,14.790,14.944,15.089,15.246,15.394,15.527,15.685,15.841,15.989,16.141,16.289,16.435,16.588,16.734,16.891,17.037,17.192,17.351,17.482,17.624,17.775,17.919,18.055,18.202,18.354,
1,18,0.050,0.211,0.344,0.488,0.638,0.774,0.921,1.079,1.224,1.371,1.534,1.678,1.824,1.978,2.126,2.289,2.430,2.585,2.734,2.875,3.032,3.186,3.336,3.488,3.646,3.794,3.931,4.085,4.248,4.402,4.555,4.713,4.856,5.023,5.189,5.324,5.475,5.640,5.798,5.949,6.110,6.274,6.427,6.582,6.691,6.891,7.031,7.187,7.342,7.501,7.658,7.814,7.974,8.141,8.291,8.433,8.590,8.750,8.906,9.054,9.205,9.355,9.525,9.657,9.813,9.963,10.120,10.292,
1,19,0.166,0.321,0.469,0.621,0.799,0.928,1.086,1.242,1.406,1.555,1.715,
1,20,0.150,0.279,0.425,0.573,0.716,0.867,1.027,1.178,1.338,1.467,1.623,1.774,1.925,2.069,2.237,2.408,2.540,2.686,2.824,3.121,3.272,
1,21,0.029,0.175,0.329,0.501,0.650,0.804,0.942,1.097,
1,22,0.148,0.306,0.476,0.618,0.787,0.932,1.098,1.251,1.398,1.564,1.709,1.872,2.027,2.195,2.352,2.515,2.661,2.809,2.989,3.149,3.293,3.454,3.615,3.780,3.940,4.106,4.266,4.403,4.553,4.706,4.867,5.023,5.167,5.325,5.481,5.650,5.806,5.942,6.107,6.267,6.416,6.554,6.719,6.869,7.021,7.183,7.346,7.485,7.651,7.795,7.960,8.108,8.268,8.407,8.550,8.703,8.856,9.018,9.168,9.332,9.491,9.642,9.820,
1,23,0.093,0.231,0.398,0.535,0.683,0.838,0.989,1.148,1.299,1.423,1.576,1.732,1.899,2.035,2.188,2.324,2.482,2.649,2.795,2.943,3.093,3.266,3.409,3.555,3.713,3.873,4.020,4.179,4.330,4.488,4.650,4.804,4.949,5.098,5.242,5.400,5.561,5.705,5.865,6.024,6.173,6.324,6.490,6.651,6.790,6.947,7.102,7.268,7.407,7.567,7.718,7.890,8.038,8.202,8.364,8.522,8.694,8.850,9.000,9.160,9.323,9.478,9.636,9.779,9.931,10.086,10.236,10.386,10.529,10.681,10.828,10.979,11.136,11.276,11.419,11.565,11.707,11.855,11.998,12.153,12.305,12.453,12.596,12.740,12.901,13.048,13.197,13.344,13.521,13.655,13.800,13.941,14.088,
1,24,0.030,0.154,0.296,0.438,0.573,0.709,0.847,0.975,1.103,1.234,1.375,1.532,1.692,1.828,1.966,2.104,2.271,2.415,2.562,2.702,2.851,3.019,3.152,3.302,3.445,3.599,3.737,3.899,4.019,4.178,4.322,4.483,4.624,4.781,4.932,5.082,5.235,5.400,5.538,5.696,5.840,5.989,6.150,6.287,6.442,6.599,6.750,6.904,7.049,7.202,7.365,7.517,7.649,7.799,7.966,8.119,8.579,8.742,8.907,9.064,9.220,9.370,9.530,9.679,9.840,9.996,10.151,10.313,10.485,10.640,10.801,10.967,11.136,11.276,11.430,11.585,11.769,11.920,12.071,12.223,12.373,12.523,12.692,12.865,13.020,13.170,13.317,13.462,13.611,13.774,13.929,14.079,14.233,14.387,14.545,14.702,14.855,15.021,15.176,15.330,15.488,15.638,15.784,15.956,16.105,16.272,16.417,16.578,16.772,16.898,17.059,17.224,17.392,17.546,17.708,17.889,18.047,18.237,18.389,
1,25,0.164,0.306,0.453,0.605,0.740,0.900,1.066,1.222,1.383,1.532,1.694,1.857,
1,26,0.069,0.241,0.392,0.525,0.669,0.842,0.978,1.146,1.300,1.461,1.606,1.759,1.917,2.078,2.233,2.393,2.549,2.694,2.843,2.998,3.147,3.296,3.444,3.591,3.739,3.897,4.029,4.187,4.351,4.481,4.644,4.790,4.927,5.121,5.261,5.398,5.555,5.716,5.860,
1,27,0.094,0.252,0.410,0.568,0.738,
1,28,0.145,0.302,0.454,
1,29,0.053,0.217,0.375,0.534,0.690,0.850,1.001,1.158,1.320,1.474,1.620,1.779,1.918,2.079,2.221,2.389,2.544,2.706,2.848,2.996,3.140,3.276,
1,30,0.029,0.178,0.325,0.471,0.646,0.810,0.945,1.095,1.226,1.396,1.532,1.680,1.838,1.989,2.147,2.290,2.438,2.595,2.748,2.897,3.053,3.206,3.355,3.514,3.664,3.774,3.960,4.095,4.238,4.398,4.541,4.698,4.838,4.983,5.148,5.279,5.414,5.561,5.724,5.866,6.022,6.168,6.314,6.452,6.601,6.738,6.899,7.038,7.190,7.329,7.482,7.649,7.769,7.921,8.065,8.198,8.347,8.496,8.650,8.798,8.953,9.114,9.266,9.415,9.563,9.712,9.883,10.027,10.177,10.323,10.481,10.653,10.799,10.957,11.100,11.267,11.403,11.547,11.701,11.855,12.001,12.151,12.285,12.438,12.584,12.745,12.899,13.031,
1,31,0.044,0.195,0.347,0.521,0.665,0.820,0.987,1.141,1.308,1.468,1.638,1.789,1.951,2.105,2.272,2.431,2.590,2.745,2.895,3.057,3.226,3.389,3.539,3.700,3.856,4.022,4.173,4.331,4.486,4.646,4.781,4.951,5.099,5.273,5.390,5.563,5.739,5.900,
1,32,0.138,0.251,0.409,0.575,0.738,0.913,1.075,1.245,1.412,1.571,1.746,1.924,2.082,2.272,2.439,2.598,2.742,2.901,3.058,3.221,3.389,3.535,3.700,3.861,4.023,4.189,4.356,4.523,4.664,4.817,4.998,5.146,5.288,5.446,5.592,5.774,5.924,6.091,6.274,6.420,6.609,6.774,6.926,7.097,7.274,7.427,7.595,7.775,7.930,8.091,8.275,8.426,8.591,8.775,8.926,9.092,9.275,9.412,9.569,9.730,9.892,10.059,10.223,10.372,10.543,10.704,10.893,11.034,11.199,11.366,11.526,11.682,11.850,12.010,
1,33,0.053,0.211,0.373,0.533,0.684,0.847,1.002,1.163,1.319,1.478,1.634,1.784,1.950,2.095,2.251,2.413,2.571,2.720,2.864,3.018,3.176,3.327,3.488,3.652,3.790,3.934,4.084,4.237,4.409,4.550,4.716,4.885,5.048,5.210,5.359,5.536,5.698,5.850,6.019,6.179,6.340,6.520,6.670,6.836,7.020,7.181,7.341,7.520,7.687,7.853,8.020,8.173,8.336,8.493,8.644,8.797,8.940,9.089,9.271,9.406,9.575,9.718,9.891,10.063,10.218,10.388,10.521,10.668,10.843,10.997,11.148,11.299,11.455,11.612,11.772,11.930,12.100,12.276,12.445,12.605,12.773,12.930,13.098,13.273,13.425,13.569,13.731,13.904,14.023,
1,34,0.082,0.267,0.432,
1,35,0.210,0.401,0.591,0.785,0.973,
1,36,0.065,0.276,0.447,0.643,0.825,1.010,1.193,1.393,1.573,1.784,1.972,2.177,2.394,2.595,2.799,3.014,3.219,3.422,3.627,3.835,4.041,4.229,4.442,4.645,4.836,5.023,5.203,5.377,5.544,5.723,5.908,6.089,6.276,6.469,6.683,6.860,7.046,7.232,7.418,7.613,7.812,8.017,8.235,8.448,8.650,
1,37,0.178,0.361,0.559,0.764,0.951,
1,38,0.158,0.356,0.562,0.767,0.972,1.186,1.397,1.596,1.807,2.014,2.215,2.436,2.613,2.828,3.046,3.249,
1,39,0.120,0.320,0.528,0.733,0.939,1.154,1.360,1.562,1.774,1.974,2.163,2.345,2.521,2.712,2.898,3.071,3.265,3.466,3.666,3.864,4.047,4.227,4.399,
1,40,0.150,0.337,0.533,0.730,0.927,1.122,1.313,1.517,1.709,1.904,2.104,2.309,2.534,2.741,2.947,3.163,3.368,3.566,3.780,3.975,4.164,4.376,4.596,4.786,4.982,5.191,5.389,
1,41,0.169,0.366,0.567,0.778,0.985,1.184,1.395,1.596,1.801,2.012,2.204,2.402,2.612,2.814,3.019,3.222,3.431,3.646,3.856,4.068,4.278,4.485,4.664,4.838,5.023,5.211,5.363,5.514,5.689,5.857,6.037,6.223,6.398,6.576,6.764,6.947,7.148,7.333,7.515,7.658,7.846,
1,42,0.135,0.327,0.519,0.715,0.903,1.095,1.313,1.519,1.696,1.904,2.100,2.296,2.523,2.733,2.935,3.143,3.350,3.567,3.770,3.968,4.169,4.387,4.577,4.790,5.021,5.214,5.399,5.605,5.796,5.988,6.189,6.395,6.585,6.786,6.981,7.151,
1,43,0.182,0.369,0.568,0.769,0.967,1.149,1.347,1.541,1.769,1.945,2.147,2.350,2.539,2.736,2.951,3.143,
1,44,0.184,0.400,0.609,0.823,1.041,1.284,1.484,1.693,1.921,
1,45,0.068,0.273,0.473,0.675,0.871,1.073,1.277,1.471,1.668,1.873,
1,46,0.154,0.355,0.557,0.761,0.978,1.177,1.396,1.606,1.812,2.036,2.240,2.454,2.650,2.870,3.077,3.279,3.491,3.692,3.893,4.094,4.280,4.486,4.682,4.894,5.087,5.295,5.495,5.694,5.909,6.113,6.315,6.525,6.727,6.946,7.155,7.351,7.541,7.741,7.930,8.123,8.324,8.528,8.739,8.937,9.111,9.284,
1,47,0.146,0.266,0.402,0.526,0.661,0.769,0.902,1.055,1.195,1.326,1.462,1.597,1.724,1.860,
1,48,0.123,0.270,0.410,0.556,0.711,0.867,1.020,
1,49,0.043,0.187,0.347,0.517,
1,50,0.079,0.266,0.399,0.696,0.857,1.016,1.159,1.342,1.492,1.650,1.791,1.958,2.150,2.298,2.464,2.650,2.791,2.950,3.105,3.267,3.416,3.567,3.743,3.904,4.065,4.232,4.399,4.555,4.715,4.885,5.030,5.198,5.349,5.518,5.682,5.841,6.002,6.162,6.322,6.496,6.660,6.815,6.969,7.136,7.269,7.386,
1,51,0.071,0.237,0.399,0.538,0.713,0.872,1.050,1.218,1.366,1.516,1.677,1.850,2.026,2.190,2.374,2.555,2.689,2.836,2.999,3.150,3.326,
1,52,0.076,0.234,0.395,0.554,
1,53,0.161,0.329,0.493,0.661,0.820,0.988,1.166,1.312,1.488,1.638,1.803,1.969,2.143,2.308,2.471,2.639,2.804,2.998,3.158,3.323,3.492,3.636,3.804,3.959,4.124,4.297,4.463,4.648,4.800,4.965,5.125,5.285,5.440,5.608,5.774,5.960,
1,54,0.088,0.261,0.426,0.583,0.761,0.917,1.074,
1,55,0.122,0.287,0.569,0.687,0.836,1.020,
1,56,0.099,0.267,0.450,0.578,0.767,0.900,1.051,1.197,1.358,1.524,1.697,1.838,1.999,2.151,2.323,2.468,2.634,2.809,2.970,3.135,3.288,3.455,3.635,3.775,3.954,4.092,4.241,4.400,4.553,4.716,4.847,5.019,5.160,5.313,5.427,5.592,5.752,5.900,6.037,6.204,6.352,6.520,6.653,6.797,6.959,7.112,7.270,7.428,7.588,7.750,7.906,8.059,8.235,8.376,8.535,8.700,8.857,9.021,9.173,9.303,9.594,9.985,
1,57,0.082,0.247,0.395,0.536,0.690,0.847,1.019,1.147,1.318,1.519,1.625,1.781,1.905,2.110,2.269,2.410,2.559,2.732,3.020,3.163,3.299,3.484,3.626,3.785,3.937,4.075,4.234,4.399,4.545,4.702,4.861,5.024,5.178,5.324,5.460,5.638,5.774,5.933,
1,58,0.122,0.284,0.440,0.601,0.768,0.921,1.094,1.232,1.397,1.562,1.717,1.900,2.043,2.208,2.367,2.538,2.703,2.872,3.019,3.177,3.342,3.519,3.692,3.838,3.988,4.163,4.316,4.466,4.611,4.776,4.927,5.098,5.250,5.447,5.581,5.770,5.901,6.067,6.229,6.387,6.543,6.696,6.859,7.038,7.190,7.356,7.521,7.691,7.805,
1,59,0.033,0.348,0.491,0.653,
1,60,0.177,0.335,0.514,0.681,0.860,1.034,1.216,1.398,1.568,1.733,1.915,2.093,2.272,2.450,2.621,2.775,2.933,3.081,3.239,3.372,3.516,3.666,3.810,3.977,4.122,4.283,4.426,4.574,4.727,4.888,5.023,5.172,5.325,5.471,5.614,5.767,5.900,6.041,6.196,6.354,6.517,6.667,6.801,6.979,7.107,7.267,7.418,7.593,7.743,7.901,8.062,8.235,8.404,8.559,8.726,8.888,9.040,9.197,9.348,9.476,
1,61,0.058,0.209,0.370,0.536,0.691,0.849,
1,62,0.058,0.219,0.372,0.534,0.697,0.855,1.025,1.188,1.343,1.525,1.674,1.832,
1,63,0.114,0.276,0.419,0.585,
1,64,0.123,0.280,0.444,0.597,0.774,0.930,1.077,1.224,1.377,1.554,1.707,1.852,1.995,2.148,2.297,2.435,2.592,2.740,2.892,3.057,3.208,3.356,3.525,3.679,3.818,3.981,4.146,4.291,4.451,4.749,4.917,5.066,5.236,5.373,5.534,5.694,5.853,6.022,6.195,6.333,6.510,6.644,
1,65,0.089,0.242,0.403,0.560,0.722,0.900,1.039,1.192,1.361,1.523,1.677,1.826,1.981,2.153,2.294,2.440,2.601,2.767,2.916,3.054,3.212,3.370,3.518,3.677,3.836,3.988,4.149,4.319,4.472,4.652,4.781,4.938,5.101,5.269,5.422,5.590,5.769,5.924,6.090,6.269,6.415,6.556,
1,66,0.112,0.275,0.426,
1,67,0.040,0.187,0.356,0.524,0.682,0.841,1.021,1.180,1.346,1.521,1.673,1.830,1.998,2.172,2.340,2.521,2.681,2.862,3.041,3.195,3.369,3.529,3.680,3.835,3.998,4.158,4.305,4.464,4.625,4.784,4.962,5.117,5.279,5.432,5.608,5.773,5.921,6.086,6.246,6.423,6.589,6.773,6.924,7.092,7.274,7.425,7.589,7.774,8.048,
1,68,0.062,0.232,0.399,0.575,0.743,0.919,1.095,1.276,1.449,1.615,1.789,1.979,2.158,2.331,2.519,2.702,2.872,3.056,3.237,3.400,3.547,3.702,3.865,4.040,4.199,4.361,4.522,4.666,4.827,4.980,5.145,5.278,5.472,5.645,5.797,5.959,
1,69,0.088,0.236,0.389,0.554,0.715,0.892,1.057,1.205,1.364,1.538,1.703,1.856,2.025,2.179,2.339,2.498,2.657,2.808,2.946,3.092,3.269,3.424,3.570,3.750,3.910,4.083,4.420,4.544,4.711,4.865,5.029,5.189,5.353,5.520,5.687,5.848,5.982,6.163,
1,70,0.040,0.206,0.367,0.527,0.667,0.829,0.986,1.144,1.303,1.469,1.640,1.788,1.952,2.105,2.274,2.411,2.578,2.722,2.891,3.044,3.210,3.377,
1,71,0.150,0.284,0.447,0.601,0.767,0.917,1.076,1.236,1.405,1.554,1.685,1.838,2.001,2.161,2.326,2.493,2.661,2.807,2.977,3.135,3.305,
1,72,0.145,0.313,0.496,0.646,0.822,0.962,1.105,1.263,1.423,1.605,1.734,1.903,2.052,2.205,2.396,2.532,2.679,2.831,3.000,3.153,3.327,3.497,3.647,3.811,3.980,4.147,4.305,4.449,4.578,
1,73,0.151,0.283,0.432,0.583,0.747,0.901,1.030,1.185,1.344,1.502,1.669,1.834,1.996,2.162,2.334,2.485,2.660,2.808,2.951,3.102,3.250,
1,74,0.142,0.308,0.471,0.620,0.775,0.929,1.075,1.226,1.386,1.531,1.701,1.857,2.020,2.192,2.345,2.495,2.656,2.816,2.984,3.144,3.321,3.471,3.637,3.797,3.963,4.137,4.302,4.475,4.641,4.807,4.966,5.138,5.302,5.495,5.638,5.791,
1,75,0.156,0.337,0.513,0.679,0.848,1.038,1.206,1.409,1.590,1.781,
1,76,0.177,0.349,0.516,0.680,0.832,0.998,1.187,1.373,1.539,1.697,1.847,
1,77,0.176,0.327,0.493,0.659,0.818,0.990,1.160,1.333,1.495,1.660,1.813,1.970,2.136,2.299,2.459,2.651,2.812,2.993,3.150,3.309,3.482,3.648,3.807,3.974,4.101,4.288,4.457,4.619,4.786,4.953,5.138,5.308,5.490,5.658,5.825,6.022,6.172,6.335,6.495,6.661,6.834,6.995,7.163,7.333,7.482,7.639,7.772,7.939,8.054,
1,78,0.328,0.494,0.664,0.831,1.018,1.169,1.341,1.518,1.671,1.837,2.018,2.191,2.385,2.553,2.717,2.902,3.067,3.236,3.415,3.583,3.769,3.924,4.102,4.269,4.425,4.595,4.770,4.934,5.095,5.270,5.443,5.611,5.774,
1,79,0.105,0.263,0.420,0.587,0.747,0.909,1.070,1.225,1.374,1.550,1.716,1.897,2.066,2.233,2.398,2.573,2.714,2.871,3.021,3.191,3.353,3.495,3.655,3.814,3.969,4.148,4.297,4.471,4.614,4.807,4.960,5.127,5.269,5.445,5.626,5.805,5.955,6.156,6.307,6.465,6.650,6.813,6.946,7.097,7.240,7.400,7.539,
1,80,0.167,0.362,0.560,0.750,0.934,1.145,1.362,1.533,1.913,
1,81,0.149,0.314,0.500,0.693,0.899,1.063,
1,82,0.158,0.346,0.557,0.746,0.952,1.144,1.351,1.570,1.771,1.953,2.138,2.320,2.495,2.679,2.871,3.068,3.246,3.434,3.619,3.806,4.022,4.195,4.389,4.595,4.801,5.023,5.201,5.402,5.608,5.819,6.030,6.228,6.439,6.664,6.897,7.089,7.274,7.469,7.662,7.806,
1,83,0.183,0.377,0.577,0.768,0.952,
1,84,0.094,0.286,0.481,0.680,0.869,
1,85,0.104,0.310,0.501,
1,86,0.032,0.207,0.405,
1,87,0.164,0.357,0.551,0.752,0.946,1.150,1.355,1.547,1.747,1.952,2.150,2.340,2.537,2.743,2.943,3.159,3.372,
1,88,0.202,0.414,0.617,0.836,1.040,1.248,1.445,1.649,1.851,2.063,2.271,2.468,2.682,2.888,3.085,3.309,
1,89,0.053,0.251,0.448,0.664,0.864,1.059,1.278,1.482,1.683,1.897,2.103,2.331,2.490,2.654,2.835,3.027,3.196,3.398,3.578,3.771,3.968,4.167,4.367,4.559,4.744,4.928,5.124,5.331,5.537,5.749,5.970,6.176,6.399,6.584,6.790,6.968,
1,90,0.090,0.289,0.477,0.679,0.899,1.091,
1,91,0.070,0.289,0.496,0.702,0.906,1.139,1.323,1.523,1.722,1.926,2.124,2.319,2.523,2.720,2.924,3.124,
1,92,0.086,0.281,0.492,0.686,0.899,1.111,1.310,1.520,1.726,
1,93,0.224,0.444,
1,94,0.144,0.343,0.525,0.737,1.144,1.311,1.497,1.679,1.869,2.059,2.248,2.446,2.657,2.856,3.058,3.262,3.473,3.670,3.895,4.099,4.303,4.516,4.721,4.918,5.125,5.327,5.527,5.730,5.931,6.146,6.313,
1,95,0.099,0.302,0.498,0.688,0.898,1.110,1.323,1.537,1.740,1.939,2.149,2.362,2.585,2.807,3.016,3.233,3.451,3.656,3.850,4.043,4.252,4.449,4.645,4.840,5.034,5.247,5.447,5.660,5.866,6.066,6.280,6.458,6.666,6.851,
1,96,0.072,0.275,0.485,0.701,0.915,
1,97,0.149,0.272,0.414,0.560,0.703,0.855,1.016,1.149,1.300,1.446,1.595,1.704,1.875,2.031,2.177,2.327,2.471,2.614,2.773,2.935,3.075,3.231,3.361,3.527,3.680,3.824,3.983,4.146,4.294,4.583,4.736,4.901,5.040,5.183,5.344,5.496,5.655,5.795,5.959,6.119,6.278,6.431,6.587,6.680,6.844,
1,98,0.165,0.322,0.464,0.621,0.774,0.925,1.078,1.239,1.401,1.549,1.704,
1,99,0.100,0.269,0.415,0.575,0.730,0.886,1.042,1.204,1.361,1.539,1.692,1.843,1.999,2.144,2.304,2.449,2.605,2.770,2.926,3.091,3.271,3.391,3.725,3.888,4.033,4.191,4.350,4.521,4.663,4.808,4.961,5.125,5.287,5.446,5.608,5.772,
1,100,0.036,0.184,0.342,0.485,0.650,0.803,0.973,1.138,1.291,1.449,1.618,1.779,1.942,2.113,2.274,2.428,2.587,2.748,2.901,3.067,3.205,3.366,3.518,3.683,3.832,3.976,4.135,4.281,4.404,4.553,4.704,4.869,5.019,5.160,5.313,5.470,5.636,5.789,
1,101,0.029,0.194,0.355,0.516,0.692,0.835,1.000,1.114,1.276,1.431,1.592,1.763,1.914,2.079,2.242,2.397,2.557,2.705,2.880,3.031,3.189,3.331,
1,102,0.153,0.303,0.465,0.605,0.780,0.939,1.112,
1,103,0.101,0.251,0.404,0.562,0.707,0.861,1.018,1.169,1.339,1.519,1.657,1.805,
1,104,0.039,0.176,0.332,0.482,0.647,0.797,0.951,1.113,1.284,1.446,1.614,1.795,1.961,2.112,2.271,2.443,2.595,2.764,2.905,3.229,
1,105,0.104,0.251,0.401,0.551,0.731,0.901,1.059,1.225,1.399,1.564,1.727,1.901,2.072,2.268,2.429,2.596,2.768,2.943,3.105,3.269,3.431,3.598,3.769,3.922,4.078,4.238,4.402,4.570,4.723,4.866,5.023,5.194,5.343,5.520,5.689,5.806,5.977,6.127,6.307,6.466,6.614,6.797,6.954,7.118,7.270,7.442,7.597,7.749,7.921,8.091,8.251,8.426,
1,106,0.110,0.278,0.429,0.594,0.761,0.904,1.062,1.212,1.367,1.514,1.681,1.832,
1,107,0.054,0.211,0.373,0.541,0.690,0.845,1.013,1.156,1.325,1.487,1.646,1.802,1.948,2.103,2.241,2.407,2.554,2.710,2.862,3.020,3.171,3.337,3.490,3.647,3.806,3.958,4.113,4.264,4.412,4.551,
1,108,0.146,0.280,0.445,0.595,0.763,0.896,1.062,1.182,1.343,1.482,1.626,1.774,1.911,2.055,2.205,2.331,2.458,2.611,2.733,2.897,3.035,3.181,3.335,3.486,3.654,3.806,3.964,4.121,4.271,4.430,
1,109,0.044,0.195,0.357,0.518,0.661,0.819,0.973,1.135,1.283,1.441,1.604,1.768,1.913,2.077,2.233,2.400,2.560,2.708,2.872,3.028,3.175,3.337,3.492,3.648,3.813,3.964,4.111,4.270,4.421,4.561,4.700,4.845,4.994,5.136,
1,110,0.065,0.231,0.374,0.520,0.689,0.848,1.000,1.153,1.309,1.472,1.624,1.778,1.936,2.094,2.268,2.413,2.560,2.725,2.890,3.047,3.215,3.385,3.531,3.688,3.857,4.019,4.183,4.362,4.522,4.674,4.825,4.974,5.121,5.281,5.430,5.590,5.769,5.918,6.088,6.270,6.415,6.575,6.732,6.895,7.023,7.192,
1,111,0.145,0.311,0.461,0.645,
1,112,0.113,0.287,0.436,0.590,0.766,0.914,1.082,1.238,1.400,1.560,1.722,1.867,2.023,2.185,2.342,2.517,2.665,2.838,3.002,3.165,3.335,3.502,3.683,3.825,3.978,4.157,4.321,4.492,4.664,4.829,4.995,5.156,5.302,5.443,
1,113,0.049,0.210,0.392,0.555,0.705,0.869,1.047,
1,114,0.104,0.262,0.415,0.577,0.735,0.903,1.062,1.234,1.413,1.577,1.743,1.873,2.051,2.215,2.373,2.532,2.691,2.850,3.017,3.186,3.349,3.511,3.684,3.846,4.012,4.172,4.335,4.495,4.652,4.817,4.974,5.146,5.288,5.447,5.609,5.762,5.933,6.113,6.250,6.411,6.563,6.727,6.896,7.026,7.176,7.337,7.499,7.647,7.789,7.941,8.102,8.264,8.429,
1,115,0.071,0.241,0.390,
1,116,0.061,0.212,0.394,0.544,0.700,0.864,1.011,1.179,1.336,1.488,1.645,1.770,1.919,2.082,2.238,2.354,2.559,2.711,2.873,3.045,3.187,3.346,3.515,3.652,3.810,3.981,4.146,4.286,4.448,4.589,4.729,4.896,5.019,5.181,5.311,5.458,
1,117,0.040,0.176,0.332,0.498,0.640,0.788,0.919,1.099,1.273,1.412,1.568,1.726,1.890,2.054,2.206,2.369,2.536,2.699,2.852,3.024,3.168,3.314,3.454,3.598,3.737,3.872,4.025,4.171,4.331,4.473,4.621,4.785,4.911,5.067,5.227,
1,118,0.030,0.162,0.296,0.438,0.579,0.730,0.873,1.014,1.165,1.311,1.446,1.577,1.719,1.851,1.990,2.148,2.277,2.420,2.559,2.700,2.841,2.974,3.127,3.272,3.411,3.550,3.681,3.817,3.963,4.102,4.266,4.618,4.741,4.899,5.031,5.177,
1,119,0.112,0.267,0.415,0.568,
1,120,0.127,0.272,0.421,0.552,0.708,0.866,1.016,1.159,1.315,1.465,1.619,1.769,
1,121,0.073,0.229,0.371,0.527,0.702,0.846,1.012,1.174,1.315,1.494,1.646,1.784,1.943,2.085,2.233,2.396,2.540,2.693,2.848,3.013,3.156,3.300,3.461,3.616,3.764,3.929,4.080,4.237,4.397,4.555,4.723,4.898,5.048,5.201,5.350,5.514,
1,122,0.101,0.250,0.400,0.541,0.696,0.862,1.016,1.177,1.328,1.485,1.650,1.786,1.945,2.090,2.244,2.400,2.547,2.690,2.850,2.998,3.159,3.287,3.462,3.616,3.768,3.921,4.066,4.221,
1,123,0.158,0.320,0.476,0.646,0.783,0.937,1.090,1.250,1.413,1.573,1.740,1.906,2.058,2.195,2.355,2.513,2.667,2.824,2.992,3.147,3.322,
1,124,0.124,0.291,0.455,
1,125,0.071,0.233,0.394,0.543,0.696,0.853,
1,126,0.092,0.263,0.400,0.547,0.685,0.841,1.000,1.157,1.307,1.475,1.612,1.767,1.920,2.075,2.218,2.375,2.546,2.696,2.842,3.014,3.160,3.301,3.442,3.605,3.765,3.898,4.047,4.197,4.352,4.515,4.680,4.812,4.967,5.124,5.265,5.416,5.584,5.766,
1,127,0.040,0.192,0.354,0.517,0.658,0.831,0.989,1.151,1.306,1.464,1.617,1.777,1.931,2.096,2.232,2.384,2.559,2.715,2.865,3.021,3.186,3.336,3.493,3.647,3.834,3.967,4.125,4.285,4.456,4.620,4.779,4.926,5.090,5.269,5.417,5.578,5.745,5.913,6.066,6.194,6.338,
1,128,0.147,0.274,0.412,0.592,0.742,0.907,1.058,1.218,1.398,1.531,1.674,1.843,2.015,2.152,2.314,2.463,2.624,2.788,2.950,3.109,3.244,3.431,3.591,3.737,3.899,4.038,4.205,4.335,
1,129,0.145,0.300,0.471,0.762,0.915,1.073,1.224,1.376,1.513,1.663,1.809,1.967,2.121,2.283,2.433,2.585,2.748,2.897,3.043,3.208,3.344,3.514,3.650,3.802,3.961,4.105,4.264,4.412,4.567,4.723,4.877,5.036,5.188,5.355,5.515,5.672,5.828,6.015,
1,130,0.151,0.301,0.464,
