0,1,0.337,0.480,0.657,0.809,0.975,1.149,1.293,1.448,1.605,1.765,1.923,2.091,2.266,2.412,2.616,2.784,2.958,3.125,3.313,3.525,3.719,3.900,4.100,4.248,4.499,4.679,4.849,5.031,5.210,5.401,5.562,5.752,5.951,6.151,6.330,6.518,6.721,6.907,7.109,7.300,7.487,7.667,7.902,8.072,8.269,8.465,8.673,8.876,9.062,9.269,9.436,9.627,9.819,10.019,10.174,
0,1,,
0,1,0.063,0.268,0.426,0.598,0.789,0.956,
0,1,0.359,0.542,0.710,0.846,
2,1,0.162,0.320,0.473,0.628,0.783,0.938,1.098,1.265,1.410,1.562,1.712,1.860,2.030,2.176,2.349,2.515,2.677,2.841,3.002,3.164,3.331,3.497,3.649,3.815,3.963,4.124,4.281,4.440,4.601,4.766,4.916,5.079,5.247,5.434,5.579,5.733,5.900,6.057,6.219,6.375,6.542,6.711,6.901,7.048,7.217,7.360,7.526,7.704,7.863,8.023,8.176,8.345,8.523,8.693,8.850,9.027,9.202,9.360,9.523,9.680,9.853,10.019,10.174,10.351,10.524,10.696,10.869,11.041,11.209,11.378,11.541,11.703,11.992,12.107,12.357,12.532,12.698,12.871,13.045,13.223,13.394,13.561,13.723,13.900,14.061,14.230,14.392,14.549,14.721,14.888,15.038,15.207,15.376,15.555,15.725,15.897,16.070,16.242,16.434,16.639,
2,2,0.207,0.399,0.582,0.766,0.962,1.150,1.345,1.544,1.732,1.940,2.123,2.314,2.517,2.694,2.887,3.083,3.286,3.489,3.688,3.901,4.077,4.268,4.458,4.660,4.847,5.046,5.268,5.452,5.652,5.857,6.027,6.197,6.376,6.550,6.727,6.902,7.085,7.269,7.444,7.636,7.826,8.020,8.204,8.397,8.602,8.794,8.981,9.170,9.351,9.540,9.737,9.907,10.109,10.294,10.483,10.661,10.849,11.039,11.222,11.409,11.598,11.783,11.977,12.162,12.350,12.546,12.729,12.907,13.079,13.272,13.448,13.643,13.829,14.023,14.200,14.394,14.585,14.788,14.985,15.190,15.395,15.586,15.778,15.989,16.178,
2,3,,
2,4,0.041,0.216,0.393,0.564,0.724,0.893,1.064,1.238,1.412,1.596,1.777,1.947,2.125,2.277,2.434,2.616,2.781,2.946,3.116,3.300,3.473,3.676,3.858,4.035,4.233,4.416,4.594,4.781,4.968,5.145,5.320,5.512,5.692,5.896,6.058,6.266,
2,5,0.366,0.455,0.590,0.762,0.950,1.145,1.311,1.477,1.664,1.853,2.048,2.229,2.427,2.608,2.808,2.991,3.177,3.355,3.546,3.730,3.921,4.117,4.312,4.514,4.694,4.897,5.082,5.273,5.463,5.652,5.839,6.023,6.213,6.398,6.587,6.769,6.956,7.148,7.328,7.501,7.686,7.899,8.068,8.265,8.439,8.618,8.800,8.994,9.177,9.368,9.550,9.725,9.908,10.088,10.278,10.456,10.650,10.848,11.022,11.185,11.374,11.553,11.738,11.917,12.093,12.267,12.448,12.627,12.805,12.973,13.151,13.334,13.518,13.686,13.869,14.049,14.234,
2,6,0.295,0.477,0.644,0.824,0.996,1.166,1.341,1.523,1.685,1.866,2.037,2.215,2.385,2.553,2.728,2.889,3.063,3.248,3.423,3.593,3.769,3.935,4.098,4.269,
2,7,0.181,0.333,0.517,0.681,0.864,1.032,1.201,1.384,1.549,1.727,1.918,2.084,2.277,2.467,2.664,2.847,3.030,3.218,3.402,3.578,3.750,3.923,4.094,4.269,4.440,4.611,4.748,4.902,5.121,5.283,5.441,5.622,5.807,5.988,6.169,6.348,6.528,6.705,6.904,7.067,7.275,7.539,7.877,8.025,8.228,8.398,8.568,8.740,8.929,9.097,9.271,9.459,9.638,9.807,9.987,10.162,10.338,10.522,10.700,10.873,11.043,11.214,11.378,11.557,11.711,11.889,12.056,12.228,
2,8,0.229,0.400,0.560,0.723,0.900,1.066,1.241,1.414,1.593,1.763,1.942,2.124,2.312,2.496,2.681,2.867,3.052,3.263,3.437,3.620,3.800,3.975,4.170,4.351,4.529,4.707,4.897,5.072,5.264,5.438,5.621,5.811,6.015,6.198,6.398,6.567,6.769,6.947,7.148,7.328,7.515,7.696,7.899,8.075,8.247,8.433,8.624,8.819,9.000,9.193,9.375,9.563,9.766,9.939,10.116,10.285,
2,9,0.084,0.236,0.396,0.584,0.763,0.950,1.147,1.324,1.514,1.706,1.902,2.089,2.284,2.468,2.652,2.832,3.014,3.194,3.398,3.571,3.764,3.941,4.148,4.318,4.515,4.695,4.860,5.048,5.230,5.417,5.601,5.777,5.963,6.154,6.348,6.541,6.729,6.921,7.098,7.287,7.472,7.665,7.842,8.024,8.210,
2,10,0.119,0.302,0.486,0.676,0.867,1.062,1.237,1.418,1.606,1.799,1.986,2.166,2.360,2.553,2.772,2.955,3.149,3.351,3.534,3.723,3.906,4.087,4.297,
2,11,0.219,0.412,0.607,0.787,0.973,1.157,1.342,1.527,1.702,1.874,2.057,2.236,
2,12,0.149,0.332,0.516,0.703,0.900,1.079,1.266,1.450,1.650,1.823,2.017,2.200,2.400,2.567,2.739,2.909,3.083,3.267,3.438,3.603,3.925,4.109,4.299,4.467,4.651,4.829,5.002,5.185,5.373,5.559,5.743,5.923,6.113,
2,13,0.083,0.288,0.490,0.670,0.864,1.061,1.270,1.464,1.651,1.840,2.033,2.234,2.414,2.599,
2,14,0.160,0.346,0.521,0.704,0.892,1.077,1.271,1.458,1.641,1.828,2.021,2.186,
2,15,0.198,0.394,0.577,0.805,0.986,1.166,1.356,1.537,1.718,1.910,2.097,2.269,2.458,2.652,2.819,2.994,3.167,3.345,3.524,3.706,3.896,4.082,4.237,
2,16,0.096,0.271,0.460,0.647,0.817,0.999,1.182,1.363,1.539,1.722,1.907,2.090,2.269,2.450,2.648,2.817,3.000,3.194,3.333,3.520,3.707,3.899,4.072,4.266,4.443,4.613,4.781,4.942,5.117,5.291,5.469,5.684,5.905,6.150,6.400,6.551,6.725,6.912,7.092,7.276,7.457,7.651,7.829,8.018,8.191,
2,17,0.079,0.252,0.426,0.612,0.801,0.969,1.154,1.340,1.516,1.697,1.876,2.067,2.267,2.444,2.650,2.814,2.989,3.198,3.361,3.548,3.752,3.948,4.151,4.329,4.532,4.708,4.877,5.062,5.237,5.433,5.623,5.793,5.984,6.164,
2,18,0.094,0.290,0.470,0.653,0.847,1.037,1.227,1.424,1.614,1.786,1.987,2.169,2.367,2.563,2.744,2.939,3.128,3.313,3.523,3.712,3.904,4.072,4.274,
2,19,0.171,0.358,0.534,0.744,0.924,1.102,1.274,1.466,1.655,1.854,2.029,2.221,2.400,2.583,2.776,2.976,3.169,3.359,3.561,3.743,3.936,4.151,4.335,4.518,4.695,4.885,5.078,5.269,5.452,5.621,5.803,5.988,6.175,6.364,6.543,6.728,6.914,7.095,7.269,7.453,7.617,7.797,7.967,8.110,8.286,8.462,8.651,8.833,9.020,9.195,9.375,9.567,9.749,9.937,10.112,10.305,10.485,10.655,10.818,10.981,11.154,11.338,11.521,11.671,11.856,12.026,12.200,12.389,12.559,12.772,12.936,13.114,13.303,13.486,13.672,13.851,14.032,14.227,14.425,14.622,14.814,14.997,15.190,15.390,15.551,15.735,15.907,16.086,16.279,
2,20,0.028,0.207,0.394,0.566,0.739,0.927,1.098,1.272,1.456,1.645,1.816,2.000,2.186,2.358,2.542,2.734,2.912,3.090,3.267,3.445,3.623,3.807,3.984,4.161,4.350,4.546,4.732,4.918,5.106,5.301,5.489,5.678,5.849,6.037,6.224,6.412,6.598,6.789,6.981,7.156,7.340,7.533,7.727,7.919,8.108,8.299,8.484,8.666,8.861,9.046,9.242,9.436,9.649,9.822,10.016,10.211,
2,21,0.079,0.274,0.450,0.645,0.842,1.040,1.252,1.442,1.623,1.817,2.020,2.201,2.377,
2,22,0.116,0.299,0.490,0.661,0.838,1.026,1.196,1.376,1.557,1.734,1.911,2.091,2.269,2.453,2.643,2.808,2.997,3.159,3.346,3.517,3.694,3.869,4.058,4.227,4.412,4.591,4.767,4.957,5.145,5.309,5.477,5.649,5.832,6.012,6.200,6.377,6.551,6.730,6.905,7.082,7.262,7.427,7.602,7.767,7.933,
2,23,0.166,0.337,0.546,0.721,0.913,1.094,1.291,1.491,1.684,1.897,2.073,2.268,2.457,2.647,2.844,3.040,3.235,3.423,3.610,3.805,3.992,4.188,4.374,4.566,4.765,4.957,5.153,5.343,5.548,5.750,5.955,6.157,6.349,6.549,6.731,6.925,7.098,7.282,7.465,7.649,7.842,8.024,8.216,8.400,8.579,
2,24,0.061,0.267,0.467,0.650,0.849,1.044,1.246,1.467,1.656,1.843,2.050,2.233,
2,25,0.092,0.291,0.496,0.708,0.862,1.054,1.227,1.416,1.584,1.783,1.971,2.151,2.338,2.527,2.726,2.904,3.094,3.280,3.494,3.684,3.903,4.073,4.269,4.450,4.640,4.826,5.020,5.206,5.396,5.589,5.785,5.979,6.167,6.352,6.538,6.715,6.898,7.072,7.252,7.417,7.600,7.792,7.974,8.159,8.350,8.546,8.753,8.932,9.121,9.322,9.522,9.694,9.893,10.082,10.272,10.451,
2,26,0.087,0.303,0.479,0.670,0.852,1.040,1.233,1.432,1.600,1.787,1.960,2.148,2.334,2.526,2.719,2.912,3.103,3.296,3.485,3.695,3.889,4.069,4.272,4.452,4.639,4.830,5.022,5.208,5.398,5.581,5.777,5.959,6.158,6.339,6.523,6.731,6.908,7.105,7.282,7.472,7.655,7.846,8.029,8.206,8.395,8.577,8.774,8.957,9.150,9.350,9.546,9.739,9.926,10.124,10.320,10.525,10.685,10.872,11.047,11.215,11.351,11.530,11.711,11.892,12.086,12.285,12.436,12.627,12.825,13.009,13.212,13.393,13.602,13.798,13.991,14.184,
2,27,0.099,0.302,0.499,0.694,0.894,1.084,1.276,1.473,1.669,1.869,2.059,2.249,2.427,2.618,2.809,3.000,3.185,3.376,3.554,3.737,3.929,4.112,4.289,4.477,4.661,4.852,5.042,5.228,5.417,5.599,5.777,5.962,6.151,6.343,6.521,6.693,6.868,7.046,7.235,7.409,7.589,7.764,7.950,8.147,8.309,8.485,8.833,9.022,9.191,
2,28,0.165,0.357,0.568,0.751,0.936,1.139,1.324,1.500,1.677,1.864,2.041,2.235,2.431,2.627,2.810,2.997,3.183,3.366,3.564,3.774,3.944,4.125,4.323,
2,29,0.052,0.233,0.410,0.593,0.768,0.952,1.134,1.323,1.518,1.682,1.867,2.046,2.231,2.417,2.604,2.769,2.959,3.142,3.332,3.519,3.703,3.892,4.079,4.269,4.442,4.640,4.827,5.020,5.200,5.387,5.573,5.770,5.947,6.137,6.324,6.520,6.686,6.876,7.057,7.215,7.395,7.574,7.727,7.921,8.113,8.283,8.466,8.638,8.813,8.998,9.182,9.357,9.537,9.714,9.910,10.086,
2,30,0.175,0.364,0.555,0.745,0.941,1.134,1.327,1.523,1.720,1.916,2.102,2.295,2.485,2.670,2.860,3.059,3.250,3.425,3.635,3.809,3.985,4.177,
2,31,0.107,0.305,0.492,0.688,0.875,1.084,1.247,1.427,1.626,1.809,2.002,2.194,2.392,2.578,2.775,2.961,3.142,3.342,3.531,3.723,3.914,4.109,4.285,4.475,4.664,4.855,5.040,5.221,5.562,5.760,5.950,6.144,6.327,6.510,6.689,6.875,7.068,7.239,7.425,7.626,7.814,7.983,8.174,8.366,8.541,8.723,8.903,9.068,9.245,9.448,9.598,
2,32,0.030,0.207,0.396,0.581,0.763,0.965,1.163,1.313,1.478,1.668,1.842,2.025,2.213,2.402,2.576,2.752,2.932,3.128,3.302,3.493,3.672,3.867,4.041,4.229,4.403,4.581,4.770,4.961,5.125,5.314,5.499,5.686,5.869,6.052,6.234,6.416,6.614,6.800,6.971,7.168,7.357,7.531,7.717,7.900,8.320,
2,33,0.035,0.233,0.430,0.614,0.818,1.014,1.190,1.397,1.567,1.782,1.932,2.148,2.330,
2,34,0.156,0.362,0.565,0.717,0.925,1.115,1.290,1.483,1.680,1.877,2.052,2.246,2.432,2.628,2.838,3.018,3.203,3.400,3.588,3.780,3.966,4.164,4.351,4.528,4.725,4.930,5.104,5.269,5.459,5.657,5.851,6.028,6.200,6.399,6.583,6.779,6.972,7.178,7.352,7.532,
2,35,0.112,0.295,0.467,0.654,0.807,0.985,1.196,1.372,1.545,1.750,1.911,2.113,2.289,2.488,2.677,2.859,3.036,3.233,3.411,3.622,3.772,3.960,4.143,4.329,4.522,4.707,4.896,5.085,5.273,5.471,5.664,5.843,6.023,6.212,6.405,6.592,6.794,6.976,7.160,7.345,7.538,7.741,7.918,8.099,8.294,8.475,8.659,8.848,9.036,9.229,9.403,9.570,9.775,9.975,10.169,10.367,10.569,10.775,10.929,11.110,11.328,11.525,
2,36,0.102,0.275,0.440,0.649,0.803,0.981,1.161,1.336,1.526,1.721,1.905,2.105,2.278,2.463,2.655,2.849,3.026,3.210,3.401,3.580,3.772,3.965,4.151,4.331,4.518,4.704,4.885,5.061,5.227,5.401,5.574,5.768,5.933,6.107,6.282,6.468,6.652,6.827,7.019,7.188,7.353,7.536,7.705,7.886,
2,37,0.121,0.309,0.495,0.668,0.840,1.030,1.212,1.400,1.605,1.779,1.967,2.150,2.335,2.526,2.721,2.912,3.082,3.283,3.470,3.663,3.845,4.027,4.214,4.410,4.581,4.768,4.952,5.135,5.322,5.519,5.699,5.902,6.075,6.269,6.450,6.652,6.837,7.019,7.206,7.392,7.579,7.770,7.954,
2,38,0.184,0.397,0.575,0.769,0.950,1.147,1.347,1.548,1.723,1.929,2.121,2.297,2.489,2.698,2.878,3.057,3.265,3.439,3.648,3.817,4.015,4.204,4.399,4.587,4.766,4.965,5.154,5.349,5.547,5.744,5.943,6.150,6.350,6.538,6.744,6.928,7.150,7.350,7.538,7.734,7.922,8.103,8.298,8.517,8.698,8.901,9.068,9.246,9.435,9.702,9.885,10.078,10.268,10.449,10.651,10.828,11.032,11.231,11.404,11.585,11.774,11.943,12.136,12.320,12.495,12.669,12.844,13.050,13.235,13.439,13.624,13.785,13.944,14.137,
2,39,0.184,0.360,0.549,0.732,0.915,1.102,1.272,1.467,1.643,1.824,2.018,2.191,2.384,2.565,2.742,2.932,3.113,3.299,3.471,3.648,3.828,4.019,4.189,4.363,4.545,4.727,4.911,5.082,5.269,5.453,5.623,5.799,5.969,6.143,6.312,6.499,6.678,6.857,7.025,7.201,
2,40,0.032,0.118,0.221,0.342,0.450,0.569,0.686,0.803,0.925,1.063,1.190,1.314,1.435,1.561,1.693,1.790,1.904,2.025,2.161,2.281,2.400,2.516,2.650,2.767,2.900,3.017,3.150,3.251,3.368,3.501,3.624,3.752,3.865,3.994,4.123,4.267,4.401,4.517,4.627,4.751,4.872,5.018,5.151,5.273,5.473,5.576,5.694,5.826,5.949,6.089,6.214,6.352,6.626,6.902,7.240,7.353,7.467,7.586,7.816,7.948,8.070,
2,41,0.183,0.371,0.562,0.748,0.940,1.147,1.312,1.491,1.674,1.863,2.048,2.406,2.647,2.819,3.014,3.198,3.398,3.559,3.740,3.932,4.148,4.328,4.515,4.732,4.920,5.116,5.309,5.515,5.732,5.908,6.113,6.313,6.516,6.733,6.927,7.149,7.342,7.569,7.771,8.017,8.267,
2,42,0.166,0.399,0.592,0.791,0.988,1.181,1.400,1.580,1.782,1.992,2.197,2.403,2.606,2.806,3.017,3.213,3.421,3.625,3.827,4.018,4.205,4.406,4.595,4.786,4.986,5.189,5.402,5.590,5.789,5.984,6.178,6.369,6.550,6.738,6.935,7.121,7.307,7.497,7.685,7.871,8.060,8.253,8.448,8.646,8.830,9.037,9.254,9.433,9.637,9.824,10.021,10.224,10.427,10.612,10.808,11.021,11.193,11.388,11.577,11.772,11.936,12.113,12.302,12.489,12.672,12.860,13.034,13.211,13.403,13.773,13.933,14.124,14.336,
2,43,0.081,0.271,0.420,0.587,0.780,0.955,1.138,1.312,1.503,1.671,1.888,2.110,2.281,2.472,2.653,2.844,3.031,3.218,3.416,3.607,3.800,3.990,4.185,4.390,4.578,4.778,5.028,5.376,5.567,5.778,5.977,6.157,6.347,6.533,
2,44,0.186,0.372,0.561,0.743,0.939,1.137,1.331,1.521,1.706,1.888,2.074,2.286,
2,45,0.089,0.275,0.459,0.650,0.843,1.044,1.235,1.434,1.614,1.806,2.002,2.190,2.400,2.580,2.772,2.954,3.153,3.346,3.542,3.749,3.934,4.135,4.321,4.518,4.708,4.904,5.091,5.289,5.490,5.699,5.905,6.126,6.315,6.519,6.694,6.892,7.103,7.313,7.557,7.741,7.968,8.159,8.344,8.535,8.752,8.955,
2,46,0.044,0.237,0.435,0.646,0.814,1.018,1.209,1.412,1.607,1.816,2.032,2.264,2.450,2.672,2.848,3.057,3.264,3.460,3.664,3.864,4.071,4.288,4.483,4.709,4.939,5.148,5.365,5.568,5.774,5.967,6.170,6.377,6.572,6.778,6.972,7.174,7.399,7.605,7.804,8.021,8.241,8.453,8.650,8.844,9.057,9.298,9.548,9.767,9.960,10.151,10.369,10.566,10.768,10.957,11.166,11.388,11.581,11.783,11.968,12.163,12.347,12.533,12.735,12.917,13.117,13.313,13.499,13.698,13.933,14.127,14.316,14.520,14.698,14.886,15.060,15.270,15.429,15.602,15.788,15.975,16.143,
2,47,0.152,0.308,0.489,0.688,0.873,1.059,1.261,1.455,1.672,1.860,2.060,2.243,2.433,2.626,2.829,3.022,3.211,3.412,3.585,3.776,3.962,4.146,4.338,4.539,4.728,4.925,5.096,5.288,5.457,5.621,5.803,5.937,6.173,6.306,
2,48,0.111,0.289,0.482,0.658,0.847,1.037,1.228,1.427,1.603,1.802,2.022,2.181,2.367,2.588,2.772,2.939,3.120,3.300,3.500,3.682,3.856,4.056,4.251,4.446,4.624,4.814,5.001,5.174,5.360,5.535,5.726,5.914,6.083,6.274,6.450,6.627,6.799,6.984,7.162,7.334,7.524,7.678,7.848,8.025,8.194,8.376,8.542,8.725,8.896,9.059,9.233,9.413,9.588,9.775,9.954,10.142,10.323,10.526,10.689,10.862,11.044,11.222,11.404,11.577,11.808,11.902,12.031,12.143,12.263,
2,49,0.200,0.397,0.585,0.778,0.980,1.166,1.354,1.555,1.765,1.954,2.148,2.361,2.534,2.724,2.934,3.128,3.316,3.500,3.700,3.923,4.101,4.313,4.516,4.701,4.914,5.107,5.304,5.498,5.698,5.900,6.126,6.305,6.483,6.684,6.900,7.076,7.304,7.542,7.736,7.935,8.137,8.350,8.541,8.768,8.946,9.123,9.321,9.548,9.768,9.971,10.463,10.646,10.815,11.000,11.174,11.354,11.519,11.691,11.866,12.035,12.200,12.350,12.520,12.681,12.874,13.075,13.270,13.438,13.637,13.819,14.021,14.170,
2,50,0.063,0.239,0.425,0.614,0.805,1.015,1.205,1.407,1.600,1.801,2.003,2.189,2.399,2.584,2.779,2.968,3.162,3.362,3.553,3.750,3.948,4.150,4.329,4.525,4.709,4.909,5.103,5.314,5.517,5.732,5.951,6.150,
2,51,0.032,0.206,0.399,0.566,0.766,0.946,1.150,1.332,1.516,1.712,1.900,2.073,2.239,2.415,2.599,2.767,2.947,3.140,3.327,3.501,3.901,4.045,4.231,4.413,4.597,4.768,4.938,5.124,5.306,5.484,5.660,5.847,6.023,6.209,6.402,6.571,6.751,6.933,7.111,7.305,7.484,7.686,7.859,8.047,8.226,
2,52,0.081,0.275,0.426,0.595,0.784,0.959,1.151,1.335,1.525,1.705,1.892,2.085,2.276,2.468,2.661,2.851,3.044,3.230,3.417,3.614,3.801,3.996,4.176,4.371,4.557,4.747,4.929,5.115,5.292,5.477,5.662,5.843,6.027,6.213,6.394,6.571,6.736,6.916,7.092,7.278,7.475,7.660,7.847,8.028,8.217,8.395,8.576,8.765,8.962,9.157,9.345,9.521,9.705,9.896,10.073,10.263,10.449,10.646,10.821,11.017,11.210,11.397,11.575,11.771,11.937,12.147,12.329,12.537,
2,53,0.141,0.321,0.525,0.713,0.892,1.078,1.275,1.448,1.775,1.949,2.142,2.335,2.499,2.943,3.143,3.319,3.519,3.709,3.898,4.089,4.279,4.469,4.643,4.817,5.027,5.197,5.394,5.555,5.716,5.894,6.081,6.264,6.457,6.644,6.822,7.014,7.207,7.403,7.588,7.774,7.977,8.155,8.352,8.531,8.715,8.900,9.086,9.269,
2,54,0.073,0.266,0.418,0.616,0.782,0.994,1.187,1.367,1.564,
2,55,0.088,0.278,0.451,0.646,0.810,1.000,1.180,1.365,1.562,1.735,1.905,2.092,2.280,2.466,2.655,2.838,3.037,3.219,3.412,3.599,3.781,3.963,4.152,4.333,4.528,4.707,4.898,5.087,5.275,5.458,5.648,5.838,6.033,6.224,
2,56,0.122,0.311,0.498,0.697,0.891,1.071,1.274,1.470,1.665,1.861,2.059,2.275,2.470,2.668,2.863,3.053,3.259,3.442,3.623,3.808,4.000,4.180,4.363,4.544,4.737,4.923,5.124,5.319,5.509,5.693,5.893,6.073,6.260,6.440,6.619,6.805,6.988,7.168,7.356,7.542,7.723,7.899,8.075,8.261,8.435,8.616,8.800,8.985,9.172,9.354,9.538,9.730,9.921,10.111,
2,57,0.049,0.237,0.428,0.627,0.821,1.014,1.204,1.403,1.582,1.769,1.954,2.148,2.328,2.519,2.722,2.932,3.127,3.314,3.501,3.697,3.899,4.088,4.281,4.475,4.664,4.848,5.036,5.228,5.414,5.604,5.785,5.965,6.159,6.351,6.538,6.733,6.915,7.115,7.300,7.492,7.675,7.872,8.058,8.250,8.440,8.628,8.821,9.018,9.213,9.401,9.594,9.793,9.968,10.157,10.330,10.519,10.689,10.823,11.019,11.193,11.386,11.569,11.752,11.940,12.153,
2,58,0.124,0.285,0.472,0.666,0.829,1.017,1.194,1.365,1.542,1.732,1.912,2.107,2.272,2.458,
2,59,0.128,0.331,0.523,0.699,0.894,1.086,1.278,1.464,1.652,1.849,2.037,2.239,2.451,2.641,2.831,3.036,3.239,3.406,3.594,3.784,3.974,4.172,4.363,4.535,4.723,4.925,5.110,5.297,5.477,5.660,5.855,6.034,6.215,6.393,6.583,6.769,6.944,7.128,7.337,7.484,7.662,7.833,7.986,8.144,8.367,
2,60,0.045,0.250,0.438,0.612,0.805,0.999,1.190,1.373,1.552,1.736,1.918,2.106,2.293,2.474,2.654,2.846,3.041,3.229,3.426,3.610,3.797,3.973,4.154,4.335,4.519,4.699,4.893,5.057,5.241,5.403,5.598,5.792,5.967,6.158,6.328,6.501,6.681,6.853,7.036,7.229,7.419,7.610,7.793,7.964,8.145,8.309,8.493,8.676,8.854,9.054,9.233,9.426,9.604,9.782,9.971,10.145,10.333,
2,61,0.107,0.298,0.482,0.650,0.832,1.012,1.180,1.371,1.551,1.738,1.923,2.093,2.267,2.451,2.626,2.813,2.973,3.397,3.497,3.608,3.704,3.821,4.055,4.186,4.320,4.486,4.608,4.898,5.001,5.175,5.360,5.562,5.747,5.910,6.090,6.295,
2,62,0.172,0.365,0.553,0.740,0.916,1.116,1.302,1.493,1.686,1.876,2.063,2.241,2.430,2.620,2.813,2.991,3.180,3.363,3.546,3.735,3.916,4.114,4.320,4.492,4.682,4.871,5.054,5.252,5.444,5.627,5.814,6.021,6.189,6.377,6.561,6.743,6.920,7.098,7.284,7.467,7.646,7.833,8.026,8.210,8.396,8.578,8.748,8.923,9.104,9.284,9.461,9.643,9.825,10.022,10.182,10.373,10.560,10.739,10.930,11.112,11.288,11.484,11.671,11.851,12.023,12.204,12.390,12.580,12.747,12.926,13.112,13.286,13.465,13.653,13.837,14.024,14.207,14.391,14.574,14.753,14.938,15.100,15.275,15.445,15.626,15.813,16.003,16.189,
2,63,0.120,0.319,0.519,0.709,0.908,1.118,1.323,1.519,1.728,1.936,2.104,2.302,2.520,2.705,2.907,3.103,3.282,3.476,3.668,3.856,4.032,4.226,4.406,4.592,4.771,4.959,5.155,5.346,5.521,5.715,5.910,6.098,6.299,6.497,6.684,6.889,7.072,7.272,7.463,7.672,7.862,8.057,8.247,
2,64,0.146,0.341,0.533,0.727,0.921,1.118,1.306,1.498,1.701,1.892,2.069,2.259,2.449,2.627,2.804,2.976,3.143,3.316,3.500,3.665,3.836,4.010,4.180,4.356,4.549,4.722,4.924,5.105,5.277,5.486,5.682,5.870,6.059,6.291,6.487,6.676,6.877,7.075,7.262,7.454,7.645,7.817,7.993,8.170,8.362,
2,65,0.124,0.312,0.498,0.672,0.852,1.047,1.218,1.397,1.582,1.752,1.919,2.095,2.269,2.442,2.612,2.786,2.949,3.126,3.318,3.503,3.678,3.850,4.043,4.215,4.399,4.551,4.731,4.916,5.082,5.266,5.424,5.601,5.778,5.934,6.127,6.310,6.812,7.017,7.342,7.530,
2,66,0.110,0.281,0.446,0.607,0.769,0.917,1.111,1.223,1.402,1.519,1.583,1.705,1.784,1.905,2.118,2.328,2.447,2.554,2.668,2.775,2.887,2.996,3.117,3.225,3.348,3.462,3.582,3.697,3.823,3.940,4.059,4.161,
2,67,0.088,0.209,0.317,0.440,0.544,0.660,0.773,0.895,1.023,1.127,1.240,1.364,1.481,1.592,1.713,1.836,1.960,2.071,2.188,2.316,2.428,2.568,2.688,2.824,2.925,3.052,3.296,3.540,3.665,3.796,3.912,4.049,4.317,
2,68,0.048,0.169,0.417,0.644,0.876,1.140,1.247,1.390,1.620,1.863,2.096,2.329,2.478,2.598,2.839,3.087,3.331,3.595,3.865,4.141,4.401,4.660,
2,69,0.147,0.291,0.456,0.623,0.794,0.970,1.147,1.320,1.542,1.749,1.941,2.148,2.334,2.525,2.715,2.898,3.084,3.265,3.449,3.649,3.824,4.020,4.218,4.408,4.618,4.809,5.003,5.193,5.399,5.566,5.748,5.924,6.108,6.276,6.450,6.650,6.823,7.003,7.172,7.365,7.545,7.720,7.901,8.069,8.267,8.447,8.651,8.818,9.018,9.201,9.401,9.578,9.768,9.932,10.135,
2,70,0.032,0.199,0.378,0.547,0.724,0.900,1.101,1.342,1.525,1.728,1.925,2.110,2.307,2.517,2.675,2.866,3.051,3.250,3.449,3.615,3.805,3.998,4.156,4.322,4.496,4.672,4.851,5.036,5.248,5.433,5.591,5.768,5.917,6.084,6.269,6.421,6.607,6.830,7.019,7.206,7.368,7.566,7.769,7.944,8.117,8.294,8.453,8.636,8.812,8.959,9.168,9.336,9.554,9.770,9.936,10.137,10.316,10.494,10.673,10.845,11.036,11.212,11.374,11.549,11.725,11.894,12.055,12.240,12.418,12.594,12.772,12.918,13.107,13.277,13.457,13.625,13.792,13.973,14.139,
2,71,0.103,0.290,0.497,0.683,0.874,1.062,1.266,1.440,1.627,1.826,2.021,2.219,2.409,2.610,2.813,3.001,3.197,3.400,3.619,3.788,3.990,4.174,4.361,4.558,4.749,4.944,5.141,5.333,5.523,5.721,5.914,6.110,6.315,6.519,6.712,6.911,7.103,7.288,7.482,7.677,7.850,8.028,8.215,8.418,8.620,8.803,8.995,9.194,9.386,9.583,9.792,10.020,10.217,10.410,10.620,10.805,11.002,11.191,11.398,11.590,11.771,11.987,12.174,12.362,12.553,12.748,12.948,13.203,13.397,13.610,13.804,14.022,14.212,14.409,14.602,14.806,15.001,15.183,15.377,15.592,15.777,15.980,16.178,
2,72,0.201,0.393,0.595,0.809,0.893,1.010,1.222,1.304,1.440,1.690,1.801,1.921,2.165,2.394,2.621,2.855,3.089,3.332,3.568,3.815,4.052,4.290,4.540,4.778,5.027,5.274,5.522,5.779,6.031,6.273,6.522,6.821,7.108,7.367,7.612,7.896,8.158,8.475,8.774,8.897,9.114,9.274,9.456,9.656,9.824,10.014,10.186,10.363,10.549,10.723,10.909,11.148,11.327,11.519,11.737,11.945,12.148,12.354,12.532,12.721,12.916,13.097,13.289,13.468,13.649,13.825,14.037,14.238,14.433,14.649,14.845,15.021,15.251,15.404,15.557,15.741,15.928,16.113,16.353,
2,73,0.056,0.243,0.426,0.611,0.808,0.981,1.179,1.353,1.549,1.745,1.937,2.121,2.322,2.497,2.693,2.897,3.075,3.272,3.463,3.672,3.864,4.056,4.264,4.457,4.666,4.858,5.055,5.246,5.445,5.648,5.840,6.041,6.243,6.441,6.648,6.840,7.024,7.223,7.415,7.616,7.815,8.021,8.228,8.427,8.618,8.821,9.034,9.225,9.424,9.621,9.824,10.035,10.219,
2,74,0.098,0.311,0.487,0.672,0.863,1.049,1.240,1.433,1.618,1.806,1.977,2.167,2.342,2.524,2.699,2.904,3.099,3.283,3.483,3.700,3.900,4.079,4.275,4.463,4.655,4.836,5.022,5.213,5.400,5.580,5.767,5.954,6.134,6.319,6.500,6.682,6.874,7.061,7.246,7.428,7.619,7.804,7.997,8.180,
2,75,0.044,0.274,0.465,0.653,0.823,1.001,1.168,1.356,1.531,1.684,1.861,2.054,2.226,2.419,2.602,2.795,2.990,3.177,3.362,3.555,3.748,3.941,4.125,4.308,4.521,4.693,4.888,5.075,5.271,5.451,5.643,5.835,6.026,6.214,6.415,6.617,6.804,6.990,7.179,7.377,7.563,7.731,7.929,8.090,8.278,8.451,8.623,8.808,9.001,9.183,9.375,9.565,9.774,9.947,10.140,
2,76,0.171,0.400,0.557,0.735,0.953,1.150,1.330,1.526,1.700,1.901,2.070,2.268,2.448,2.634,2.824,3.023,3.205,3.388,3.571,3.768,3.939,4.135,4.323,4.523,4.708,4.902,5.075,5.269,5.437,5.617,5.808,5.997,6.172,6.348,6.551,6.738,6.935,7.124,7.304,7.488,7.676,7.830,8.020,8.201,8.391,8.585,8.771,8.957,9.151,9.333,9.521,9.708,9.900,10.068,10.271,
2,77,0.099,0.288,0.472,0.665,0.861,1.055,1.250,1.441,1.628,1.814,2.017,2.201,2.374,2.567,2.768,2.948,3.125,3.305,3.493,3.676,3.850,4.037,4.227,4.413,4.605,4.796,4.984,5.167,5.346,5.540,5.728,5.924,6.114,6.307,
2,78,0.041,0.212,0.401,0.584,0.763,0.956,1.126,1.309,1.494,1.690,1.897,2.059,2.248,2.447,2.627,2.814,3.019,3.210,3.415,3.595,3.792,3.977,4.166,4.359,4.539,4.724,4.918,5.110,5.300,5.489,5.677,5.872,6.063,6.266,
2,79,0.082,0.244,0.436,0.626,0.829,1.027,1.211,1.407,1.595,1.780,1.966,2.150,2.347,
2,80,0.056,0.242,0.435,0.618,0.806,0.992,1.176,1.368,1.558,1.745,1.943,2.120,2.316,2.519,2.709,2.902,3.095,3.284,3.471,3.661,3.862,4.063,4.270,
2,81,0.105,0.304,0.494,0.668,0.866,1.064,1.267,1.438,1.624,1.819,2.002,2.201,2.401,2.584,2.772,2.964,
2,82,0.199,0.374,0.560,0.741,0.925,1.098,1.270,1.441,1.574,1.737,1.893,2.032,2.230,2.397,2.574,2.750,2.936,3.115,3.289,3.464,3.652,3.821,4.021,4.206,4.368,4.562,4.738,4.907,5.094,5.272,5.442,5.639,5.823,6.022,6.189,6.370,6.560,6.748,6.938,7.113,7.307,7.478,7.666,7.867,8.051,8.236,8.413,8.602,8.911,9.090,9.279,9.479,9.659,9.850,10.036,10.228,10.415,10.616,10.818,10.999,11.198,11.391,11.591,11.779,11.983,12.179,12.376,12.575,12.775,12.955,13.151,13.337,13.538,13.715,13.903,14.092,14.279,
2,83,0.121,0.310,0.488,0.682,0.877,1.055,1.234,1.405,1.557,1.664,1.816,1.937,2.161,2.336,2.530,2.735,2.937,3.147,3.335,3.537,3.741,3.942,4.147,4.333,4.539,4.732,4.922,5.148,5.321,5.514,5.707,5.898,6.093,6.299,
2,84,0.147,0.322,0.521,0.747,0.902,1.096,1.281,1.477,1.657,1.836,2.014,2.197,2.398,2.561,2.748,2.919,3.116,3.289,3.497,3.682,3.870,4.059,4.265,4.462,4.649,4.814,5.016,5.192,5.399,5.579,5.766,5.953,6.149,6.345,6.538,6.725,6.912,7.096,7.287,7.491,7.678,7.868,8.060,8.267,8.448,8.651,8.830,9.027,9.198,9.406,9.584,9.786,9.967,10.146,10.346,10.535,10.721,10.923,11.107,11.296,11.497,11.680,11.863,12.053,
2,85,0.088,0.265,0.428,0.615,0.793,0.958,1.149,1.302,1.469,1.654,1.826,2.001,2.171,2.351,
3,1,0.052,0.226,0.405,0.574,0.743,0.910,1.107,1.268,1.433,1.602,1.773,1.949,2.113,2.269,2.451,2.651,2.819,2.991,3.167,3.329,3.519,3.669,3.835,3.994,4.165,4.332,4.496,
3,2,0.147,0.323,0.485,0.644,0.807,0.975,1.148,1.297,1.479,1.651,1.811,1.980,2.140,2.323,2.486,2.649,2.824,2.988,3.155,3.324,3.472,3.641,3.816,3.976,4.141,4.324,
3,3,0.058,0.231,0.405,0.570,0.739,0.914,1.080,1.242,1.419,1.599,1.767,1.925,2.106,2.272,2.443,2.624,2.801,2.958,3.135,3.296,3.463,3.625,3.802,3.955,4.123,4.284,4.447,4.616,4.802,4.957,5.136,5.293,5.469,5.636,5.803,5.969,6.136,6.290,6.450,6.608,6.770,6.925,7.090,7.270,7.428,7.596,7.753,7.912,8.073,8.235,8.400,8.580,8.741,8.906,9.058,9.226,9.392,9.555,9.718,9.898,10.068,10.240,
3,4,0.041,0.146,0.227,0.325,0.452,0.549,0.651,0.744,0.852,0.967,1.070,1.189,1.289,1.402,1.500,1.615,1.728,1.840,1.958,2.076,2.198,2.303,2.415,2.526,2.647,2.734,2.863,2.975,3.101,3.215,3.322,3.441,3.558,3.663,3.782,3.898,3.993,4.098,4.209,4.308,4.546,4.676,4.794,4.925,5.040,5.148,5.265,5.399,5.515,5.649,5.748,5.899,5.999,6.242,6.473,6.711,6.950,7.183,7.310,7.415,7.650,7.766,7.900,8.124,8.244,8.362,8.485,8.601,8.718,8.838,9.077,9.351,9.460,9.589,9.709,9.841,9.972,10.098,10.229,10.351,10.480,10.607,10.731,10.855,10.987,11.112,11.248,11.373,11.638,11.888,12.113,12.218,12.329,12.571,12.696,12.816,12.938,13.053,13.168,13.287,13.414,13.534,13.657,13.784,13.911,14.036,14.280,14.524,14.646,14.770,14.878,14.998,15.270,15.391,15.520,15.770,15.895,16.003,16.249,
3,5,0.214,0.376,0.518,0.677,0.857,1.030,1.196,1.370,1.534,1.696,1.860,2.037,2.203,2.386,2.544,2.715,2.903,3.064,3.232,3.405,3.576,3.770,3.928,4.098,4.270,
3,6,0.092,0.270,0.432,0.595,0.766,0.940,1.110,1.282,1.435,1.598,1.751,1.928,2.081,2.243,2.420,2.584,2.738,2.900,3.064,3.229,3.405,3.580,3.745,3.925,4.098,4.267,4.440,4.609,4.783,4.958,5.124,5.293,5.456,5.628,5.798,5.964,6.144,6.322,
3,7,0.057,0.235,0.402,0.574,0.745,0.915,1.074,1.248,1.418,1.590,1.777,1.932,2.100,2.264,2.432,2.610,2.774,2.949,3.117,3.296,3.467,3.645,3.798,3.970,4.145,4.308,4.471,4.645,4.811,4.965,5.146,5.308,5.477,5.646,5.814,5.985,6.161,6.343,6.513,6.687,6.866,7.036,7.215,7.397,7.562,7.733,7.914,8.081,8.264,8.444,8.614,8.781,8.948,9.124,9.305,9.479,9.648,9.813,9.981,10.148,10.307,10.483,10.648,10.818,10.978,11.153,11.341,11.515,11.661,11.822,11.971,12.149,12.319,12.487,12.654,12.822,13.001,13.170,13.322,13.501,13.670,13.841,14.016,14.184,
3,8,0.089,0.183,0.264,0.361,0.458,0.551,0.648,0.749,0.853,1.063,1.169,1.283,1.398,1.531,1.625,1.740,1.831,1.942,2.041,2.157,2.274,2.398,2.485,2.598,2.696,2.815,2.936,3.056,3.186,3.298,3.421,3.532,3.654,3.766,3.874,3.989,4.120,4.222,4.341,4.455,4.577,4.687,4.820,4.926,5.025,5.150,5.251,5.376,5.517,5.626,5.767,5.900,6.003,6.150,6.400,6.650,6.901,7.163,7.405,7.660,7.918,8.056,8.181,8.293,8.423,8.559,8.689,8.826,8.940,9.212,9.342,9.612,9.746,9.902,10.019,10.139,10.269,10.536,10.671,10.800,11.031,11.161,11.279,11.536,11.663,11.790,12.054,12.311,
3,9,0.093,0.273,0.423,0.567,0.732,0.890,1.054,1.205,1.357,1.528,1.700,1.861,2.024,2.177,2.360,2.529,2.681,2.850,3.024,3.172,3.360,3.539,3.709,3.876,4.056,4.230,4.407,4.588,4.775,4.934,5.106,5.275,5.445,5.642,5.800,5.977,6.151,6.310,6.486,6.660,6.839,7.026,7.179,7.353,7.527,7.692,7.864,8.045,8.218,8.399,8.571,8.748,8.923,9.106,9.283,9.460,9.644,9.809,9.994,10.165,10.334,10.518,10.695,10.895,11.053,11.225,11.395,11.570,11.746,11.916,12.105,12.285,12.467,12.646,12.837,13.017,13.196,13.361,13.527,13.696,13.865,14.039,14.219,14.401,14.585,14.763,14.951,15.147,15.317,15.497,15.668,15.843,16.018,16.194,
3,10,0.090,0.267,0.428,0.609,0.792,0.971,1.151,1.333,1.517,1.695,1.884,2.055,2.230,2.413,2.601,2.777,2.964,3.126,3.309,3.481,3.661,3.832,3.983,4.152,4.312,4.484,4.648,4.816,4.985,5.139,5.294,5.472,5.636,5.797,5.975,6.149,6.313,6.498,6.680,6.854,7.025,7.186,7.368,7.532,7.714,7.887,8.052,8.220,8.365,
3,11,0.126,0.303,0.478,0.644,0.822,1.000,1.179,1.361,1.534,1.715,1.910,2.087,2.273,2.456,2.640,2.816,2.999,3.180,3.362,3.539,3.710,3.891,4.078,4.274,4.437,4.620,4.802,4.991,5.175,5.363,5.546,5.726,5.907,6.092,6.275,6.442,6.623,6.800,6.987,7.160,7.340,7.515,7.696,7.874,8.047,8.226,
3,12,0.150,0.329,0.502,0.671,0.836,1.017,1.163,1.324,1.480,1.650,1.817,1.954,2.122,2.282,2.454,2.588,2.768,2.938,3.115,3.282,3.467,3.644,3.809,3.980,4.157,4.329,4.518,4.683,4.864,5.042,5.218,5.401,5.572,5.747,5.922,6.090,6.275,6.451,6.627,6.802,6.977,7.150,7.329,7.520,7.690,7.873,8.054,8.233,8.409,8.577,8.753,8.926,9.102,9.275,9.448,9.628,9.808,9.987,10.158,
3,13,0.166,0.335,0.519,0.705,0.896,1.067,1.263,1.435,1.646,1.818,1.991,2.177,2.370,2.546,2.735,2.922,3.111,3.294,3.474,3.652,3.838,4.019,4.194,4.357,4.522,4.673,4.846,5.023,5.191,5.352,5.539,5.712,5.898,6.054,6.228,6.403,6.578,6.765,6.930,7.100,7.266,7.428,7.598,7.770,7.943,8.104,8.277,8.459,8.627,8.801,8.971,9.154,9.325,9.503,9.676,9.849,10.022,10.204,10.400,10.556,10.736,10.912,11.087,11.272,11.456,11.651,11.813,11.993,12.174,
3,14,0.116,0.293,0.460,0.642,0.817,0.993,1.170,1.357,1.540,1.718,1.907,2.083,2.276,2.445,2.643,2.816,2.999,3.178,3.358,3.548,3.725,3.908,4.086,4.270,4.447,4.643,4.799,4.979,5.144,5.317,5.475,5.644,5.824,5.989,6.159,6.328,6.511,6.669,6.861,7.050,7.214,7.395,7.570,7.753,7.942,8.157,8.338,8.523,8.724,8.896,9.050,9.240,9.420,9.628,9.799,9.973,10.171,10.354,10.527,10.712,10.905,11.084,11.268,11.450,11.647,11.807,11.986,12.165,12.351,12.538,12.719,12.909,13.090,13.272,13.451,13.648,13.824,14.015,14.203,
3,15,0.086,0.273,0.437,0.600,0.776,0.944,1.125,1.302,1.474,1.661,1.834,2.028,2.210,2.394,2.579,2.761,2.952,3.145,3.322,3.515,3.692,3.877,4.067,4.262,4.462,4.646,4.818,5.000,5.162,5.337,5.517,5.701,5.896,6.067,6.250,6.443,6.646,6.814,7.013,7.187,7.374,7.567,7.764,7.947,8.147,8.315,8.498,8.680,8.859,9.037,9.222,9.410,9.592,9.765,9.951,10.125,10.325,
3,16,0.155,0.330,0.524,0.706,0.890,1.070,1.274,1.448,1.641,1.821,2.024,2.207,2.391,2.574,2.775,2.969,3.141,3.321,3.492,3.672,3.850,4.025,4.224,4.407,4.588,4.776,4.960,5.142,5.316,5.494,5.672,5.858,6.026,6.218,
3,17,0.140,0.299,0.479,0.656,0.837,1.032,1.195,1.374,1.574,1.752,1.925,2.088,2.274,2.447,2.641,2.812,2.988,3.175,3.352,3.530,3.709,3.892,4.075,4.275,4.442,4.642,4.813,4.971,5.161,5.336,5.526,5.700,5.874,6.047,6.241,6.417,6.602,6.777,6.956,7.143,7.298,7.481,7.665,7.852,8.039,8.217,8.399,8.574,8.761,8.938,9.123,9.293,9.476,9.645,9.826,10.011,10.185,10.654,10.871,11.150,
3,18,0.054,0.232,0.408,0.576,0.766,0.934,1.101,1.271,1.432,1.608,1.790,1.966,2.150,2.327,2.517,2.691,2.867,3.042,3.214,3.401,3.574,3.768,3.943,4.134,4.318,4.496,
3,19,0.050,0.225,0.418,0.594,0.787,0.952,1.139,1.306,1.490,1.669,1.850,2.043,2.209,2.389,2.560,2.733,2.916,3.079,3.273,3.456,3.619,3.797,3.982,4.157,4.341,4.524,4.684,4.864,5.047,5.219,5.413,5.586,5.774,5.949,6.141,6.321,6.498,6.678,6.866,7.046,7.223,7.396,7.591,7.775,7.964,8.151,8.337,8.525,8.714,8.904,9.089,9.282,9.471,9.647,9.826,10.025,10.209,10.393,10.567,10.746,10.927,11.109,11.292,11.472,11.659,11.849,12.023,12.210,12.394,12.574,12.761,12.947,13.127,13.327,13.527,13.717,13.895,14.075,14.261,14.445,14.626,14.813,14.996,15.189,15.364,15.512,15.696,15.896,16.158,
3,20,0.046,0.241,0.424,0.603,0.785,0.972,1.171,1.350,1.537,1.726,1.916,2.089,2.287,
3,21,0.146,0.355,0.561,0.736,0.916,1.116,1.321,1.502,1.699,1.885,2.078,2.269,2.465,2.657,2.841,3.034,3.234,3.422,3.611,3.809,4.019,4.209,4.392,4.603,4.782,4.966,5.156,5.348,5.535,5.726,5.920,6.092,6.288,6.476,6.654,6.824,7.021,7.201,7.387,7.567,7.750,7.924,8.094,8.248,8.424,8.578,8.772,8.953,9.138,9.331,9.522,9.713,9.894,10.069,10.249,10.431,10.619,10.819,11.000,11.183,11.364,11.557,11.749,11.946,12.140,12.323,12.523,12.707,12.895,13.083,13.274,13.448,13.641,13.830,14.024,14.210,14.395,14.589,14.774,14.960,15.153,15.331,15.525,15.701,15.892,16.072,16.275,
3,22,0.060,0.239,0.417,0.588,0.766,0.946,1.133,1.266,1.443,1.650,1.823,2.000,2.191,2.400,2.580,2.776,2.968,3.155,3.343,3.532,3.713,3.890,4.085,4.268,4.448,4.651,4.818,5.018,5.186,5.363,5.547,5.711,5.895,6.078,6.269,6.443,6.613,6.800,6.975,7.161,7.356,7.547,7.751,7.911,8.110,8.297,8.499,8.687,8.878,9.063,9.248,9.435,9.626,9.814,10.021,10.182,10.372,10.551,10.742,10.943,11.138,11.312,11.493,11.684,11.865,12.059,12.246,12.441,12.626,12.825,13.000,13.192,13.389,13.575,13.772,13.958,14.156,
3,23,0.044,0.233,0.411,0.593,0.766,0.954,1.149,1.326,1.516,1.699,1.900,2.077,2.266,2.437,2.614,2.795,2.972,3.155,3.345,3.541,3.726,3.922,4.110,4.306,4.499,
3,24,0.035,0.199,0.379,0.550,0.738,0.911,1.094,1.278,1.452,1.628,1.807,1.972,2.153,2.297,
3,25,0.138,0.322,0.522,0.699,0.889,1.077,1.251,1.428,1.607,1.781,1.968,2.153,2.340,2.523,2.714,2.898,3.086,3.273,3.459,3.649,3.830,4.023,4.206,4.390,4.578,4.753,4.950,5.122,5.307,5.490,5.671,5.854,6.029,6.212,6.408,6.601,6.783,6.970,7.163,7.357,7.543,7.730,7.916,8.107,8.293,8.486,8.681,8.877,9.070,9.276,9.442,9.643,9.808,9.996,10.185,10.368,10.554,10.738,10.931,11.123,11.307,11.494,11.671,11.872,12.058,12.261,12.440,12.616,12.802,12.925,13.027,13.121,13.221,13.312,13.423,13.527,13.645,13.740,13.838,13.951,14.122,
