0,1,0.306,0.695,1.053,1.406,1.732,2.115,
0,1,0.044,0.358,0.710,1.047,1.385,1.700,2.022,2.347,2.677,2.991,3.313,3.617,3.935,4.231,4.552,4.853,5.164,5.488,5.790,6.126,6.445,6.771,7.038,7.337,7.638,7.943,8.236,8.526,8.839,9.119,9.434,9.735,10.023,10.393,
0,1,0.404,0.652,0.976,1.233,1.529,1.796,2.078,2.325,2.593,2.853,3.136,3.404,3.663,3.910,4.197,4.460,4.715,4.955,5.310,5.652,5.968,6.189,6.579,
0,1,0.405,0.647,1.000,1.245,1.519,1.769,2.025,2.286,2.532,2.779,3.051,3.331,3.578,3.857,4.091,
2,1,0.219,0.470,0.763,1.017,1.246,1.492,1.764,2.030,2.264,2.521,2.774,3.014,3.265,3.542,3.800,4.059,4.326,4.593,4.853,5.117,5.399,5.674,5.934,6.198,6.453,6.713,6.976,7.233,7.488,7.743,7.996,8.243,8.488,8.743,8.989,9.227,9.460,9.710,9.960,10.218,10.495,
2,2,0.346,0.524,0.774,0.995,1.219,1.443,1.673,1.912,2.145,2.372,2.605,2.834,3.077,3.300,3.529,3.776,3.995,4.233,4.439,4.670,4.893,5.143,5.430,5.658,5.893,6.108,6.342,6.565,6.797,7.032,7.261,7.483,7.713,7.946,8.164,8.372,8.603,8.834,9.073,9.298,9.545,9.765,9.991,10.219,10.446,10.663,10.903,11.146,11.359,11.563,11.769,12.150,12.369,
2,3,0.026,0.238,0.480,0.704,0.937,1.168,1.406,1.647,1.894,2.144,2.373,2.617,2.848,3.094,3.325,
2,4,,
2,5,0.169,0.400,0.602,0.806,1.017,1.209,1.432,1.648,1.873,
2,6,0.030,0.249,0.467,0.676,0.918,1.144,1.344,1.577,1.787,
2,7,0.211,0.412,0.626,0.838,1.054,1.272,1.479,1.690,1.901,2.111,2.339,2.573,2.788,3.023,3.224,3.456,
2,8,0.400,0.592,0.789,
2,9,0.172,0.394,0.623,0.812,1.032,1.247,1.477,1.692,
2,10,0.108,0.327,0.563,
2,11,0.038,0.286,0.521,0.737,0.943,
2,12,0.211,0.431,0.654,
2,13,0.216,0.410,0.619,0.846,1.041,1.274,1.460,1.663,1.891,2.087,2.312,2.528,2.747,2.963,3.188,3.419,3.642,3.864,4.105,4.310,4.544,4.776,4.983,5.194,5.425,5.643,5.850,6.072,6.282,6.510,6.743,6.969,7.193,7.431,7.661,7.894,8.144,8.394,8.645,8.873,9.125,9.366,9.602,9.819,10.072,10.306,10.519,10.722,10.927,11.146,11.350,11.569,
2,14,,
2,15,0.222,0.452,0.666,0.873,1.075,1.275,1.475,1.669,1.892,2.084,2.310,2.525,2.725,2.943,3.179,3.399,3.643,3.876,4.102,4.325,4.557,4.806,5.044,5.272,5.499,5.713,5.935,
2,16,0.116,0.341,0.532,0.746,0.953,1.183,
2,17,0.061,0.295,0.524,0.736,0.957,1.187,1.391,1.622,1.870,2.141,2.391,2.620,2.853,3.081,3.317,
2,18,0.142,0.268,0.508,0.722,0.924,1.142,1.335,1.533,1.750,1.956,2.165,2.376,2.617,2.850,3.055,3.282,3.497,3.725,3.937,4.147,4.370,4.600,4.790,5.028,5.261,5.446,5.666,5.909,
2,19,0.251,0.458,0.660,0.900,1.107,1.317,1.541,1.782,2.017,2.241,2.440,2.665,2.911,3.154,3.376,3.600,3.810,4.018,4.268,4.495,4.728,4.963,5.196,5.438,5.643,5.874,
2,20,0.225,0.427,0.651,0.894,1.116,1.336,1.557,1.775,2.013,2.244,2.483,2.725,2.951,3.176,3.412,3.655,3.895,4.124,4.360,4.606,4.845,5.092,5.348,5.600,5.821,6.028,6.253,6.468,6.694,6.924,7.164,7.397,7.626,7.851,8.063,8.320,8.498,8.748,9.001,9.248,9.479,9.719,9.979,10.224,10.452,10.693,10.940,11.203,11.448,11.681,11.914,12.124,12.349,
2,21,0.153,0.351,0.538,0.737,0.934,1.124,1.332,1.516,1.713,1.900,2.027,2.294,2.517,2.740,2.971,3.200,3.430,3.651,3.871,4.101,4.324,4.528,4.903,5.167,5.385,5.589,5.795,
2,22,0.100,0.341,0.574,0.793,1.023,1.213,1.429,1.644,1.846,2.063,2.219,2.414,2.641,2.854,3.053,3.274,3.457,3.675,3.901,4.127,4.343,4.569,4.790,5.025,5.238,5.467,5.727,5.947,6.177,6.409,6.642,6.867,7.094,7.344,7.600,7.828,8.088,8.306,8.539,8.784,8.992,9.231,9.459,9.689,9.922,10.147,10.394,10.625,10.861,11.116,11.344,11.575,11.802,12.052,12.298,12.540,12.793,13.048,13.279,13.516,13.748,13.974,14.205,14.445,14.676,14.866,
2,23,0.119,0.310,0.520,0.723,0.929,1.145,1.329,1.542,1.731,1.925,2.092,2.459,2.675,2.896,3.088,3.294,3.494,3.698,3.903,4.110,4.338,4.566,4.800,5.030,5.235,5.453,5.647,5.897,6.104,6.318,6.561,6.799,7.031,7.264,7.464,7.707,7.937,8.158,8.369,8.600,8.788,9.032,9.265,9.477,9.690,9.914,10.152,10.371,10.572,10.793,11.016,11.250,11.495,11.731,11.963,12.206,12.430,12.657,12.900,13.143,13.399,13.649,13.901,
2,24,0.150,0.328,0.546,0.730,0.912,1.090,1.267,1.447,1.650,1.816,2.154,2.345,2.561,2.768,3.001,3.220,3.448,3.926,4.166,4.416,4.674,4.932,5.216,5.463,5.706,5.947,6.194,6.462,6.700,6.954,
2,25,0.090,0.336,0.557,0.772,
2,26,0.193,0.403,0.605,
2,27,0.215,0.417,0.608,0.813,1.158,1.355,1.544,1.729,1.936,2.139,2.370,2.589,2.802,3.029,3.248,3.462,3.696,3.944,4.184,4.429,4.682,4.913,5.141,5.367,5.617,5.864,6.102,6.328,6.583,6.826,7.096,7.344,7.567,7.806,8.018,8.238,8.453,8.669,8.899,9.111,9.325,9.531,9.759,9.979,10.190,10.434,
2,28,0.096,0.324,0.528,0.724,0.950,1.178,1.373,1.547,1.735,2.201,2.439,2.657,2.912,3.164,3.393,
2,29,0.404,0.615,0.794,0.991,1.185,1.376,1.586,1.798,
2,30,0.150,0.345,0.549,0.746,0.957,1.157,1.353,1.542,1.746,1.953,2.164,2.373,2.562,2.778,2.999,3.205,3.404,3.599,3.798,3.988,4.182,4.376,4.558,4.748,4.936,5.152,5.321,5.526,5.720,5.937,
2,31,0.219,0.404,0.719,0.907,1.095,1.287,1.484,1.678,1.868,2.088,2.334,2.569,2.792,3.021,3.240,3.454,
2,32,0.120,0.348,0.566,0.764,0.991,1.209,1.401,1.610,1.796,2.022,2.224,2.442,2.661,2.859,3.030,3.226,3.443,3.653,3.852,4.053,4.266,4.463,4.676,4.900,5.063,5.266,5.434,5.585,5.743,5.905,6.086,6.267,6.464,6.658,6.850,7.037,7.200,7.413,7.594,7.790,7.989,8.183,8.361,8.543,8.664,8.846,9.194,9.434,9.577,9.725,9.892,10.041,
2,33,0.357,0.550,0.812,1.015,1.240,1.459,1.682,1.909,2.118,2.396,2.598,2.798,3.013,3.217,3.443,3.678,3.897,4.147,4.361,4.579,4.873,5.073,5.270,5.514,5.719,5.915,6.115,6.321,6.532,6.729,6.942,7.158,7.398,7.591,7.815,8.054,8.275,8.482,8.691,8.867,9.022,9.205,9.399,9.570,9.906,10.104,10.298,10.490,
2,34,0.158,0.308,0.466,0.660,0.865,1.083,1.252,1.438,1.722,2.071,2.319,2.664,2.945,3.157,3.329,3.501,3.682,3.854,3.993,4.184,4.366,4.558,4.908,5.200,5.522,5.801,6.123,6.404,6.656,6.918,7.213,7.460,7.681,7.921,8.195,8.438,8.657,8.849,9.030,9.202,9.362,9.692,9.872,10.066,10.262,
2,35,0.165,0.355,0.524,0.697,0.884,1.035,1.192,1.363,1.584,1.968,2.275,2.652,2.945,3.307,3.652,4.000,4.269,4.450,4.627,4.794,4.971,5.160,5.520,5.825,6.139,6.472,6.771,7.064,7.376,7.672,8.166,8.425,8.684,8.949,9.201,9.479,9.680,9.845,10.032,10.206,10.389,10.535,10.724,10.906,11.081,11.273,11.432,11.695,11.902,12.150,12.393,12.640,12.890,13.113,
2,36,0.026,0.293,0.566,0.806,
2,37,0.315,0.770,1.001,
2,38,0.144,0.390,0.626,0.869,1.089,1.328,1.570,1.798,2.034,2.291,2.532,2.804,3.044,3.307,3.581,3.845,4.116,4.390,4.664,4.910,5.154,5.413,5.703,5.985,6.271,6.521,6.771,6.988,7.249,
2,39,0.246,0.455,0.640,0.842,1.179,1.390,1.599,1.827,
2,40,0.302,0.497,0.676,0.875,1.054,1.274,1.492,1.708,1.924,2.155,2.395,2.619,2.804,3.052,3.305,3.575,3.803,3.998,4.239,4.486,4.718,4.929,5.127,5.367,5.588,5.823,6.046,6.284,6.513,6.735,6.909,7.147,7.409,7.647,7.897,8.115,8.345,8.610,8.877,9.148,9.422,9.704,9.967,10.217,10.515,10.775,11.109,11.359,11.598,11.838,
2,41,0.075,0.352,0.600,0.814,1.031,1.272,1.514,1.747,1.984,2.431,2.718,2.951,3.184,3.395,3.609,3.968,4.170,4.361,4.565,4.908,5.102,5.342,5.585,5.824,6.080,6.274,6.501,6.763,6.985,
2,42,0.162,0.344,0.557,0.752,0.922,
2,43,0.089,0.273,0.465,0.639,0.839,1.023,1.190,1.399,1.555,1.752,1.927,2.107,2.318,2.678,2.890,3.091,3.274,3.459,3.658,3.860,4.066,4.274,4.479,4.675,4.873,5.055,5.249,5.441,5.642,5.824,5.999,6.189,6.392,6.599,6.795,6.988,7.170,7.393,7.597,7.786,7.981,8.281,
2,44,0.212,0.394,0.585,0.780,0.963,1.125,1.367,1.574,1.802,
2,45,0.215,0.451,0.675,0.870,1.060,1.273,1.471,1.669,1.900,2.100,2.315,2.527,2.734,2.947,3.113,3.313,3.484,3.717,3.943,4.156,4.360,4.569,4.802,5.040,5.272,5.518,5.768,5.967,6.189,6.431,6.662,6.910,7.167,7.412,7.620,7.824,8.039,8.207,8.549,
2,46,0.081,0.314,0.520,
2,47,0.171,0.403,0.596,0.845,1.070,1.345,1.580,1.767,1.939,2.150,2.400,2.602,3.047,3.213,3.408,3.666,3.873,4.062,4.278,4.476,4.712,4.958,5.195,5.423,5.649,5.876,
2,48,0.190,0.423,0.626,
2,49,0.150,0.400,0.618,0.833,1.059,1.274,1.494,1.833,2.059,2.268,2.492,2.722,2.987,3.228,3.468,
2,50,0.046,0.284,0.501,0.712,0.901,1.093,1.297,1.518,1.768,1.969,2.235,2.485,2.768,2.990,3.206,
2,51,0.086,0.284,0.468,0.645,0.785,1.037,1.270,1.454,1.652,1.844,2.050,2.265,2.477,2.692,2.915,3.092,3.312,3.489,3.896,4.089,4.279,4.494,4.671,4.897,5.072,5.295,5.513,5.705,5.933,6.171,6.364,6.609,6.852,7.083,7.328,7.538,7.795,8.091,8.315,8.532,8.723,8.943,9.149,9.498,9.702,9.899,10.055,10.239,10.409,10.598,10.791,11.001,11.235,11.469,11.708,11.939,12.221,
2,52,0.102,0.476,0.861,1.084,1.302,1.501,1.695,1.873,2.084,2.272,2.455,2.666,2.897,3.101,3.346,
2,53,0.177,0.352,0.521,0.685,1.037,1.251,1.463,1.658,1.864,2.060,2.268,2.462,2.691,2.876,3.089,3.296,3.522,3.749,3.976,4.233,4.483,4.642,4.874,5.090,5.299,5.726,5.952,6.111,6.387,6.603,6.805,6.965,7.137,7.344,7.531,7.720,8.082,8.254,8.443,8.647,8.835,9.044,9.236,9.456,9.667,9.910,
2,54,0.330,0.493,0.777,0.960,1.161,1.309,1.477,1.651,1.865,
2,55,0.082,0.288,0.500,0.704,0.895,1.079,
2,56,0.203,0.418,0.615,0.818,1.048,1.265,1.453,1.674,1.899,2.099,2.310,2.500,2.714,2.934,3.133,3.335,3.526,3.736,3.954,4.343,4.558,4.767,4.993,5.214,5.443,5.651,5.853,
2,57,0.199,0.397,0.575,0.789,0.968,1.170,1.407,1.648,1.867,
2,58,0.067,0.264,0.458,0.650,0.844,1.047,1.264,1.480,1.703,1.922,2.148,2.410,2.626,2.860,3.108,3.346,3.597,3.808,3.998,4.207,4.411,4.618,4.837,5.048,5.266,5.468,5.688,5.924,6.163,6.400,6.595,6.813,7.054,7.277,7.517,7.728,7.989,8.236,8.474,8.697,8.908,9.106,9.327,9.557,9.783,10.018,10.243,10.475,
2,59,,
2,60,0.316,0.489,0.680,0.852,1.033,1.224,1.420,1.603,1.793,1.991,2.165,2.343,2.554,2.760,2.950,3.144,3.321,3.501,3.614,3.871,4.089,4.295,4.488,4.716,4.932,5.160,5.359,5.533,5.740,5.922,6.149,6.360,6.591,6.816,7.013,7.226,7.420,7.656,7.873,8.095,8.310,8.523,8.750,8.960,9.159,9.361,9.554,9.740,10.063,10.361,10.588,10.764,
2,61,0.096,0.318,0.516,0.723,0.912,1.094,1.284,1.461,1.657,1.805,2.017,2.214,2.430,2.617,2.819,3.021,3.200,3.389,3.574,3.768,3.968,4.166,4.392,4.623,4.837,5.045,5.269,5.464,5.648,5.851,6.036,6.232,6.604,6.811,6.983,7.216,7.454,7.652,7.843,
2,62,0.189,0.395,0.570,0.788,1.026,1.218,1.451,1.677,1.903,2.143,2.333,2.679,2.900,3.143,3.328,3.556,3.769,3.999,4.232,4.438,4.664,4.894,5.087,5.305,5.532,5.765,
2,63,0.188,0.429,0.661,0.896,1.147,1.397,1.653,1.897,2.118,2.359,2.618,2.875,3.110,3.367,3.598,3.816,4.088,4.333,4.588,4.811,5.069,5.287,5.497,5.745,5.972,6.191,6.409,6.649,6.899,7.115,7.362,7.580,7.801,
2,64,0.078,0.284,0.500,0.734,0.930,
2,65,0.396,0.594,0.804,1.047,1.298,1.518,1.746,1.964,2.209,2.424,2.669,2.927,3.160,3.444,3.740,4.038,4.306,4.564,4.870,5.137,5.358,5.586,5.797,6.033,6.275,6.524,6.797,7.066,7.309,
2,66,0.218,0.421,0.644,0.895,1.084,1.296,1.528,1.762,1.976,2.206,2.439,2.652,2.896,3.111,3.325,3.546,3.787,4.019,4.250,4.646,4.896,5.147,5.409,5.647,
2,67,0.052,0.269,0.476,0.681,0.909,1.149,1.349,1.558,1.776,1.986,2.220,2.417,2.582,2.734,2.900,3.044,3.208,3.383,
2,68,0.399,0.605,
2,69,0.193,0.392,0.562,0.912,1.087,1.259,1.417,1.601,1.793,
2,70,0.279,0.716,0.899,1.093,1.273,1.455,1.649,1.837,2.020,2.181,2.352,2.534,2.727,2.912,3.085,3.267,3.439,3.618,3.792,3.986,4.331,4.521,4.716,4.915,5.113,5.299,5.518,5.711,5.909,
2,71,0.483,0.674,0.825,1.043,1.248,1.449,1.643,1.835,
2,72,0.321,
2,73,0.188,0.385,0.575,0.772,0.960,1.149,1.330,1.519,1.706,1.898,2.087,2.276,2.457,2.636,2.838,3.019,3.195,3.374,3.551,3.738,3.927,4.136,4.341,4.554,4.733,4.950,5.139,5.363,5.540,5.702,5.887,6.054,6.208,
2,74,0.108,0.298,0.482,0.669,0.862,1.035,1.210,1.394,1.579,1.747,
2,75,0.184,0.356,0.517,
2,76,0.071,0.266,0.450,0.618,0.818,0.987,1.166,1.348,1.532,1.715,1.923,2.109,2.310,2.514,2.706,2.904,3.107,3.294,3.528,3.696,4.089,4.284,4.515,4.727,4.928,5.076,5.272,5.460,5.649,5.834,6.047,6.222,6.409,6.591,6.766,6.941,7.153,7.332,7.550,7.791,7.990,8.184,8.352,8.539,8.699,8.888,9.061,9.221,9.389,9.566,9.777,9.943,10.181,
2,77,0.302,0.482,0.679,0.868,1.069,1.271,1.490,1.688,1.876,2.077,2.269,2.460,2.635,2.830,3.019,3.226,3.459,3.650,3.838,4.047,4.269,4.447,4.636,4.831,5.020,5.214,5.390,5.584,5.796,
2,78,0.087,0.443,0.639,0.809,0.976,
2,79,0.281,0.452,0.649,0.836,1.012,1.180,1.367,1.693,1.850,2.046,2.222,2.400,2.598,2.781,2.956,3.154,3.356,
2,80,0.387,0.557,0.777,0.950,1.116,1.300,1.521,1.653,1.841,2.031,2.206,2.388,2.742,2.950,3.138,3.331,
2,81,0.200,0.442,0.640,0.822,0.995,1.167,1.367,1.561,1.774,
2,82,0.077,0.286,0.488,0.677,0.875,1.059,1.267,1.439,1.646,1.860,2.066,2.267,2.456,2.664,2.871,3.069,3.275,3.472,3.657,3.847,4.049,4.269,4.477,4.704,4.920,5.107,5.284,5.641,5.826,6.039,6.269,6.474,6.683,6.891,7.095,7.327,7.555,7.770,7.964,8.163,8.387,8.581,8.781,8.967,9.177,9.388,9.592,9.831,10.051,10.244,10.478,10.721,10.907,11.102,11.312,11.491,
2,83,0.396,0.565,0.714,0.896,1.047,1.234,1.396,1.562,1.781,1.997,2.173,2.360,2.513,2.706,2.897,3.086,3.295,3.531,3.706,3.904,4.090,4.284,4.529,4.735,4.924,5.124,5.306,5.489,5.658,5.862,6.046,6.229,6.425,6.605,6.823,7.033,
2,84,0.110,0.323,0.542,
2,85,0.388,0.568,0.772,0.950,1.139,1.329,1.529,1.749,1.953,2.149,2.345,2.542,2.773,2.953,3.168,3.375,3.567,3.788,3.949,4.152,4.351,4.542,4.777,4.984,5.191,5.394,5.578,5.774,
2,86,0.057,0.490,0.711,0.915,1.150,1.358,1.549,1.767,1.977,2.204,2.457,2.680,2.915,3.157,3.358,3.540,3.751,3.953,4.146,4.351,4.591,4.822,5.087,5.359,5.640,5.954,6.187,6.426,6.893,7.067,7.292,7.452,7.583,7.740,7.886,8.195,8.358,8.520,8.699,8.877,9.082,9.270,9.420,9.594,9.804,9.989,10.159,10.327,10.521,10.698,10.869,11.055,11.231,11.419,11.626,11.826,11.994,12.169,12.335,12.500,12.674,12.841,
2,87,0.132,0.285,0.445,0.586,0.765,0.906,1.074,1.237,1.421,1.603,1.766,1.935,2.133,2.315,2.502,2.690,2.841,3.016,3.204,3.400,3.558,3.720,3.900,4.034,4.194,4.364,4.539,4.709,4.900,5.057,5.237,5.415,5.598,5.777,5.948,6.111,6.268,6.423,6.597,
2,88,0.210,0.430,0.636,0.816,0.983,1.172,1.367,1.613,1.831,2.020,2.270,2.393,2.567,2.770,2.947,3.154,3.358,3.555,3.781,3.965,4.179,4.360,4.570,4.833,5.060,5.272,5.425,5.595,5.772,6.049,6.234,6.426,6.611,6.976,
2,89,0.119,0.306,0.472,0.644,0.817,0.997,1.186,1.363,1.561,1.735,1.927,2.155,2.449,2.655,2.806,2.994,3.152,3.341,
2,90,0.212,0.386,0.583,0.767,0.954,1.161,1.384,1.584,1.768,1.938,2.134,2.346,2.565,2.797,2.961,3.145,3.330,3.528,3.712,3.912,4.115,4.320,4.534,4.735,4.920,5.214,5.434,5.639,5.848,6.054,6.294,6.492,6.726,6.950,7.178,7.387,7.591,7.800,8.021,8.215,8.409,8.577,8.795,9.004,9.154,
2,91,0.088,0.265,0.464,0.649,0.812,0.989,1.183,1.406,1.600,1.864,2.082,2.298,2.485,2.682,2.847,3.048,3.247,
2,92,0.106,0.288,0.470,0.664,0.852,1.031,1.226,1.437,1.624,1.816,2.026,2.234,2.430,2.624,2.818,3.020,3.210,3.403,3.617,3.853,4.081,4.280,4.474,4.664,4.858,5.024,5.208,5.406,5.609,5.827,6.033,6.242,6.424,6.638,6.845,7.048,7.246,7.476,7.682,7.872,8.071,8.272,8.478,8.654,
2,93,0.361,0.548,0.726,0.885,1.026,
2,94,0.058,0.250,0.420,0.607,0.776,0.962,
2,95,0.304,0.466,0.648,0.830,1.015,1.193,1.377,1.576,1.788,1.988,2.190,2.369,2.567,2.766,2.933,3.282,3.465,3.653,3.844,4.063,4.266,4.480,4.684,4.900,5.103,5.330,5.536,5.738,5.932,6.144,6.401,6.612,6.836,7.035,7.274,7.411,7.594,7.768,7.948,8.119,8.293,8.470,8.669,8.856,9.033,
2,96,0.201,0.386,0.549,0.718,0.893,1.061,1.238,1.435,1.627,
2,97,,
2,98,0.202,0.421,0.642,0.858,1.094,1.312,1.547,1.779,1.990,2.165,2.335,2.496,2.667,2.845,3.042,3.238,3.440,3.677,3.920,4.161,4.413,4.673,4.935,5.161,5.400,5.619,5.868,6.102,6.342,6.599,6.834,7.096,7.405,7.603,7.738,8.061,8.251,8.437,8.613,8.813,8.989,9.183,9.356,9.547,9.731,
2,99,0.204,0.425,0.626,0.821,0.998,1.207,1.416,1.605,1.809,
2,100,0.138,0.325,0.670,0.868,1.043,1.255,1.444,1.627,1.830,2.022,2.211,2.399,2.586,2.792,2.995,3.208,3.409,3.586,3.785,3.953,4.152,4.371,4.590,4.798,4.976,5.182,5.366,5.543,5.728,5.894,6.096,6.274,6.487,6.700,6.898,7.122,7.338,7.571,7.775,7.991,8.248,8.467,8.676,8.860,9.098,
2,101,0.501,0.692,1.025,1.166,1.360,1.542,1.734,1.933,2.117,2.305,2.497,2.665,2.841,3.009,3.191,3.374,3.567,3.776,3.969,4.169,4.356,4.555,4.760,4.967,5.160,5.348,5.520,5.694,5.894,6.085,
2,102,0.057,0.228,0.421,0.608,0.797,0.965,1.173,1.391,1.596,1.799,2.025,2.219,2.431,2.672,2.892,3.082,3.310,3.543,3.776,3.966,4.157,4.357,4.578,4.808,5.021,5.229,5.440,5.671,5.853,6.078,6.303,6.547,6.735,6.934,7.151,7.369,7.561,
2,103,0.088,0.287,0.472,0.665,0.855,1.043,1.252,1.453,1.674,1.897,2.118,2.288,2.517,2.703,2.898,3.070,3.264,3.439,3.648,3.806,3.998,4.219,4.448,4.662,4.853,5.042,5.239,5.465,5.691,5.916,6.054,
2,104,0.219,0.408,
2,105,0.035,0.238,0.407,0.594,0.782,1.089,1.363,1.582,1.796,2.043,2.402,2.640,2.862,3.078,3.296,3.520,3.713,3.952,4.170,4.386,4.608,4.820,5.020,5.221,5.433,5.644,5.855,6.059,6.286,6.521,6.718,6.931,7.141,7.340,7.568,7.793,8.028,8.272,8.468,8.702,8.927,9.151,9.363,9.601,9.822,10.045,10.280,
2,106,0.026,0.180,0.357,0.510,0.670,0.826,0.998,1.171,1.338,1.515,1.695,1.871,2.044,2.225,2.401,2.562,2.746,2.928,3.115,3.297,3.491,3.645,3.832,4.012,4.209,4.412,4.602,4.773,4.976,5.175,5.396,5.585,5.762,5.942,
2,107,0.145,0.311,0.494,0.691,0.903,1.093,1.312,1.523,1.739,1.957,2.157,2.334,2.557,2.713,2.904,3.077,3.271,3.453,3.623,3.834,4.122,4.303,4.495,4.662,4.860,5.058,5.244,5.432,5.627,5.807,6.022,6.228,6.413,6.596,6.807,7.023,7.319,7.527,7.715,7.913,8.146,8.390,8.611,8.825,9.051,9.274,9.478,9.719,9.956,
2,108,0.149,0.353,0.536,
2,109,0.299,0.476,0.656,0.833,1.020,1.211,1.409,1.602,1.812,2.014,2.206,2.407,2.611,2.816,3.026,3.243,
2,110,0.166,0.354,0.548,0.745,0.938,1.115,1.313,1.519,1.716,1.927,2.136,2.341,2.551,2.770,2.944,3.160,3.353,3.547,3.739,3.930,4.327,4.538,4.770,4.974,5.194,5.434,5.659,5.874,
2,111,0.393,0.787,1.010,
2,112,0.072,0.266,0.438,0.649,
2,113,0.156,0.354,0.531,0.723,0.895,1.075,1.266,1.429,1.609,1.787,1.984,2.170,2.543,2.729,2.933,3.158,3.363,3.564,3.785,4.018,4.232,4.473,4.705,4.922,5.152,5.349,5.565,5.788,6.022,6.236,6.427,6.644,6.869,7.080,7.304,7.519,
2,114,0.232,0.451,0.660,0.842,1.039,
2,115,0.057,0.263,0.465,0.644,0.844,1.035,1.245,1.448,1.649,1.854,2.024,2.242,2.459,2.670,2.865,3.085,3.313,3.502,3.727,3.939,4.146,4.396,4.589,4.804,5.013,5.235,5.460,5.685,5.915,6.160,6.407,
2,116,0.241,0.426,0.584,0.772,0.943,
2,117,0.172,0.352,0.525,0.694,0.915,1.099,1.304,1.495,1.695,1.899,2.096,2.304,2.494,2.691,2.914,3.110,3.324,3.513,3.694,3.914,4.103,4.304,4.483,4.709,4.907,5.095,5.285,5.499,5.730,5.960,
2,118,0.082,0.290,0.499,0.717,0.931,1.116,1.324,1.549,1.770,1.930,2.137,2.349,2.574,2.805,3.021,3.208,3.443,3.664,3.871,4.092,4.308,4.531,4.736,4.927,5.138,5.332,5.534,5.752,5.958,
2,119,0.029,0.227,0.435,0.613,0.802,0.985,1.179,1.397,1.598,1.821,2.020,2.183,2.419,2.600,2.823,3.014,3.201,3.435,3.674,3.901,4.127,4.374,4.648,4.848,5.063,5.280,5.515,5.781,6.063,6.340,6.574,6.785,7.016,7.220,7.456,7.662,7.866,8.051,8.245,8.422,8.577,8.832,9.036,9.214,9.401,9.586,9.787,10.017,10.218,10.421,
2,120,0.051,0.239,0.421,0.607,0.763,0.941,1.110,1.309,1.487,1.674,1.868,2.110,2.361,2.575,2.777,2.970,3.167,3.397,3.607,3.848,4.039,4.248,4.464,4.670,4.898,5.110,5.307,5.501,5.695,5.868,
2,121,0.179,0.370,0.552,0.738,0.954,1.155,1.357,1.553,1.743,1.932,2.161,2.374,2.592,2.781,2.986,3.193,3.396,3.600,3.779,4.001,4.234,4.480,4.719,4.929,5.098,5.336,
2,122,0.205,0.391,0.574,0.775,0.948,1.115,1.324,1.525,1.717,1.906,2.118,2.308,2.500,2.693,2.973,3.189,
