0,1,0.311,0.803,
0,1,0.268,0.470,0.652,0.873,1.093,1.288,1.519,1.725,1.949,2.149,2.357,2.574,2.807,3.019,3.236,3.450,3.668,3.891,4.120,4.329,4.535,4.746,4.957,5.173,5.408,5.609,5.804,6.028,6.235,6.446,6.654,6.866,7.056,7.272,7.464,7.647,7.850,8.041,8.251,8.454,8.683,8.896,9.098,9.326,9.559,9.773,9.977,10.174,10.390,10.584,10.807,
0,1,0.034,0.297,0.518,0.708,0.930,1.178,1.409,1.626,1.837,2.074,2.272,2.493,2.687,2.892,3.089,3.284,3.491,3.695,3.914,4.120,4.312,4.520,4.706,4.910,5.110,5.294,5.520,5.712,5.923,
0,1,0.043,0.248,0.453,0.639,0.851,1.045,1.232,1.463,1.676,
1,1,0.120,0.309,0.500,0.692,0.897,1.087,1.276,1.461,1.654,1.845,2.041,2.231,
1,2,0.174,0.355,0.529,0.721,0.893,1.073,1.246,1.413,1.584,1.751,1.921,2.089,2.252,
1,3,0.266,0.444,0.619,0.806,0.992,1.153,1.323,1.517,1.687,1.866,2.032,2.224,2.400,2.566,2.743,2.915,3.095,3.267,3.436,3.604,3.784,3.970,4.151,4.317,4.493,4.691,4.852,5.025,5.206,5.369,5.555,5.711,5.898,6.065,6.234,
1,4,0.267,0.424,0.620,0.786,0.949,1.110,1.279,1.445,1.590,1.780,1.920,2.074,2.207,2.315,2.471,2.623,2.768,2.889,3.028,3.152,3.285,3.430,3.562,3.713,3.846,4.001,4.144,
1,5,0.080,0.273,0.421,0.608,0.785,0.975,1.157,1.337,1.527,1.705,1.890,2.060,2.228,2.362,2.716,2.890,3.057,3.250,3.449,3.641,3.799,3.974,4.161,4.343,4.525,4.686,4.858,5.041,5.227,
1,6,0.198,0.399,0.564,0.739,0.926,1.094,1.279,1.449,1.649,1.825,2.162,2.342,2.494,
1,7,0.368,0.530,0.718,0.913,1.101,1.290,1.450,1.642,1.827,1.999,2.189,2.360,2.528,2.716,2.900,3.083,3.241,3.449,3.607,3.789,3.960,4.145,4.311,4.501,4.690,5.050,5.220,5.389,5.555,5.742,5.914,6.091,
1,8,0.240,0.420,0.617,0.799,0.999,1.367,1.500,1.688,1.899,2.069,2.236,
1,9,0.199,0.395,0.595,0.746,0.928,1.097,1.269,1.437,1.613,1.788,2.146,2.304,2.486,2.661,2.817,3.001,3.161,3.336,3.523,3.698,3.871,4.063,4.220,4.397,4.764,4.937,5.117,
1,10,0.262,0.441,0.646,0.820,0.979,1.161,1.335,1.527,1.703,1.897,2.056,2.237,2.417,2.749,2.934,3.295,3.477,3.660,3.844,4.014,4.216,4.372,4.563,4.733,4.937,5.105,5.294,5.480,5.666,5.846,6.030,6.193,6.358,6.547,6.733,6.928,7.055,7.246,7.451,7.618,
1,11,0.030,0.202,0.397,0.552,0.722,0.897,1.063,1.250,1.411,1.605,1.789,1.976,2.182,2.352,2.569,2.782,2.957,3.158,3.338,3.546,3.725,3.933,4.149,4.329,4.519,4.721,4.903,5.082,5.281,5.461,5.650,5.818,6.000,6.189,6.357,6.551,6.735,6.932,7.105,7.282,7.467,7.658,7.851,8.017,8.205,8.384,8.554,8.722,8.901,9.096,9.290,9.453,9.637,9.822,10.022,10.193,10.373,10.548,10.749,10.915,11.125,11.308,11.496,11.680,11.830,12.019,12.174,
1,12,0.276,0.478,0.664,0.841,1.018,1.198,1.371,1.555,1.731,1.910,2.096,2.280,2.447,2.645,2.818,2.993,3.175,3.364,3.561,3.719,3.920,4.092,4.294,4.479,4.673,4.843,5.025,5.207,5.403,5.763,5.953,6.116,6.308,6.480,6.660,6.855,7.021,7.167,7.375,7.551,7.721,7.910,8.073,8.242,8.413,8.612,8.783,8.984,9.190,9.348,9.515,9.679,9.873,10.084,
1,13,0.250,0.459,0.647,0.820,1.002,1.174,1.364,1.541,1.738,1.934,2.100,2.291,2.456,2.648,2.839,3.015,3.216,3.398,3.538,3.735,3.913,4.105,4.290,
1,14,,
1,15,0.272,0.467,0.642,0.831,1.022,1.211,1.377,1.576,1.772,1.945,2.139,2.332,
1,16,0.114,0.318,0.492,0.658,0.837,1.024,1.205,1.367,1.581,1.746,1.916,2.106,2.266,2.443,2.617,2.803,2.963,3.146,3.320,3.480,3.646,3.809,4.009,4.173,4.311,4.535,4.709,4.908,5.055,5.238,5.400,5.588,5.786,5.959,6.143,6.341,6.530,6.712,6.909,7.096,7.282,7.470,7.661,7.865,8.044,8.245,8.446,8.625,8.832,9.032,9.224,9.402,9.597,9.778,9.983,10.175,10.362,10.548,10.729,10.908,11.097,11.297,11.442,11.601,11.781,11.944,12.146,12.280,
1,17,0.197,0.350,0.483,0.691,0.864,1.038,1.180,1.324,1.524,1.726,1.873,2.049,2.181,2.398,2.559,2.729,2.901,3.074,3.270,3.459,3.648,3.849,4.015,4.265,4.440,4.668,4.856,5.033,5.236,5.450,5.666,5.837,6.063,6.244,6.429,6.626,6.803,7.017,7.218,7.400,7.588,7.767,7.950,8.150,8.348,8.578,8.751,8.962,9.136,9.335,9.532,9.725,9.911,10.116,10.285,10.475,10.667,10.851,11.050,11.269,11.429,11.612,11.813,12.019,
1,18,0.235,0.457,0.653,0.842,1.186,1.385,1.610,1.825,2.020,2.180,2.363,2.551,2.743,2.933,3.088,3.314,3.518,3.716,4.050,4.249,4.419,4.611,4.816,4.990,5.176,5.366,5.557,5.740,5.922,6.138,6.318,6.483,6.689,6.886,7.061,7.276,7.478,7.677,7.855,8.074,8.270,8.438,8.637,8.851,9.040,9.249,9.424,9.626,9.820,10.048,10.230,10.424,10.638,10.842,11.048,11.247,11.448,11.655,11.837,12.034,12.223,12.438,12.655,12.830,13.022,
1,19,0.165,0.357,0.539,0.724,0.901,1.083,1.268,1.455,1.651,1.805,2.018,2.196,2.392,2.577,2.768,2.937,3.152,3.318,3.525,3.733,3.907,4.102,4.272,4.471,4.653,4.823,4.974,5.111,5.246,5.395,5.534,5.694,5.828,5.965,6.114,6.273,6.461,6.613,6.770,6.923,7.064,7.236,7.403,7.540,7.693,7.823,8.079,8.296,8.497,8.686,8.898,9.082,9.313,9.521,9.706,9.895,10.100,10.289,10.494,10.693,
1,20,0.296,0.510,0.702,0.908,1.093,1.282,1.467,1.644,1.824,2.011,2.186,2.320,2.560,2.747,2.942,3.120,3.292,3.473,3.657,3.837,4.018,4.216,4.395,4.596,4.776,4.963,5.170,5.350,5.557,5.721,5.929,6.124,6.299,6.513,6.703,6.896,7.061,7.263,7.448,7.647,7.805,7.978,8.164,8.345,
1,21,0.165,0.400,0.603,0.802,0.988,1.202,1.420,1.639,1.829,2.028,2.225,2.411,2.635,2.832,3.028,3.228,3.414,3.621,3.803,3.983,4.138,4.294,4.429,4.602,4.713,4.944,5.125,5.282,5.454,5.627,5.814,5.984,6.219,
1,22,0.109,0.324,0.517,0.710,0.906,1.108,1.334,1.542,1.739,1.941,2.137,2.337,2.531,2.769,2.969,3.150,3.353,3.494,3.743,3.942,4.147,4.342,4.554,4.722,4.903,5.100,5.312,5.520,5.693,5.913,6.113,6.318,6.520,6.720,6.911,7.117,7.327,7.551,7.771,7.981,8.165,
1,23,0.127,0.314,0.522,0.705,0.918,1.101,1.297,1.491,1.698,1.890,2.085,2.290,
1,24,0.045,0.250,0.453,0.653,0.852,1.043,1.243,1.437,1.650,1.835,2.023,2.219,2.410,2.600,2.780,2.967,3.153,3.364,3.559,3.771,3.943,4.137,4.346,4.533,4.744,4.924,5.123,5.335,5.522,5.712,5.842,6.116,
1,25,0.210,0.392,0.588,0.772,0.965,1.154,1.323,1.519,1.699,1.895,2.078,2.279,2.498,2.676,2.887,3.096,3.290,3.520,3.692,3.896,4.109,4.293,4.521,4.705,4.901,5.102,5.278,5.468,5.686,5.888,6.088,6.272,
1,26,0.082,0.286,0.486,0.679,0.870,1.064,1.267,1.454,1.670,1.853,2.057,2.231,2.428,2.634,2.831,3.033,3.242,3.424,3.615,3.803,3.985,4.162,4.360,4.561,4.769,4.961,5.155,5.356,5.566,5.769,5.953,6.165,6.361,6.568,6.713,6.966,7.157,7.359,7.549,7.962,8.161,8.345,8.542,8.724,8.931,9.137,9.321,9.536,9.732,9.917,10.119,10.326,10.521,10.715,10.927,11.138,11.333,11.525,11.729,11.895,12.115,12.332,12.522,12.720,12.921,13.112,13.302,13.500,13.691,13.896,14.119,14.323,14.445,14.737,14.963,15.161,
1,27,0.238,0.512,0.714,0.869,1.109,1.335,1.524,1.748,2.013,2.263,2.482,2.688,2.926,3.154,3.397,3.663,3.867,4.091,
1,28,0.071,0.297,0.521,0.771,1.021,1.249,1.499,1.771,1.999,2.250,2.522,2.772,3.025,3.316,3.576,3.829,4.066,4.312,4.593,4.868,5.081,5.324,5.562,5.810,6.070,6.305,6.566,6.808,7.080,7.330,7.580,7.821,8.078,8.338,8.603,8.848,9.081,9.316,9.549,9.778,10.045,10.252,10.482,10.726,10.966,11.201,11.434,11.667,11.917,12.112,
1,29,0.145,0.395,0.624,0.869,1.102,1.355,1.586,1.794,2.024,2.242,2.495,2.959,3.186,3.373,3.617,3.830,4.050,4.282,4.518,4.731,4.937,5.148,5.404,5.580,5.874,6.148,6.370,6.591,6.834,7.066,7.314,7.526,7.772,7.997,8.193,8.431,8.669,8.863,9.088,9.325,9.543,9.773,10.017,10.412,10.650,10.870,11.106,11.391,11.651,11.901,12.161,
1,30,0.040,0.317,0.565,0.789,1.023,1.241,1.472,1.667,1.920,2.141,2.362,2.610,2.835,3.034,3.275,3.525,3.726,3.970,4.205,
1,31,0.118,0.341,0.558,0.802,1.024,1.249,1.487,1.728,1.939,2.189,2.419,2.657,2.888,3.087,3.334,3.562,3.781,3.995,4.238,4.464,4.702,4.927,5.146,5.369,5.637,5.838,6.091,6.338,6.561,6.789,7.021,7.246,7.472,7.686,7.941,8.162,8.425,8.641,8.872,9.102,9.316,9.571,9.840,10.034,
1,32,0.140,0.368,0.644,0.841,1.055,1.286,1.472,1.736,2.165,2.388,2.573,2.804,3.022,3.228,3.435,3.665,3.871,4.090,4.299,4.529,4.773,4.927,5.203,5.409,5.627,5.846,6.069,6.283,6.523,6.723,6.946,7.170,7.445,7.697,7.928,8.180,
1,33,0.393,0.597,0.821,1.029,1.277,1.694,1.897,2.125,2.345,2.571,2.801,3.015,3.263,3.499,3.812,4.055,4.303,4.581,4.849,5.097,5.362,5.626,5.857,6.097,6.372,6.677,6.896,7.146,7.396,7.663,7.938,8.205,8.441,8.683,8.934,9.186,9.431,9.703,9.949,10.154,
1,34,0.216,0.433,0.665,0.900,1.081,1.267,1.521,1.777,2.018,2.284,2.533,2.749,2.992,3.268,3.525,3.726,3.961,4.225,4.483,4.731,4.982,5.251,5.519,5.742,5.973,6.243,6.520,6.770,7.020,7.270,7.494,7.724,7.986,8.227,8.470,8.686,8.928,9.156,9.447,9.694,9.917,10.183,10.420,10.677,10.904,11.156,11.401,11.657,11.889,12.108,12.321,12.557,12.819,12.995,13.273,13.526,13.773,14.023,14.237,14.478,14.694,15.182,15.575,
1,35,0.085,0.284,0.538,0.719,0.927,1.148,1.353,1.580,1.802,2.030,2.269,2.479,2.706,2.922,3.149,3.400,3.618,3.864,4.122,4.350,4.575,4.808,5.058,5.336,5.602,5.865,6.099,6.404,6.707,6.960,7.275,7.554,7.885,8.162,
1,36,0.294,0.600,0.871,1.143,1.420,1.707,2.018,2.307,2.601,2.919,3.203,3.533,3.839,4.126,4.421,4.769,5.059,5.350,5.658,5.927,6.200,6.501,6.789,7.052,7.344,7.658,7.950,8.217,8.521,8.805,9.117,9.414,9.746,10.059,10.360,10.645,10.917,11.226,11.522,11.787,12.044,12.319,
1,37,0.269,0.502,0.731,0.985,1.269,1.529,1.782,2.042,2.297,2.557,2.832,3.086,3.337,3.582,3.851,4.141,4.399,4.667,4.928,5.177,5.450,5.709,5.965,6.235,6.522,6.772,7.025,7.294,7.540,7.785,8.049,8.309,8.550,8.806,9.079,9.327,9.565,9.824,10.093,10.349,10.624,10.891,11.155,11.391,11.654,11.901,12.141,12.401,12.680,12.923,13.161,13.438,13.720,13.980,14.266,14.557,14.801,15.065,15.342,15.593,15.855,16.100,
1,38,0.231,0.471,0.719,0.972,1.214,1.456,1.698,1.950,2.222,2.467,2.713,2.973,3.205,3.432,3.667,3.926,4.177,4.422,4.665,4.922,5.168,5.402,5.646,5.871,6.146,6.396,6.656,6.903,7.161,7.419,7.662,7.934,8.179,8.422,8.657,8.862,9.088,
1,39,0.216,0.455,0.676,0.904,1.145,1.375,1.642,1.873,2.123,2.373,2.669,2.950,3.245,3.526,3.767,4.034,4.309,4.580,4.831,5.103,5.357,5.608,5.873,6.144,6.421,6.728,6.982,7.261,7.523,7.799,8.084,8.329,8.577,8.814,9.062,9.300,9.525,9.762,10.021,10.281,10.539,10.784,11.085,11.336,11.574,11.836,12.079,12.306,
1,40,0.060,0.322,0.586,0.859,1.150,1.449,1.694,1.932,2.190,
1,41,0.244,0.490,0.773,1.029,1.284,1.541,1.801,2.066,2.343,2.622,2.931,3.268,3.572,3.892,4.247,4.596,4.923,5.240,5.577,5.934,6.244,6.585,6.924,7.249,7.549,7.868,8.195,8.499,8.840,9.153,9.465,9.771,10.079,10.366,10.675,10.983,11.271,11.554,11.860,12.139,12.418,12.772,13.061,13.389,13.690,14.040,14.326,14.640,14.931,15.213,15.541,15.842,16.144,
1,42,0.090,0.396,0.646,0.918,1.193,1.441,1.690,1.950,2.220,2.490,2.763,3.026,3.304,3.572,3.818,4.073,4.325,4.583,4.872,5.158,5.430,5.709,5.971,6.239,
1,43,0.223,0.466,0.750,1.017,1.260,1.522,1.792,2.044,2.282,2.546,2.799,3.044,3.290,3.534,3.800,4.055,4.316,4.564,4.827,5.087,5.347,5.624,5.896,6.146,6.396,6.649,6.935,7.205,7.458,7.713,7.972,8.249,8.513,8.777,9.026,9.300,9.571,9.821,10.054,10.308,10.573,10.833,11.104,11.398,11.655,11.916,12.173,
1,44,0.108,0.370,0.611,0.848,1.089,1.354,1.642,1.902,2.184,2.434,2.710,2.976,3.221,3.493,3.776,4.032,4.277,4.527,4.804,5.059,5.332,5.589,5.861,6.148,
1,45,0.029,0.266,0.513,0.779,1.044,1.289,1.525,1.767,2.032,2.317,2.575,2.847,3.109,3.377,3.662,3.946,4.177,
1,46,0.173,0.437,0.691,0.955,1.211,1.474,1.736,2.019,2.270,2.520,2.780,3.037,3.273,3.527,3.777,4.051,4.297,4.547,4.803,5.104,5.361,5.668,5.948,6.271,6.578,6.888,7.239,7.563,7.819,8.187,8.479,8.780,9.098,9.390,9.695,10.023,10.308,10.611,10.917,11.218,11.527,11.806,12.107,12.398,12.692,12.966,13.234,13.525,13.814,14.094,14.399,14.679,14.942,15.223,15.526,15.776,16.041,
1,47,0.231,0.499,0.774,1.030,1.283,1.552,1.820,2.080,2.330,2.587,2.874,3.135,3.405,3.680,
1,48,0.304,0.569,0.823,1.076,1.339,1.611,1.890,2.147,2.397,2.667,2.932,3.211,3.488,3.791,4.093,4.362,
1,49,0.166,0.416,0.671,0.931,1.174,1.468,1.766,2.043,2.325,2.585,2.854,3.109,3.395,3.645,3.917,4.197,4.483,4.797,5.061,5.295,5.587,5.877,6.169,6.438,6.730,7.017,7.313,7.599,7.897,8.165,
1,50,,
1,51,0.281,0.552,0.800,1.050,1.308,1.566,1.828,2.103,
1,52,0.165,0.434,0.682,0.944,1.219,1.479,1.731,1.998,2.282,2.557,2.821,3.085,3.366,3.644,3.894,4.167,4.443,4.706,4.968,5.233,5.492,5.762,6.012,6.262,6.512,6.751,6.999,7.243,7.513,7.779,8.019,8.289,8.534,8.807,9.065,
1,53,0.230,0.499,0.765,1.042,1.317,1.565,1.861,2.149,2.406,2.671,2.917,3.181,3.449,3.706,3.990,4.267,4.549,4.833,5.108,5.386,5.666,5.926,6.201,6.453,6.717,6.973,7.245,7.497,7.768,8.045,8.296,8.568,8.818,9.088,9.338,9.597,9.886,10.155,
1,54,0.125,0.398,0.648,0.899,1.149,1.399,1.649,1.899,2.149,2.406,2.681,2.956,3.221,3.473,3.718,3.978,4.270,4.520,4.784,5.056,5.321,5.573,5.836,6.086,6.351,6.596,6.876,7.157,7.419,7.669,7.944,8.226,8.485,8.732,8.991,9.250,9.498,9.736,9.984,10.221,
1,55,0.147,0.353,0.575,0.764,0.977,1.164,1.357,1.575,1.720,1.994,2.214,2.464,2.712,2.959,3.202,3.468,3.708,3.947,4.202,4.435,4.662,4.899,5.166,5.439,5.695,5.968,6.218,6.472,6.723,6.961,7.214,7.458,7.692,7.913,8.150,8.404,8.767,9.039,9.299,9.586,9.938,10.220,10.560,10.876,11.114,11.359,11.626,11.885,12.127,12.359,12.603,12.860,13.117,13.358,13.607,13.890,14.148,
1,56,0.053,0.306,0.544,0.787,1.022,1.248,1.487,1.710,1.949,2.190,2.438,2.658,2.913,3.161,3.409,3.640,3.877,4.125,4.352,4.585,4.818,5.053,5.284,5.524,5.774,5.983,6.224,
1,57,0.175,0.410,0.650,0.900,1.154,1.407,1.651,1.884,2.108,2.334,2.569,2.795,3.022,3.240,3.490,3.769,4.019,4.269,4.522,4.769,5.019,5.269,5.497,5.735,5.993,6.230,6.459,6.696,6.918,7.162,7.421,7.654,7.901,8.137,8.376,8.654,8.888,9.114,9.357,9.615,9.854,10.092,
1,58,0.125,0.364,0.594,0.848,1.114,1.334,1.556,1.771,2.034,2.277,2.519,2.776,3.048,3.297,3.574,3.853,4.095,4.365,4.623,4.866,5.149,5.417,5.664,5.919,6.181,
1,59,0.125,0.375,0.611,0.858,1.103,1.326,1.557,1.813,2.070,2.342,2.614,2.845,3.095,3.355,3.627,3.905,4.151,4.389,4.648,4.900,5.146,5.399,5.649,5.870,6.121,6.376,6.616,6.854,7.109,7.367,7.618,7.857,8.107,8.374,8.605,8.860,9.100,9.355,9.607,9.860,10.104,10.361,10.613,10.849,11.088,11.328,11.562,11.785,12.002,12.226,12.446,12.662,12.897,13.092,13.308,
1,60,0.232,0.490,0.737,0.977,1.234,1.481,1.727,1.970,2.232,2.485,2.724,2.988,3.245,3.486,3.736,3.978,4.233,4.495,4.767,4.996,5.223,5.458,5.712,5.977,6.243,6.482,6.726,6.965,7.195,
1,61,0.139,0.373,0.639,0.870,1.116,1.356,1.594,1.827,2.062,2.293,2.527,2.777,3.030,3.274,3.524,3.778,4.024,4.274,4.524,4.792,5.042,5.275,5.525,5.775,6.025,6.275,6.525,6.742,6.980,7.211,7.476,7.704,7.946,8.194,8.427,8.670,8.910,9.143,9.393,9.650,9.875,10.114,10.348,10.593,10.833,11.071,11.326,11.561,11.783,12.023,12.286,12.528,12.765,13.012,13.245,13.485,13.731,13.974,14.221,
1,62,0.208,0.427,0.658,0.891,1.103,1.333,1.559,1.790,2.029,2.275,
1,63,0.149,0.361,0.588,0.817,1.041,1.275,1.540,1.766,1.997,2.439,2.670,2.915,3.150,3.363,3.596,3.832,4.069,4.291,4.542,4.807,5.079,5.307,5.552,5.788,6.038,6.282,6.533,6.769,7.000,7.245,7.476,7.713,7.939,8.184,8.430,8.663,8.886,9.120,9.363,9.600,9.824,10.037,10.283,10.520,10.745,10.970,11.207,11.445,11.677,11.907,12.141,12.372,
1,64,0.207,0.423,0.652,0.899,1.097,1.342,1.583,1.818,2.036,2.266,2.481,2.711,2.954,3.204,3.430,3.658,3.901,4.115,4.355,4.603,4.829,5.047,5.278,5.494,5.732,5.968,6.203,6.429,6.655,6.892,7.143,7.377,7.607,7.853,8.085,8.335,8.561,8.797,9.023,9.273,9.520,9.770,10.020,10.231,10.477,10.715,10.947,11.178,11.412,11.649,11.891,12.138,12.388,12.616,12.842,13.077,13.333,13.559,13.784,14.022,14.285,14.525,14.772,15.023,15.249,15.484,15.722,15.960,16.203,
1,65,0.123,0.349,0.588,0.768,1.046,1.275,1.694,1.927,2.139,2.362,2.613,2.867,3.115,3.370,3.604,3.827,4.027,4.387,4.637,4.902,5.167,5.428,5.715,6.097,6.388,6.666,6.903,7.173,7.444,7.684,7.959,8.239,8.522,8.794,9.044,9.295,9.562,9.833,10.089,10.342,10.590,10.842,11.104,11.373,11.622,11.871,12.120,12.337,12.556,12.789,13.031,13.274,13.480,13.698,13.938,14.159,14.398,14.642,14.863,15.096,15.341,15.599,15.858,16.105,
1,66,0.226,0.467,0.715,0.951,1.167,1.401,1.646,1.888,2.107,2.344,2.582,2.818,3.049,3.292,3.548,3.778,4.022,4.237,4.469,4.694,4.926,5.148,5.377,5.599,5.834,6.065,6.297,6.530,6.773,7.023,7.250,7.488,7.738,8.024,8.291,8.496,8.733,8.988,9.215,9.438,9.690,9.933,10.173,10.421,10.652,10.892,11.120,11.368,11.599,11.834,12.065,12.302,12.536,12.786,13.034,13.264,13.485,13.719,13.945,14.168,14.394,14.596,14.818,15.040,15.277,15.489,15.720,15.936,16.157,
1,67,0.062,0.290,0.531,0.771,0.990,1.227,1.463,1.702,1.960,2.241,2.522,2.809,3.073,3.365,3.670,3.976,4.272,4.542,4.889,5.140,5.412,5.700,5.974,6.273,6.543,6.849,7.140,7.413,7.708,7.980,8.278,8.556,8.838,9.118,9.401,9.691,9.991,10.275,10.529,10.785,11.065,11.371,11.672,11.941,12.206,12.510,12.809,13.100,13.415,13.712,13.981,14.275,
1,68,0.100,0.334,0.587,0.830,1.099,1.351,1.602,1.840,2.087,2.333,2.575,2.828,3.064,3.311,3.547,3.812,4.062,4.307,4.540,4.783,5.021,5.244,5.476,5.720,5.993,6.233,6.479,6.733,6.993,7.226,7.476,7.722,7.957,8.200,
1,69,0.206,0.451,0.685,0.909,1.145,1.389,1.639,1.889,2.115,2.371,2.601,2.846,3.098,3.342,3.592,3.837,4.101,4.342,4.576,4.808,5.040,5.280,5.524,5.751,5.991,6.251,6.525,6.775,7.025,7.242,7.497,7.737,7.987,8.235,8.468,8.706,8.941,9.181,9.417,9.666,9.899,10.143,10.372,10.622,10.858,11.109,11.341,11.610,11.853,12.092,12.349,12.591,12.827,13.088,13.359,13.607,13.838,14.072,
1,70,0.069,0.306,0.535,0.773,0.995,1.236,1.459,1.682,1.915,2.140,2.365,
1,71,0.169,0.400,0.640,0.890,1.107,1.333,1.561,1.789,2.024,2.242,2.482,2.746,2.994,3.243,3.501,3.775,4.025,4.263,4.526,4.759,4.985,5.231,5.466,5.694,5.932,6.176,
1,72,0.243,0.466,0.673,0.898,1.103,1.335,1.547,1.768,1.992,2.224,2.443,2.669,2.912,3.153,3.400,3.608,3.838,4.056,4.289,4.517,4.719,4.954,5.195,5.427,5.651,5.868,6.094,6.312,
1,73,0.043,0.267,0.479,0.695,0.914,1.151,1.347,1.583,1.803,2.028,2.229,2.451,2.676,2.897,3.119,3.331,3.553,3.779,4.019,4.222,4.454,4.674,4.893,5.122,5.356,5.587,5.795,6.020,6.243,6.472,6.693,6.917,7.147,7.387,7.609,7.815,8.036,8.271,8.485,8.704,8.920,9.138,9.388,9.610,9.835,10.056,10.282,10.522,10.727,10.953,11.168,11.396,11.639,11.856,12.078,12.306,12.523,12.738,12.959,13.167,13.390,13.616,13.837,14.067,
1,74,0.300,0.523,0.732,0.944,1.152,1.366,1.577,1.793,2.024,2.226,2.432,2.655,2.891,3.141,3.372,3.600,3.840,4.071,4.293,
1,75,0.193,0.405,0.681,0.931,1.149,1.399,1.606,1.830,2.045,2.273,2.495,2.731,2.941,3.124,3.410,3.650,3.840,4.064,4.279,4.517,4.724,4.943,5.156,5.384,5.627,5.859,6.079,6.312,
1,76,0.066,0.293,0.522,0.724,0.940,1.156,1.372,1.590,1.816,2.039,2.251,2.478,2.703,2.924,3.139,3.366,3.582,3.802,4.023,4.237,4.450,4.674,4.890,5.104,5.314,5.543,5.774,5.998,6.214,6.440,6.651,6.858,7.093,7.311,7.531,7.731,7.958,8.173,8.409,8.616,8.849,9.065,9.300,9.514,9.709,9.907,10.143,10.321,10.420,
1,77,0.229,0.464,0.661,0.896,1.139,1.336,1.569,1.792,2.033,2.237,
1,78,0.194,0.419,
1,79,0.172,0.372,0.620,0.855,1.078,1.311,1.525,1.749,1.968,2.200,2.455,2.658,2.899,3.125,3.334,3.548,3.948,4.174,4.400,4.599,4.818,5.050,5.296,5.517,5.738,5.957,6.187,6.414,6.651,6.873,7.073,7.312,7.524,7.742,7.960,8.183,
1,80,0.168,0.394,0.612,0.814,1.040,1.268,1.466,1.672,1.897,2.107,2.320,2.583,2.801,3.046,3.276,3.498,3.741,3.978,4.204,4.440,4.680,4.906,5.123,5.361,5.606,5.841,6.072,6.298,6.521,6.783,6.998,7.232,7.457,7.669,7.895,8.122,8.355,8.566,8.801,9.034,9.279,9.522,9.737,9.983,10.205,10.431,10.663,10.890,11.105,11.328,11.562,11.793,12.051,12.303,
1,81,0.112,0.345,0.593,0.792,1.047,1.236,1.482,1.687,1.906,2.118,2.346,2.555,2.790,3.018,3.232,3.451,3.672,3.898,4.135,4.366,4.619,4.830,5.073,5.294,5.526,5.779,6.020,6.237,6.472,6.687,6.914,7.137,7.368,7.594,7.817,8.030,8.458,8.681,8.894,9.119,9.352,9.595,9.828,10.025,10.272,10.496,10.722,10.933,11.159,11.377,11.598,11.834,12.072,
1,82,0.150,0.372,0.590,0.828,1.049,1.282,1.501,1.712,1.945,2.176,2.409,2.635,2.885,3.086,3.317,3.522,3.752,3.973,4.199,4.424,4.653,4.902,5.117,5.358,5.571,5.812,6.049,6.276,6.520,6.770,7.020,7.246,7.496,7.736,7.994,8.198,8.451,8.703,8.936,9.181,9.425,9.661,9.905,10.138,10.374,
1,83,0.053,0.482,0.700,0.940,1.178,1.409,1.646,1.873,2.147,2.355,2.589,2.808,3.027,3.248,3.472,3.674,3.928,4.148,4.363,4.576,4.801,5.027,5.251,5.459,5.678,5.916,6.149,6.399,6.618,7.048,7.244,7.492,7.720,7.956,8.218,
1,84,0.251,0.474,0.708,0.911,1.149,1.366,1.584,1.815,2.033,2.288,2.472,2.727,2.951,3.189,3.377,3.626,3.852,4.077,4.318,4.546,4.782,4.983,5.226,5.432,5.654,5.884,6.105,6.322,6.557,6.778,6.991,7.268,7.455,7.679,7.902,8.127,8.344,8.568,8.786,9.019,9.236,9.457,9.674,9.903,10.117,10.338,10.566,10.785,11.020,11.226,11.467,11.682,11.918,12.125,12.371,12.596,12.819,13.060,13.296,13.524,13.746,13.988,14.204,14.431,14.675,14.905,15.147,15.395,15.627,15.853,16.074,16.304,
