0,1,0.173,0.321,0.472,0.594,0.710,0.827,0.953,1.088,1.228,1.362,1.493,1.625,1.764,1.926,2.059,2.196,2.331,2.479,2.615,2.749,2.895,3.032,3.178,3.331,3.478,3.645,3.788,3.939,4.114,4.288,4.449,4.607,4.769,4.942,5.100,5.284,5.459,5.620,5.791,5.981,6.153,6.335,6.488,6.647,6.802,6.970,7.147,7.298,7.461,7.619,7.771,7.924,8.084,8.241,8.397,8.560,8.731,8.904,9.075,9.248,9.422,9.583,9.736,9.898,10.059,10.229,10.405,10.569,10.744,10.908,11.059,
0,1,0.079,0.237,0.388,0.551,0.707,0.863,1.019,1.191,1.345,1.519,1.659,1.808,1.961,2.122,2.279,2.435,2.590,2.741,2.893,3.059,3.211,3.367,3.535,3.707,3.863,4.020,4.175,4.331,4.481,4.644,4.785,4.940,5.094,5.271,5.424,5.594,5.771,5.917,6.085,6.249,6.412,6.580,6.746,6.915,7.083,7.244,7.420,7.588,7.772,7.942,8.103,8.272,8.428,8.597,8.772,8.952,9.139,9.305,9.483,9.666,9.834,9.989,10.147,
0,1,0.472,0.622,0.775,0.926,1.079,1.236,1.399,1.565,1.731,1.892,2.055,2.218,2.385,2.556,2.719,2.886,3.044,3.213,3.397,3.578,3.776,3.940,4.102,4.273,4.442,4.608,4.773,4.940,5.104,5.270,5.437,5.598,5.770,5.918,6.079,6.237,6.391,6.563,6.724,6.894,7.060,7.217,7.397,7.587,7.771,7.924,8.095,8.272,8.418,8.580,
0,1,0.151,0.304,0.441,0.591,0.737,0.872,1.021,1.183,1.341,1.484,1.635,1.778,1.926,2.075,2.218,2.365,2.531,2.691,2.839,2.991,3.150,3.315,3.454,3.597,3.745,3.896,4.051,4.203,4.348,4.520,4.674,4.834,4.993,5.171,5.333,5.486,5.640,5.800,5.959,6.117,6.280,6.446,6.611,6.774,6.933,7.103,7.280,7.454,7.626,7.817,
1,1,0.049,0.194,0.343,0.481,0.624,0.772,0.925,1.078,1.227,1.370,1.524,1.664,1.824,1.971,2.147,2.281,2.448,2.612,2.767,2.926,3.081,3.241,3.397,3.557,3.699,3.855,4.014,4.177,4.337,4.499,4.658,4.823,4.986,5.148,5.311,5.481,5.627,5.785,5.942,6.094,6.241,6.402,6.572,6.749,6.906,7.050,7.220,7.399,7.548,7.718,7.872,8.047,8.213,8.400,8.555,8.729,8.922,9.088,9.248,9.427,9.613,9.784,9.952,10.110,10.277,10.549,10.814,
1,2,0.427,0.554,0.713,0.841,1.017,1.154,1.297,1.454,1.607,1.774,1.940,2.101,2.275,2.441,2.607,2.768,2.916,3.067,3.234,3.417,3.574,3.751,3.912,4.072,4.235,4.402,4.577,4.769,4.900,5.053,5.213,5.376,5.541,5.696,5.886,6.068,
1,3,0.056,0.207,0.366,0.518,0.668,0.831,0.992,1.155,1.314,1.484,1.649,1.827,1.982,2.158,2.332,2.483,2.635,2.798,2.975,3.145,3.374,3.553,3.701,3.839,4.019,4.174,4.345,4.502,4.707,4.886,5.090,5.252,5.403,5.562,5.720,5.991,6.197,6.358,6.520,6.668,6.829,6.977,7.144,7.310,7.490,7.641,7.808,7.970,8.145,8.315,8.478,8.680,8.847,9.022,9.185,9.357,9.522,9.678,9.840,10.034,10.200,10.389,10.562,10.712,10.899,11.079,11.245,11.433,11.586,11.773,11.938,12.089,12.273,12.449,12.622,12.814,12.979,13.293,13.466,13.615,13.792,13.988,14.160,14.357,14.687,
1,4,0.293,0.450,0.596,0.748,0.894,1.050,1.201,1.375,1.584,1.771,1.908,2.056,2.224,2.388,2.551,2.705,2.888,3.049,3.200,3.353,3.522,3.671,3.822,3.989,4.146,4.314,4.476,4.653,4.819,4.976,5.161,5.339,5.523,5.689,5.862,6.043,6.233,6.370,6.565,6.687,6.856,7.041,7.274,7.440,7.602,7.784,7.966,8.141,8.341,8.524,8.702,8.870,9.090,9.279,9.459,9.620,9.814,9.988,10.203,10.351,10.542,10.701,10.899,11.065,11.274,11.451,11.643,11.850,12.180,12.362,12.543,12.701,12.893,13.077,13.243,13.408,13.592,13.763,13.940,14.098,14.297,14.475,14.668,14.835,15.042,15.230,15.411,15.611,15.788,
1,5,0.256,0.409,0.557,0.720,0.866,1.026,1.166,1.327,1.488,1.643,1.793,1.948,2.112,2.273,2.424,2.582,2.747,2.927,3.085,3.257,3.409,3.583,3.744,3.895,4.053,4.205,4.336,4.482,4.778,4.970,5.148,5.304,5.492,5.642,5.945,6.259,6.473,6.775,6.953,7.116,7.276,7.427,7.572,7.697,7.851,7.958,8.206,8.427,8.595,8.751,8.928,9.109,9.270,9.424,9.588,9.765,10.048,10.244,10.408,10.559,10.732,10.894,11.060,11.227,11.404,11.577,11.761,11.970,12.145,12.305,12.490,12.681,12.857,13.087,13.310,13.499,13.649,13.827,14.163,14.340,14.512,14.709,14.860,15.013,15.203,15.364,15.567,15.763,15.931,16.146,16.324,16.500,16.672,16.866,17.032,17.247,17.397,17.565,17.748,17.922,18.123,18.294,18.514,18.687,18.912,19.083,19.248,19.415,19.591,19.778,19.926,20.118,20.290,20.542,20.727,20.877,21.047,21.205,21.416,21.602,21.773,21.960,22.149,22.310,22.490,22.684,22.856,23.063,23.233,23.420,23.593,23.774,23.932,24.103,24.282,24.459,24.660,24.802,25.000,25.168,25.358,25.518,25.685,25.851,26.037,26.227,26.385,26.569,27.045,27.206,27.404,
1,6,0.294,0.397,0.525,0.683,0.835,0.975,1.147,1.288,1.446,1.589,1.735,1.897,2.048,2.209,2.398,2.539,2.713,2.868,3.049,3.233,3.398,3.570,3.747,3.908,4.086,4.242,4.425,4.597,4.780,4.952,5.123,5.286,5.444,5.612,5.776,5.931,6.125,6.293,6.482,6.686,6.860,7.083,7.285,7.462,7.618,7.770,7.940,8.102,8.462,8.651,8.787,8.945,9.151,9.373,9.651,9.848,10.018,10.290,10.479,10.684,10.911,11.195,11.377,11.567,11.769,11.927,12.072,12.286,12.459,12.643,12.836,13.019,13.185,13.370,13.571,13.748,13.927,14.090,14.252,14.412,14.593,14.787,14.984,15.168,15.353,15.545,15.714,15.869,16.065,16.248,16.424,16.608,16.786,16.985,17.166,17.357,17.528,17.720,17.895,18.065,18.272,
1,7,0.174,0.351,0.526,0.694,0.866,1.033,1.194,1.373,1.541,1.714,1.900,2.078,2.267,
1,8,0.230,0.399,0.580,0.773,0.944,1.150,1.323,1.517,1.709,1.900,2.061,2.267,2.444,2.620,2.784,2.969,3.151,3.306,3.486,3.797,3.998,4.237,4.528,4.720,5.018,5.220,5.411,5.795,5.984,6.118,6.272,6.405,6.568,6.706,6.855,7.019,7.164,7.318,7.471,7.620,7.782,7.935,8.090,8.245,8.403,8.588,8.812,8.965,9.120,9.282,9.438,9.589,9.746,9.903,10.057,10.216,10.375,10.543,10.704,10.857,11.021,11.188,11.369,11.536,11.698,11.869,12.031,12.201,12.370,12.559,12.707,12.892,13.044,13.217,13.389,13.539,13.707,13.892,14.057,14.234,14.428,14.579,14.726,14.896,15.070,15.232,15.418,15.587,15.744,15.917,16.087,16.274,16.434,16.627,16.780,16.952,17.125,17.301,17.466,17.641,17.823,
1,9,0.068,0.213,0.367,0.518,0.671,0.826,0.978,1.134,1.282,1.443,1.594,1.746,
1,10,0.206,0.367,0.521,0.683,0.830,0.976,1.138,1.291,1.458,1.615,1.779,1.948,2.117,2.282,2.431,2.598,2.776,2.970,3.117,3.297,3.461,3.624,3.788,3.968,4.143,4.302,4.468,4.646,4.821,4.987,5.157,5.334,5.524,5.682,5.851,6.030,6.207,6.391,6.527,6.697,6.860,7.024,7.178,7.329,7.525,7.695,7.891,8.049,8.221,8.392,8.560,8.775,8.931,9.097,9.275,9.440,9.620,9.800,10.143,10.311,10.480,10.653,
1,11,0.092,0.243,0.402,0.574,0.726,0.908,1.075,1.252,1.391,1.537,1.714,1.891,2.066,2.234,2.391,2.554,2.730,2.898,3.076,3.258,
1,12,0.110,0.284,0.457,0.625,0.779,0.937,1.100,1.240,1.396,1.579,1.751,1.923,2.101,2.268,2.433,2.616,2.792,2.976,3.135,3.344,3.492,3.659,3.834,4.041,4.206,4.403,4.575,4.769,4.921,5.102,5.269,5.454,5.600,5.781,5.982,6.178,6.386,6.605,6.797,6.976,7.172,7.375,7.596,7.790,7.968,8.117,8.288,8.465,8.644,8.805,8.970,9.141,9.305,9.484,9.661,9.867,10.066,10.241,10.395,10.568,10.727,10.908,11.118,11.228,11.395,11.559,11.744,11.913,12.113,12.272,12.460,12.639,12.824,13.023,13.181,13.376,13.558,13.749,13.919,14.094,14.273,14.454,14.640,14.801,14.961,15.140,15.318,15.498,
1,13,0.274,0.377,0.542,0.707,0.891,1.049,1.212,1.374,1.531,1.705,1.892,2.081,2.258,2.443,2.620,2.788,2.946,3.104,3.259,3.407,3.577,3.738,3.905,4.063,4.228,4.415,4.572,4.685,4.833,5.022,5.235,5.393,5.564,5.737,5.928,
1,14,0.045,0.230,0.399,0.553,0.705,0.861,1.023,1.171,1.343,1.516,1.674,1.833,1.989,2.158,2.316,2.475,2.636,2.799,2.992,3.320,3.517,
1,15,0.266,0.411,0.565,0.727,0.899,1.072,1.249,1.403,1.560,1.724,1.900,2.063,2.219,2.407,2.560,2.736,2.920,3.103,3.285,3.457,3.617,3.782,3.945,4.151,4.312,4.485,4.649,4.824,4.999,5.183,5.347,5.528,5.706,5.875,6.053,6.232,6.409,6.582,6.769,6.949,7.149,7.347,7.541,7.730,7.910,8.098,8.289,8.466,8.623,8.794,8.967,9.150,9.331,9.520,9.717,9.898,10.099,10.283,10.474,10.659,10.849,11.031,11.220,11.391,11.565,11.738,11.904,12.085,12.255,12.444,12.595,12.784,12.974,13.156,13.338,13.522,13.700,13.889,14.079,14.272,14.470,14.649,14.819,14.972,15.146,15.346,15.529,15.740,15.907,16.114,16.307,16.523,16.673,16.837,17.027,17.224,
1,16,0.072,0.226,0.397,0.553,0.709,0.869,1.039,1.206,1.363,1.531,1.677,1.847,2.039,2.222,2.398,2.596,2.785,2.930,3.101,3.315,3.492,3.670,3.840,4.001,4.186,4.366,4.545,4.726,4.916,5.092,5.266,5.436,5.621,5.811,5.985,6.150,6.326,6.517,6.687,6.866,7.049,7.234,7.423,7.606,7.819,8.018,8.196,8.389,8.593,8.780,8.943,9.102,9.272,9.437,9.582,9.769,9.905,10.077,10.247,10.429,10.626,10.830,11.041,11.201,11.386,11.563,11.773,11.964,12.187,12.365,12.537,
1,17,0.150,0.315,0.495,0.653,0.818,1.000,1.189,1.383,1.565,1.726,1.910,2.083,2.244,2.421,2.605,2.782,2.974,3.151,3.334,
1,18,0.155,0.328,0.496,0.654,0.816,1.018,1.186,1.356,1.524,1.720,1.923,2.115,2.312,2.518,2.680,2.887,3.060,3.226,3.390,3.551,3.738,4.019,4.198,4.386,4.556,4.746,4.930,5.103,5.289,5.474,5.662,5.838,6.020,6.209,6.387,6.559,6.770,6.923,7.089,7.270,7.430,7.599,7.783,7.961,8.157,8.344,8.545,8.771,8.955,9.119,9.278,9.449,9.638,9.833,10.039,10.234,10.422,10.604,10.782,10.973,11.153,11.329,11.522,11.724,11.921,12.091,
1,19,0.307,0.436,0.612,0.776,0.948,1.107,1.281,1.463,1.627,1.791,1.939,2.088,2.232,2.536,2.709,2.875,3.046,3.211,3.368,3.517,3.700,3.850,4.037,4.141,4.299,4.472,4.634,4.805,4.966,5.152,5.334,5.518,5.688,5.863,6.018,6.172,6.334,6.487,6.640,6.808,6.960,7.124,7.291,7.464,7.641,7.801,7.953,8.115,8.289,8.444,8.612,8.792,8.971,9.153,9.326,9.499,
1,20,0.236,0.425,0.578,0.724,0.889,1.068,1.234,1.400,1.577,1.738,1.911,2.083,2.239,2.415,2.588,2.783,2.974,3.144,3.319,
1,21,0.158,0.318,0.488,0.675,0.870,1.047,1.214,1.411,1.600,1.792,1.950,2.134,2.312,2.495,2.679,2.844,3.035,3.218,3.395,3.580,3.768,3.950,4.139,4.322,4.529,4.689,4.863,5.019,5.174,5.367,5.541,5.706,5.858,
1,22,0.155,0.338,0.522,0.687,0.874,1.029,1.214,1.393,1.558,1.748,1.972,2.125,2.299,2.484,2.680,2.894,3.049,3.212,
1,23,0.084,0.264,0.431,0.618,0.798,0.988,1.160,1.326,1.496,1.670,1.829,2.015,2.186,2.341,2.515,2.680,2.851,3.019,3.188,
1,24,0.028,0.210,0.395,0.554,
1,25,0.173,0.338,0.495,0.668,0.836,0.992,1.157,1.325,1.482,1.640,1.812,1.995,2.170,2.346,2.523,2.683,2.859,3.030,3.207,3.366,3.533,3.714,3.903,4.063,4.227,4.403,4.591,4.774,4.936,5.112,5.292,5.457,5.625,5.807,
1,26,0.179,0.342,0.501,
1,27,0.033,0.198,0.371,0.531,0.711,0.900,1.051,1.216,1.393,1.570,1.731,1.900,2.210,2.388,2.556,2.739,2.910,3.083,3.249,3.413,3.601,3.768,3.928,4.134,4.314,4.501,4.691,4.872,5.053,5.232,5.434,5.635,5.778,5.953,6.154,6.332,6.536,6.715,6.895,7.201,7.357,7.532,7.704,7.890,8.071,8.239,8.398,8.581,8.770,9.137,9.326,9.504,9.651,9.849,10.045,10.245,10.433,10.649,10.839,11.031,11.234,11.411,11.585,11.746,11.906,12.090,12.278,12.445,12.639,12.816,12.981,13.142,13.328,13.506,13.658,13.817,14.022,14.184,
1,28,0.208,0.377,0.548,0.695,0.843,1.021,1.159,1.317,1.470,1.641,1.824,1.977,2.141,2.299,2.467,2.645,2.822,2.987,3.145,3.318,3.491,3.653,3.847,4.022,4.180,4.358,4.550,4.713,4.899,5.067,5.248,5.429,5.608,5.793,5.978,6.160,6.334,6.524,6.677,6.848,7.039,7.241,7.425,7.600,7.781,7.984,8.151,8.336,8.524,8.702,8.901,9.086,9.290,9.477,9.674,9.892,10.077,10.248,10.421,
1,29,0.127,0.292,0.477,0.637,0.815,0.992,1.164,1.339,1.538,1.691,1.857,2.021,2.158,2.330,2.485,2.657,2.821,2.970,3.121,3.311,3.406,3.581,3.733,3.889,4.052,4.233,4.421,4.598,4.773,4.931,5.110,5.293,5.485,5.646,5.834,6.030,6.241,6.454,6.650,6.825,6.984,7.197,7.375,7.541,7.701,7.891,8.046,8.213,8.391,8.542,8.717,8.898,9.110,9.302,9.469,9.655,9.824,9.992,10.161,10.369,10.550,
1,30,0.116,0.283,0.457,0.640,0.808,0.991,1.179,1.359,1.534,1.733,1.920,2.078,2.250,2.444,2.641,2.816,3.024,3.188,3.366,3.531,3.694,3.870,4.035,4.220,4.404,4.586,4.778,5.103,5.275,5.442,5.622,5.766,5.936,6.125,6.317,6.484,6.652,6.820,7.009,7.201,7.364,7.536,7.692,7.855,8.076,8.249,8.413,8.588,8.784,8.955,9.124,9.313,9.500,9.700,9.894,10.086,10.268,10.445,10.625,10.839,11.028,11.221,11.417,11.604,11.785,11.968,12.145,12.318,12.492,12.665,12.855,
1,31,0.164,0.332,0.522,
1,32,0.074,0.242,0.424,
1,33,0.164,0.329,0.481,0.659,0.831,1.009,1.189,1.359,1.531,1.696,
1,34,0.044,0.214,0.396,0.559,0.730,0.896,1.046,1.210,1.369,1.523,1.686,1.842,2.013,2.184,2.346,2.531,2.698,2.867,3.043,3.226,3.429,
1,35,0.080,0.247,0.416,0.596,0.768,0.931,1.089,
1,36,0.090,0.267,0.423,0.593,0.748,0.917,1.076,1.250,1.436,1.593,1.788,1.988,2.261,2.441,2.644,2.830,3.023,3.206,
1,37,0.138,0.320,0.505,0.697,0.872,1.034,1.198,1.369,1.528,1.702,1.873,
1,38,0.149,0.308,0.499,0.684,0.863,1.039,1.224,1.400,1.578,1.767,
1,39,0.059,0.235,0.402,0.577,0.735,0.924,
1,40,0.142,0.325,0.525,0.679,0.866,
1,41,0.025,0.191,0.375,0.543,0.718,0.892,1.046,1.213,1.399,1.570,1.735,1.917,2.100,2.347,2.520,2.697,2.862,3.034,3.205,3.368,
1,42,0.183,0.358,0.513,0.692,0.852,1.035,1.237,1.431,1.606,1.776,2.143,2.311,2.470,2.643,2.798,2.959,3.143,3.323,3.510,3.672,3.865,4.034,4.215,4.394,4.557,4.747,4.931,5.127,5.314,5.494,5.679,5.854,6.037,6.215,6.404,6.574,6.761,6.935,7.124,7.273,7.458,7.645,7.807,7.983,8.180,8.356,8.529,8.725,8.920,9.088,9.279,9.452,9.668,9.863,10.059,10.246,10.438,
1,43,0.025,0.188,0.372,0.549,0.720,
1,44,0.152,0.331,0.478,0.638,0.825,1.019,
1,45,0.176,0.356,0.533,0.703,0.861,
1,46,0.070,0.239,0.400,0.581,0.772,0.923,1.096,1.276,1.445,1.624,1.807,1.970,2.149,2.307,2.489,2.667,2.840,3.030,3.201,3.372,3.553,3.730,3.910,4.082,4.274,4.417,4.590,4.774,4.931,5.095,5.279,5.452,5.645,5.828,
1,47,0.059,0.246,0.416,0.600,0.772,0.950,1.146,1.305,1.480,1.650,1.843,2.014,2.174,2.344,2.520,2.698,2.872,3.045,3.228,3.404,3.583,3.748,3.925,4.085,4.265,4.433,4.593,4.765,4.940,5.095,5.309,5.486,5.648,5.839,
1,48,,
1,49,0.045,0.225,0.392,0.568,0.752,0.922,1.104,1.293,1.471,1.624,1.806,1.985,2.163,2.340,2.496,2.660,2.825,2.995,3.175,3.358,3.530,3.700,3.877,4.063,4.244,4.423,4.606,4.948,5.126,5.305,5.500,5.681,5.895,6.064,6.243,6.434,6.615,6.801,7.001,7.197,7.396,7.565,7.762,7.957,8.153,8.348,8.551,8.763,8.953,9.120,9.341,9.543,9.713,9.897,10.073,10.280,10.466,10.654,10.849,11.041,11.223,11.404,11.585,11.768,11.954,12.148,12.335,12.521,12.717,12.898,13.062,13.232,
1,50,0.071,0.247,0.407,0.598,0.773,0.899,1.107,1.266,1.415,1.569,1.726,1.893,
1,51,0.075,0.252,0.420,0.584,
1,52,0.124,0.309,0.497,0.675,0.849,1.022,1.198,1.399,1.558,1.735,1.931,2.150,2.315,2.493,2.684,2.875,3.071,3.267,3.473,3.677,3.852,4.047,4.236,4.416,4.598,4.771,4.955,5.134,5.290,5.474,5.668,5.851,6.033,6.223,6.402,6.580,6.772,6.956,7.138,7.340,7.544,7.743,7.937,8.127,8.325,8.519,8.716,8.921,9.122,9.324,9.544,9.744,9.935,10.113,10.317,10.524,10.700,10.876,11.033,
1,53,0.245,0.391,0.546,0.713,0.888,1.046,1.202,1.366,1.522,1.668,1.831,1.976,2.151,2.307,2.472,2.646,2.791,2.981,3.123,3.280,3.441,3.599,3.893,4.060,4.228,4.402,4.582,4.750,4.939,5.127,5.324,5.524,5.838,5.990,
1,54,0.050,0.213,0.375,0.536,0.691,0.857,1.017,1.192,1.362,1.539,1.714,1.884,2.051,2.215,2.386,2.557,2.727,2.887,3.062,3.225,3.404,3.584,3.748,3.935,4.106,4.295,4.484,4.668,4.847,5.045,5.242,5.434,5.620,5.803,5.992,6.165,6.340,6.523,6.711,6.907,7.098,7.282,7.459,7.640,7.824,8.020,8.207,8.390,8.581,8.770,9.030,9.212,9.404,9.594,9.801,9.991,10.178,10.365,10.555,10.742,10.941,11.155,11.301,11.488,11.656,11.830,12.022,12.181,12.343,12.522,12.687,12.872,13.035,13.202,13.376,13.536,13.671,13.846,
1,55,0.178,0.394,0.577,0.749,0.904,1.076,
1,56,0.074,0.230,0.386,0.563,0.726,0.900,1.076,1.279,1.462,1.668,2.017,2.183,2.347,
1,57,0.127,0.308,0.497,0.676,0.855,1.041,1.210,1.386,1.544,1.721,1.895,2.046,2.214,2.387,2.552,2.707,2.874,3.049,3.209,3.387,3.545,3.712,3.887,4.067,4.232,4.416,4.606,4.793,4.994,5.170,5.364,5.562,5.755,5.925,6.100,6.278,6.455,6.639,6.816,7.022,7.166,7.345,7.532,7.756,7.937,8.113,8.312,8.495,8.666,8.832,9.023,9.186,9.356,
1,58,0.172,0.329,0.482,0.699,0.856,1.032,1.195,1.360,1.527,1.685,1.862,2.037,2.205,2.373,2.545,2.705,2.867,3.038,3.207,3.399,3.545,3.730,3.906,4.089,4.270,4.451,4.650,4.818,5.017,5.178,5.362,5.544,5.703,5.865,6.032,6.195,6.355,6.524,6.685,6.843,7.037,7.212,7.368,7.564,7.710,7.901,8.072,8.268,8.426,8.616,8.800,8.980,9.144,9.322,9.498,9.667,9.847,10.026,10.203,10.403,10.600,10.772,10.968,11.175,11.372,11.546,11.719,11.908,12.096,12.270,12.441,12.591,
1,59,0.202,0.396,0.542,0.722,
1,60,0.111,0.294,0.487,0.661,0.853,1.039,1.225,1.404,1.604,1.785,1.972,2.145,2.334,2.525,2.706,2.892,3.078,3.259,3.434,3.607,3.779,3.946,4.115,4.277,4.442,4.574,4.762,4.935,5.102,5.267,5.430,5.605,5.774,5.947,6.115,6.426,6.603,6.773,6.938,7.111,7.311,7.495,7.659,7.817,8.011,8.208,8.404,8.602,8.801,8.981,9.148,9.326,9.501,9.675,9.859,10.037,10.212,10.396,10.577,
1,61,0.168,0.353,0.532,0.746,0.946,1.123,1.305,1.479,1.658,1.839,2.082,2.269,
1,62,0.106,0.283,0.475,0.650,0.830,1.016,1.206,1.400,1.588,1.789,1.993,2.175,2.370,2.517,2.682,2.863,3.037,3.197,3.368,3.562,3.751,3.930,4.113,4.297,4.489,4.683,4.885,5.067,5.268,5.451,5.610,5.781,5.957,
1,63,0.119,0.275,0.446,0.599,0.761,0.947,1.143,1.311,1.496,1.665,1.855,2.049,2.226,2.400,2.578,2.760,2.938,3.106,3.270,3.445,3.622,3.821,4.011,4.200,4.394,4.588,4.784,4.991,5.193,5.371,5.533,5.708,5.895,6.081,6.268,6.462,6.645,6.815,6.983,7.160,7.340,7.524,7.741,7.962,8.161,8.348,8.522,8.697,8.896,9.051,9.220,9.409,9.747,9.936,10.120,10.296,
1,64,,
1,65,0.073,0.236,0.403,0.566,0.736,1.042,1.212,1.384,1.549,1.712,1.887,2.055,2.232,2.401,2.559,2.737,2.901,3.079,3.268,3.434,3.602,3.768,3.951,4.135,4.310,4.519,4.684,4.854,5.036,5.216,5.386,5.551,5.728,5.941,6.150,6.348,6.544,6.726,6.894,7.079,7.300,7.487,7.675,7.866,8.053,8.239,8.421,8.604,8.788,8.977,9.315,9.500,9.671,9.849,10.046,10.237,10.425,10.595,10.772,10.933,11.105,11.287,11.472,11.668,11.853,12.050,12.273,12.421,12.593,12.773,
1,66,0.080,0.267,0.411,0.579,0.744,0.918,1.086,1.268,1.426,1.593,1.792,2.139,2.322,2.518,2.808,3.127,3.301,
1,67,0.198,0.369,0.525,0.685,0.846,1.018,1.186,1.347,1.522,1.692,1.842,2.019,2.169,2.353,2.519,2.709,2.847,3.019,3.204,3.375,3.554,3.733,3.898,4.100,4.314,4.491,4.672,4.836,5.020,5.183,5.365,5.552,5.771,5.942,6.126,6.310,6.470,6.649,6.822,7.000,7.160,7.332,7.521,7.695,7.862,8.028,8.215,8.392,8.571,8.738,8.898,9.069,9.233,9.392,9.569,9.724,9.902,10.107,10.287,10.467,10.650,10.852,11.033,11.196,11.390,11.565,11.774,11.968,12.147,12.471,12.691,
1,68,0.031,0.211,0.404,0.549,0.707,0.873,1.024,1.194,1.368,1.527,1.701,1.898,
1,69,0.064,0.232,0.416,0.589,0.770,0.940,1.114,1.296,1.490,1.662,1.850,2.046,2.228,2.404,2.598,2.799,2.979,3.178,3.365,3.549,3.768,3.964,4.141,4.322,4.518,4.720,4.887,5.076,5.244,5.414,5.599,5.801,5.989,6.195,6.386,6.609,6.811,6.955,7.136,7.287,7.471,7.650,7.804,8.098,8.457,8.658,8.833,8.999,9.182,9.353,9.538,9.690,9.859,10.049,10.233,10.404,
1,70,0.094,0.306,0.491,0.670,0.835,1.030,1.294,
1,71,0.283,0.437,0.597,0.779,
1,72,0.092,0.239,0.590,0.771,0.933,1.101,1.280,1.448,1.634,1.807,1.994,2.169,2.349,2.677,2.917,3.072,3.227,
1,73,,
1,74,0.086,0.274,0.431,0.589,0.771,0.920,
1,75,0.122,0.292,0.450,0.634,0.802,0.965,1.142,1.295,1.470,1.652,1.822,1.993,2.160,2.337,2.499,2.653,2.801,2.951,3.124,3.284,3.458,3.625,3.799,3.984,4.161,4.329,4.499,4.667,4.836,5.020,5.197,5.373,5.554,5.738,5.925,
1,76,0.127,0.285,0.463,0.614,0.785,0.948,1.128,1.230,1.409,1.826,1.983,2.145,2.302,2.459,2.615,2.743,2.915,3.072,3.236,3.399,3.570,3.711,3.896,4.054,4.229,4.396,4.519,4.674,4.838,4.997,5.173,5.353,5.535,5.710,5.897,6.055,6.252,6.456,6.647,6.831,7.021,7.204,7.404,7.609,7.803,7.993,8.163,8.328,8.491,8.668,
1,77,0.150,0.318,0.491,0.678,0.897,1.055,1.252,1.409,1.582,1.764,1.949,2.106,2.264,2.456,2.648,2.828,3.014,3.240,3.447,3.648,3.791,3.962,4.148,4.331,4.515,4.689,4.876,5.061,5.237,5.419,5.620,5.817,6.002,6.200,6.399,6.550,6.723,6.905,7.090,7.266,7.437,7.627,7.803,7.987,8.170,8.348,8.529,8.716,8.918,9.110,9.285,9.474,9.665,9.860,10.081,10.268,10.460,10.656,10.819,11.018,11.184,11.364,11.518,11.684,11.859,12.033,12.203,12.385,12.536,12.701,12.872,13.049,13.199,13.358,13.526,
1,78,0.033,0.224,0.400,0.548,0.704,0.862,1.024,1.183,1.362,1.531,1.703,1.871,2.045,2.220,2.394,2.577,2.735,2.904,3.079,3.261,
1,79,0.127,0.299,0.473,0.691,
1,80,0.108,0.282,0.450,0.617,0.787,0.957,1.126,1.288,1.453,1.624,1.782,1.968,2.142,2.312,2.480,2.623,2.784,2.942,3.110,3.277,3.428,3.588,3.760,3.920,4.218,4.393,4.544,4.707,4.894,5.059,5.238,5.400,5.581,5.776,5.960,6.151,6.336,6.520,6.708,6.907,7.121,7.288,7.483,7.677,7.860,8.041,8.220,8.422,8.645,8.825,9.012,9.218,9.415,9.604,9.784,9.962,10.160,10.321,10.502,10.676,10.859,11.049,11.238,11.428,11.607,11.780,11.965,12.147,12.332,12.514,12.692,12.897,13.058,13.237,13.410,13.576,13.765,13.908,14.093,14.275,14.434,14.648,14.811,14.993,15.168,15.343,15.515,15.680,15.868,16.035,16.198,16.368,16.525,
1,81,0.463,0.619,0.774,1.116,1.281,1.448,1.615,1.775,1.938,2.102,2.277,2.438,2.617,2.775,2.951,3.116,3.298,3.477,3.654,3.834,4.026,4.189,4.354,4.543,4.714,4.893,5.070,5.264,5.456,5.643,5.818,
1,82,0.085,0.265,0.430,0.608,0.781,0.938,1.113,1.278,1.453,1.605,1.783,1.946,2.116,2.312,2.645,2.817,2.983,3.146,3.318,3.495,3.670,3.859,4.041,4.211,4.393,4.568,4.760,4.932,5.124,5.306,5.510,5.668,5.851,
1,83,0.209,0.369,0.534,0.712,0.873,1.049,1.231,1.403,1.588,1.775,1.962,2.108,
1,84,0.165,0.332,0.516,0.689,0.854,1.017,1.173,1.350,1.517,1.680,1.867,
1,85,0.165,0.361,0.516,0.694,0.869,1.027,1.189,1.375,1.527,1.694,1.872,2.050,2.231,2.413,2.592,2.802,2.962,3.144,3.331,3.518,3.678,3.873,4.068,4.268,4.458,4.635,4.810,4.981,5.157,5.326,5.477,5.665,5.803,
1,86,0.376,0.547,0.715,0.898,1.089,1.229,1.399,1.567,1.766,1.946,2.149,2.327,2.484,2.674,2.899,3.041,3.237,3.429,3.650,3.811,4.017,4.204,4.393,4.590,4.794,4.976,5.187,5.401,5.561,5.739,5.908,6.095,6.287,6.465,6.651,6.809,6.968,7.152,7.341,7.538,7.705,7.867,8.053,8.235,8.424,8.655,8.847,9.026,9.240,9.449,9.642,9.855,10.054,10.216,10.389,10.579,10.770,10.954,11.116,11.277,11.447,11.617,11.797,11.981,12.157,12.329,12.499,12.685,12.876,13.071,13.246,13.439,13.649,13.852,14.033,14.271,14.423,14.605,14.775,
1,87,0.029,0.202,0.376,0.555,0.729,0.869,1.040,
1,88,0.072,0.226,0.405,0.555,0.743,0.940,1.125,1.294,1.456,1.626,1.787,1.955,2.123,2.297,2.479,2.661,2.834,3.023,3.169,3.334,3.500,3.684,3.829,4.023,4.201,4.373,4.569,4.748,4.934,5.140,5.297,5.467,5.680,5.864,6.056,6.224,6.401,6.592,6.792,6.984,7.178,7.355,7.558,7.710,7.892,8.057,8.250,8.441,8.642,8.820,8.993,9.177,9.369,9.559,9.726,9.893,10.058,10.246,10.415,10.580,10.751,10.920,11.143,11.306,11.474,11.626,11.804,12.010,12.166,12.348,12.522,12.700,12.866,13.081,13.282,13.468,13.644,13.819,14.011,14.211,14.395,14.563,14.750,14.956,15.145,15.327,15.493,15.645,
1,89,0.194,0.366,0.532,0.690,0.817,1.017,1.175,1.340,1.671,1.831,2.018,2.178,2.353,2.521,2.696,2.877,3.065,3.226,3.402,3.567,3.736,3.909,4.077,4.269,4.424,4.607,4.789,4.973,5.177,5.330,5.519,5.696,5.872,
1,90,0.197,0.398,0.574,0.765,0.944,1.117,1.292,1.472,1.648,1.819,1.994,2.149,2.332,2.516,2.679,2.863,3.033,3.201,3.399,
1,91,0.167,0.351,0.541,0.733,0.924,1.095,1.291,1.466,1.667,1.862,2.051,2.214,2.400,2.578,2.675,2.864,3.042,3.214,3.401,3.548,3.712,3.877,4.052,4.218,4.385,4.547,4.735,4.899,5.062,5.231,5.417,5.590,5.772,
1,92,0.030,0.181,0.348,0.514,0.686,0.872,1.037,
1,93,0.188,0.360,0.525,0.683,0.877,1.066,1.236,1.432,1.590,1.776,1.934,2.142,2.318,2.526,2.701,2.893,3.093,3.279,
1,94,0.062,0.230,0.398,0.551,0.726,0.901,1.080,1.265,1.437,1.592,1.777,1.972,2.179,2.353,2.528,2.714,2.905,3.098,3.283,3.477,3.666,3.851,4.016,4.168,4.351,4.703,4.864,5.033,5.182,5.367,5.549,5.718,5.907,6.082,6.267,6.464,6.653,6.871,7.095,7.268,7.425,7.614,7.822,8.002,8.159,8.340,8.518,8.693,8.864,9.035,9.235,9.410,
1,95,0.069,0.230,0.400,0.585,0.738,
1,96,0.135,0.306,0.519,0.709,0.874,1.056,1.237,1.405,1.578,1.769,1.917,2.090,2.270,2.439,2.610,2.947,3.118,3.290,3.467,3.654,3.824,3.998,4.194,4.387,4.575,4.800,5.024,5.205,5.388,5.558,5.771,5.954,6.159,6.330,6.522,6.687,6.888,7.086,7.294,7.522,7.703,7.916,8.149,8.351,8.535,8.713,8.926,9.123,9.314,9.487,9.693,9.922,10.190,
1,97,0.237,0.412,0.589,
1,98,0.104,0.305,0.490,
1,99,0.075,0.250,0.425,0.593,0.767,0.930,
1,100,0.137,0.297,0.481,0.640,0.812,0.976,1.148,1.315,1.484,1.651,1.830,2.000,2.168,2.326,2.521,2.685,2.871,3.063,3.244,3.448,3.627,3.805,4.022,4.201,4.392,4.588,4.794,4.988,5.171,5.336,5.494,5.666,5.841,6.037,6.229,6.409,6.572,6.751,6.934,7.147,7.337,7.530,7.716,7.897,8.087,8.291,8.483,8.702,8.920,9.120,9.306,9.476,9.669,9.875,10.083,10.275,
1,101,0.153,0.359,0.534,0.702,0.900,1.068,1.267,1.454,1.639,1.814,1.984,2.157,2.334,2.518,2.676,2.855,3.037,3.210,3.384,
1,102,0.117,0.296,0.488,0.670,0.859,1.044,1.244,1.428,1.607,1.775,1.957,2.125,2.310,2.484,2.659,2.833,3.025,3.217,3.407,3.582,3.779,3.978,4.157,4.342,4.536,4.718,4.914,5.095,5.282,5.466,5.645,5.832,6.020,6.204,6.387,6.569,6.770,6.955,7.137,7.309,7.497,7.688,7.887,8.070,8.271,8.449,8.650,8.846,9.038,9.249,9.430,9.612,9.795,9.993,10.197,10.389,10.574,10.772,10.957,
1,103,0.068,0.280,0.470,0.649,0.836,0.998,1.178,1.349,1.516,1.696,1.854,2.036,2.220,2.409,2.589,2.766,2.956,3.150,3.337,3.520,3.704,3.900,4.059,4.237,4.415,4.593,4.789,4.984,5.190,5.387,5.576,5.768,5.952,6.135,6.310,6.470,6.652,6.841,7.028,7.205,7.400,7.585,7.769,7.912,8.135,8.323,8.493,
1,104,0.049,0.232,0.425,0.624,0.813,0.999,1.190,1.374,1.556,1.739,
1,105,0.178,0.371,0.575,0.788,0.975,
