0,1,0.180,0.524,0.704,0.873,1.029,1.180,1.335,1.494,1.646,1.817,1.982,2.153,2.321,2.479,2.656,2.837,2.992,3.156,3.322,3.493,3.654,3.824,3.990,4.167,4.333,4.514,4.679,4.862,5.034,5.197,5.398,5.561,5.743,5.920,6.103,6.272,6.452,6.648,6.817,6.997,7.173,7.346,7.515,7.693,7.899,8.064,8.238,8.421,8.604,8.803,8.968,9.150,9.332,9.516,9.686,9.852,10.037,10.229,
0,1,0.159,0.316,0.485,0.649,0.812,0.978,1.157,1.308,1.486,1.642,1.818,1.981,2.145,2.316,2.480,2.675,2.845,3.019,3.188,3.367,3.544,3.702,3.886,4.064,4.233,4.418,4.591,4.777,4.962,5.146,5.329,5.520,5.692,5.874,6.058,6.271,6.443,6.620,6.808,6.975,7.151,7.312,7.521,7.666,7.852,8.051,8.209,8.402,8.576,8.772,8.967,9.139,9.287,9.497,9.649,9.856,10.047,10.221,
0,1,,
0,1,0.052,0.218,0.384,0.545,0.719,0.893,1.055,1.225,1.385,1.560,1.726,1.899,2.066,2.218,2.393,2.558,2.736,2.910,3.086,3.287,3.500,3.706,3.875,4.051,4.239,4.432,
2,1,0.157,0.315,0.474,0.625,0.800,0.947,1.117,1.271,1.443,1.603,1.776,1.947,2.105,2.282,2.450,2.616,2.784,2.943,3.118,3.285,3.470,3.649,3.812,3.983,4.149,4.340,4.498,4.684,4.876,5.045,5.216,5.400,5.573,5.767,5.922,6.112,6.277,6.452,6.634,6.806,6.982,7.166,7.356,7.532,7.706,7.892,8.077,8.268,8.434,8.604,8.781,8.986,9.166,9.362,9.551,9.723,9.910,10.082,10.269,10.447,10.636,10.821,11.019,11.197,11.386,11.564,11.741,11.927,12.110,12.299,12.520,12.698,12.898,13.113,13.290,13.472,13.662,13.849,14.054,14.271,14.465,14.683,14.862,15.046,15.226,15.409,15.578,15.771,15.955,16.138,
2,2,0.149,0.307,0.491,0.682,0.859,1.038,1.211,1.399,1.563,1.747,1.927,2.122,2.291,2.474,2.683,2.848,3.061,3.267,3.433,3.626,3.811,3.979,4.173,4.359,4.567,4.768,4.960,5.151,5.310,5.518,5.709,5.900,6.090,6.272,6.468,6.668,6.877,7.058,7.269,7.452,7.618,7.799,7.940,8.172,
2,3,0.263,0.478,0.841,1.026,1.211,1.476,1.798,2.014,2.214,2.398,2.648,2.872,3.114,3.356,3.594,3.828,4.088,4.337,4.562,4.812,5.058,5.314,5.550,5.810,6.063,6.317,6.561,6.820,7.075,7.339,7.588,7.846,8.081,8.330,8.584,8.834,9.084,9.358,9.594,9.856,10.121,10.385,10.644,10.885,11.117,11.368,11.608,11.847,12.065,12.302,12.536,12.794,13.002,13.185,13.425,13.646,13.899,14.136,
2,4,0.036,0.213,0.375,0.565,0.766,0.936,1.150,1.333,1.520,1.724,1.907,2.076,2.274,2.469,2.664,2.873,3.038,3.234,3.416,3.616,3.822,3.997,4.186,4.371,4.716,4.936,5.050,5.296,5.529,5.750,5.969,6.172,6.385,6.585,6.776,6.982,7.192,7.402,7.636,7.854,8.091,8.319,8.719,8.980,9.219,9.436,9.671,9.915,10.104,10.335,10.555,10.771,10.971,11.313,11.541,11.772,11.980,12.199,12.403,12.627,12.838,13.067,13.292,13.522,13.722,13.948,14.161,14.371,14.646,14.896,15.109,15.354,15.593,15.839,16.065,
2,5,0.192,0.401,0.642,0.841,1.063,1.275,1.441,1.657,1.892,2.106,2.325,2.536,2.759,2.986,3.225,3.447,3.663,3.877,4.103,4.319,4.539,4.780,4.994,5.227,5.453,5.694,5.901,6.144,6.369,6.553,6.770,6.980,7.216,7.427,7.657,7.866,8.114,8.326,8.540,8.762,8.969,9.187,9.396,9.624,9.846,10.064,
2,6,0.045,0.263,0.477,0.691,0.907,1.147,1.325,1.546,1.767,1.979,2.202,2.431,2.658,2.858,3.076,3.292,3.515,3.747,3.942,4.161,4.432,4.539,4.822,5.069,5.313,5.522,5.743,5.986,6.213,6.492,6.852,7.073,7.304,7.556,7.779,8.017,8.241,8.490,8.702,8.918,9.149,9.384,9.591,9.818,10.048,10.283,10.518,10.745,10.975,11.186,11.405,11.652,11.862,12.090,12.328,12.539,12.782,12.994,13.246,13.484,13.729,13.968,14.185,14.437,14.658,14.896,15.163,15.437,15.671,15.931,16.156,
2,7,0.078,0.328,0.532,0.776,0.990,1.221,1.446,1.696,1.919,2.151,2.360,2.620,2.841,3.095,3.358,3.591,3.846,4.093,4.334,4.584,4.783,5.015,5.252,5.519,5.725,5.980,6.232,6.449,6.682,6.915,7.124,7.383,7.608,7.851,8.078,8.309,8.547,8.795,9.035,9.242,9.490,9.768,9.992,10.278,10.490,10.748,10.993,11.241,11.485,11.738,11.968,
2,8,0.107,0.335,0.557,0.777,1.017,1.267,1.474,1.721,1.971,2.188,2.428,2.668,2.913,3.151,3.384,3.820,4.062,4.268,4.458,4.656,4.885,5.140,5.427,5.684,5.932,6.172,6.437,6.697,6.951,7.205,7.469,7.770,7.955,8.217,
2,9,0.141,0.363,0.550,0.768,1.000,1.223,1.453,1.693,1.934,2.166,2.422,
2,10,0.231,0.462,0.677,0.899,1.119,1.350,1.583,1.797,2.019,2.263,2.513,2.732,2.963,3.196,3.436,3.671,3.914,4.147,4.363,4.602,4.864,5.080,5.311,5.551,5.787,5.999,6.265,6.476,6.709,6.950,7.181,7.416,7.664,7.899,8.126,8.376,8.616,8.899,9.095,9.350,9.597,9.828,10.071,10.318,10.578,10.814,11.056,11.315,11.552,11.790,12.027,12.282,12.517,12.768,13.021,13.283,13.543,13.800,14.045,14.305,14.538,14.784,15.061,15.309,15.571,15.823,16.083,
2,11,0.153,0.356,0.570,0.792,1.020,1.229,1.463,1.676,1.894,2.092,2.312,2.530,2.771,2.966,3.184,3.391,3.622,3.847,4.085,4.340,4.579,4.833,5.069,5.279,5.522,5.772,6.000,6.253,6.475,6.686,6.924,7.167,7.390,7.646,7.890,8.114,8.342,8.577,8.838,9.036,9.251,9.491,9.700,9.928,10.148,10.372,10.614,10.851,11.072,11.302,11.538,11.787,11.995,12.259,12.476,12.726,12.954,13.174,13.410,13.623,13.852,14.086,
2,12,0.094,0.302,0.527,0.743,0.946,1.155,1.390,1.601,1.806,2.024,2.229,2.447,2.660,2.876,3.081,3.291,3.549,3.781,4.057,4.298,4.472,4.775,5.009,5.228,5.471,5.652,6.046,6.296,6.565,6.804,7.071,7.343,7.603,7.842,8.047,8.293,8.502,8.747,8.973,9.205,
2,13,0.222,0.441,0.639,0.805,1.023,1.201,1.407,1.599,1.812,2.023,2.211,2.402,2.777,3.024,3.281,3.534,3.774,3.990,4.274,4.524,4.775,5.042,5.294,5.549,5.817,6.075,6.344,6.582,6.838,7.099,7.359,7.607,7.818,8.071,8.303,8.541,8.787,9.049,9.319,9.578,9.782,10.028,10.280,
2,14,0.114,0.316,0.529,0.746,0.952,1.172,1.348,1.559,1.765,1.996,2.214,2.419,2.611,2.810,3.015,3.191,3.399,3.567,3.766,3.964,4.149,4.341,4.526,4.711,4.907,5.102,5.266,5.481,5.660,5.845,6.027,6.190,
2,15,0.269,0.536,0.731,0.991,1.231,1.472,1.760,2.012,2.265,
2,16,0.070,0.301,0.522,0.764,0.982,1.220,1.460,1.693,1.916,2.144,2.394,2.644,2.894,3.113,3.348,3.594,3.836,4.072,4.330,4.574,4.813,5.065,5.320,5.564,5.840,6.097,6.350,6.620,6.869,7.146,7.396,7.646,7.848,8.121,8.397,8.647,8.863,9.147,9.374,9.647,9.897,10.147,10.398,10.648,10.873,11.148,11.356,11.613,11.864,12.148,12.399,12.649,12.873,13.149,13.399,13.649,13.906,14.149,
2,17,0.225,0.449,0.675,0.917,1.150,1.367,1.594,1.821,2.017,2.234,2.464,2.683,2.901,3.123,3.336,3.562,3.785,4.021,4.268,4.500,4.775,4.975,5.207,5.443,5.679,5.912,6.149,6.395,6.638,6.868,7.123,7.357,7.601,7.834,8.091,8.331,8.574,8.820,9.067,9.324,9.582,9.817,10.050,
2,18,0.170,0.386,0.636,0.838,1.071,1.297,1.520,1.734,1.953,2.180,2.396,2.637,2.842,3.036,3.271,3.483,3.703,3.946,4.149,4.391,4.638,4.847,5.080,5.306,5.549,5.789,6.029,6.248,
2,19,0.240,0.491,0.727,0.957,1.189,1.411,1.621,1.868,2.079,2.327,
2,20,0.105,0.342,0.528,0.765,0.950,1.180,1.341,1.563,1.779,1.970,2.200,2.406,2.609,2.831,3.052,3.241,3.461,3.663,3.897,4.062,4.295,4.495,4.681,4.911,5.100,5.318,5.514,5.704,5.901,6.148,6.556,6.823,7.304,7.557,
2,21,0.421,0.591,0.774,0.972,1.159,1.391,1.533,1.720,1.906,2.096,2.293,2.532,2.892,3.119,3.392,3.649,3.899,4.165,4.457,4.692,4.906,5.143,5.403,5.663,5.925,6.252,6.499,6.802,7.051,7.329,7.594,7.854,8.124,8.376,8.595,8.807,9.028,9.252,9.474,9.694,9.913,10.155,10.462,10.732,11.013,11.266,11.513,11.763,12.024,12.263,
2,22,0.177,0.400,0.607,0.801,1.031,1.241,1.464,1.684,1.893,2.134,2.348,2.564,2.795,3.018,3.268,3.495,3.702,3.922,4.162,4.397,4.595,4.808,5.043,5.289,5.501,5.741,5.961,6.197,6.413,6.643,6.831,7.026,7.270,7.479,7.722,7.951,8.191,8.429,8.646,8.913,9.137,9.357,9.568,9.794,10.036,10.241,10.662,10.888,11.107,11.358,11.608,11.824,12.071,12.292,12.554,12.772,13.023,13.233,13.468,13.691,13.931,14.167,14.402,14.627,14.850,15.089,15.328,15.576,15.821,16.061,
2,23,0.028,0.205,0.427,0.675,0.895,1.085,1.300,1.519,1.734,1.972,2.195,2.445,2.663,2.896,3.146,3.341,3.594,3.829,4.049,4.283,4.560,4.840,5.084,5.323,5.529,5.771,6.032,
2,24,0.230,0.515,0.769,1.015,1.244,1.487,1.715,1.963,2.213,2.466,2.703,2.941,3.199,3.425,3.682,3.925,4.170,4.418,4.680,4.910,5.163,5.403,5.651,5.884,6.108,6.351,6.586,6.822,7.052,7.284,7.518,7.733,7.964,8.209,8.438,8.670,8.895,9.145,9.368,9.600,9.831,10.063,10.289,10.529,10.964,11.205,11.442,11.711,11.913,12.163,12.387,12.637,12.862,13.103,13.320,13.521,13.714,13.951,14.162,14.392,14.607,14.804,15.022,15.272,15.553,15.798,16.045,
2,25,0.102,0.342,0.555,0.804,1.096,1.335,1.548,1.762,1.977,2.158,2.379,2.591,2.823,3.038,3.191,3.418,3.621,3.834,4.045,4.263,
2,26,0.101,0.334,0.553,0.766,0.995,1.200,1.445,1.650,1.972,2.228,2.487,2.717,2.957,3.176,3.404,3.642,3.868,4.102,4.322,
2,27,0.122,0.396,0.620,0.850,1.075,1.292,1.513,1.671,1.921,2.178,2.431,2.624,2.866,3.089,3.308,3.565,3.818,4.049,4.291,4.539,4.772,5.021,5.249,5.484,5.720,5.983,6.200,6.460,6.664,6.924,7.179,7.364,7.622,7.808,8.058,8.266,8.490,8.704,8.959,9.133,9.400,9.598,9.836,10.034,10.277,10.494,10.710,10.947,11.149,11.384,11.593,11.822,12.032,12.268,12.475,12.724,12.924,13.167,13.356,13.588,13.780,14.056,14.229,14.420,14.608,14.838,15.054,15.269,15.501,15.721,15.960,16.170,
2,28,0.152,0.399,0.649,0.842,1.074,1.310,1.530,1.740,1.969,2.183,
2,29,0.176,0.369,0.582,0.810,1.025,1.231,1.461,1.701,1.922,2.138,
2,30,0.033,0.232,0.415,0.634,0.802,1.002,1.190,1.364,1.579,1.771,1.956,2.154,2.310,2.553,2.803,3.041,3.285,3.522,3.769,4.001,4.269,4.478,4.734,4.975,5.244,5.519,5.739,6.020,6.222,
2,31,0.056,0.269,0.483,0.723,0.960,1.171,1.397,1.597,1.818,2.033,2.264,2.483,2.697,2.917,3.125,3.264,3.564,3.833,4.042,4.239,4.468,4.688,4.911,5.114,5.366,5.600,5.822,6.050,
2,32,0.031,0.241,0.465,0.700,0.947,1.155,1.377,1.615,1.849,2.062,2.290,2.516,2.740,2.963,3.179,3.426,3.677,3.924,4.202,4.464,4.704,4.930,5.160,5.413,5.650,5.911,6.123,6.384,6.651,6.866,7.102,7.335,7.618,7.825,8.060,8.335,8.486,8.704,8.973,9.209,9.442,9.682,10.168,
2,33,0.102,0.321,0.566,0.806,1.063,1.281,1.496,1.700,1.925,2.188,2.433,2.663,2.884,3.111,3.324,3.559,3.805,4.048,4.268,4.483,4.701,4.937,5.152,5.385,5.622,5.885,6.125,6.333,6.557,6.796,7.020,7.204,7.520,7.770,8.020,8.247,8.720,8.950,9.418,9.695,9.897,10.138,10.337,10.553,10.778,10.999,11.214,11.439,11.658,11.892,12.108,12.348,12.579,12.809,13.057,13.287,13.536,13.773,13.978,14.215,
2,34,0.063,0.284,0.499,0.707,0.930,1.148,1.360,1.564,1.809,2.025,2.242,2.493,2.711,2.929,3.120,3.362,3.602,3.843,4.063,4.316,
2,35,0.083,0.337,0.537,0.782,1.018,1.237,1.470,1.701,1.922,2.113,2.401,2.645,2.869,3.109,3.341,3.603,3.850,4.110,4.361,4.636,4.878,5.139,5.405,5.636,5.898,6.151,6.374,6.637,6.873,7.159,7.414,7.653,7.910,8.146,
2,36,0.055,0.293,0.551,0.815,1.053,1.328,1.598,1.891,2.141,2.391,2.611,2.844,3.090,3.365,3.606,3.859,4.115,4.367,4.627,4.869,5.107,5.356,5.615,5.862,6.095,6.358,6.593,6.846,7.111,7.357,7.595,7.872,8.110,8.376,8.644,8.894,9.144,9.394,9.645,9.895,10.122,10.366,10.607,10.845,11.094,11.332,11.547,11.798,12.061,12.296,12.551,12.846,13.083,13.342,13.610,13.849,14.106,14.367,14.647,14.859,15.102,15.370,15.589,15.833,16.083,
2,37,0.147,0.342,0.518,0.713,0.907,1.125,1.355,1.593,1.827,2.050,2.285,2.515,2.734,2.968,3.200,3.414,3.649,3.899,4.100,4.338,4.566,4.781,5.016,5.212,5.452,5.667,5.915,6.154,6.401,6.625,6.901,7.126,7.353,7.609,7.847,8.087,8.329,8.562,8.800,9.058,9.277,9.519,9.742,9.986,10.211,10.444,10.685,10.928,11.165,11.403,11.643,11.886,12.136,12.349,12.588,12.837,13.069,13.312,13.546,13.784,14.021,14.271,14.495,14.745,14.971,15.232,15.459,15.706,15.964,16.192,
2,38,0.176,0.404,0.617,0.828,1.043,1.278,1.484,1.734,1.930,2.160,2.357,2.592,2.797,3.039,3.263,3.523,3.763,3.985,4.230,
2,39,0.081,0.305,0.528,0.778,0.988,1.228,1.473,1.694,1.906,2.122,
2,40,0.123,0.373,0.607,0.824,1.031,1.268,1.498,1.701,1.939,2.197,2.395,2.626,2.827,3.040,3.295,3.529,3.729,3.947,4.168,4.396,4.656,4.850,5.111,5.348,5.576,5.809,6.029,6.264,6.514,6.716,6.949,7.178,7.427,7.600,7.818,8.027,8.239,8.459,8.678,8.898,9.092,9.304,9.515,9.899,10.119,10.340,10.557,10.769,10.983,11.191,11.414,11.649,11.781,11.993,12.211,
2,41,0.045,0.271,0.491,0.699,0.912,1.139,1.338,1.562,1.779,1.980,2.205,2.424,2.646,2.847,3.049,3.273,3.473,3.665,3.872,4.107,4.306,4.524,4.743,4.951,5.140,5.321,5.553,5.774,5.987,6.200,6.421,
2,42,0.037,0.238,0.453,0.646,0.869,1.058,1.271,1.458,1.683,1.915,2.127,2.316,2.546,2.741,2.932,3.148,3.351,3.556,3.731,3.898,4.139,4.351,4.554,4.750,4.980,5.216,5.416,5.640,5.871,6.065,6.273,6.490,6.714,6.910,7.147,7.357,7.583,7.803,8.027,8.274,
2,43,0.175,0.400,0.613,0.836,1.024,1.233,1.406,1.620,1.826,2.040,2.232,2.419,2.604,2.802,3.001,3.231,3.456,3.669,3.866,4.080,4.288,4.519,4.707,4.935,5.139,5.367,5.572,5.780,6.020,6.206,6.437,6.667,6.859,7.074,7.305,7.537,7.721,7.935,8.153,8.355,8.570,8.777,8.968,9.187,9.400,9.612,9.823,10.025,10.241,10.465,10.684,10.896,11.139,11.351,11.552,11.751,11.965,12.166,
2,44,0.087,0.309,0.500,0.721,0.920,1.121,1.329,1.532,1.741,1.948,2.174,
2,45,0.104,0.290,0.477,0.688,0.897,1.101,1.325,1.527,1.736,1.959,2.148,2.360,2.621,2.841,3.052,3.265,3.527,3.769,4.038,4.289,
2,46,0.075,0.262,0.427,0.622,0.806,0.984,1.185,1.363,1.552,1.712,1.906,2.088,2.230,2.473,2.664,2.864,3.075,3.279,3.476,3.689,3.924,4.148,4.354,4.589,4.817,5.033,5.192,5.402,5.590,5.783,6.195,6.415,6.646,6.829,7.044,7.284,7.482,7.671,7.871,8.080,8.267,8.463,8.684,8.897,9.151,9.360,9.583,9.808,10.043,10.277,10.464,10.689,10.898,11.111,11.307,11.530,11.719,12.048,12.265,12.463,12.768,13.022,13.250,13.448,13.653,13.868,14.068,
2,47,0.102,0.280,0.457,0.648,0.837,1.015,1.195,1.369,1.547,1.730,1.916,2.149,2.320,2.528,2.720,2.899,3.090,3.266,3.452,3.650,3.830,4.026,4.208,4.400,4.588,4.803,4.957,5.154,5.336,5.530,5.712,5.894,6.089,6.274,6.480,6.649,6.852,7.043,7.201,7.533,7.751,7.895,8.092,8.283,8.502,8.670,8.862,9.058,9.233,9.408,9.598,9.814,9.990,10.167,10.353,10.532,10.714,10.902,11.094,11.297,11.480,11.659,11.849,12.024,12.173,12.434,12.615,12.827,13.024,13.215,13.410,13.592,13.771,13.971,14.169,
2,48,0.198,0.419,0.614,0.800,0.964,1.211,1.448,1.626,1.843,2.029,2.252,
2,49,0.149,0.318,0.478,0.683,0.845,1.031,1.209,1.400,1.583,1.766,1.942,2.133,2.299,2.464,2.654,2.833,3.020,3.245,3.462,3.651,3.869,4.074,4.268,4.463,4.651,4.859,5.055,5.268,5.444,5.656,5.857,6.053,6.269,6.456,6.669,6.867,7.041,7.222,7.420,7.603,7.792,7.984,8.184,
2,50,0.126,0.328,0.462,0.811,1.026,1.206,1.423,1.643,1.890,2.120,2.338,2.559,2.770,2.977,3.211,3.446,3.603,3.866,4.077,4.307,4.521,4.723,4.921,5.138,5.347,5.563,5.789,5.992,6.212,
2,51,0.153,0.323,0.514,0.729,0.945,1.143,1.334,1.489,1.760,1.970,2.173,2.550,2.763,2.980,3.228,3.434,3.651,3.849,4.092,4.312,4.545,4.778,4.988,5.224,5.474,5.687,5.902,6.145,6.348,6.600,6.799,7.013,7.269,7.472,7.686,7.900,8.094,8.356,8.454,
2,52,0.170,0.391,0.595,0.811,1.034,1.274,1.487,1.727,1.944,2.177,2.402,2.642,2.871,3.102,3.323,3.583,3.805,4.036,4.259,4.489,4.708,4.943,5.187,5.435,5.663,5.927,6.144,
2,53,0.166,0.400,0.688,0.930,1.177,1.400,1.650,1.855,2.076,2.314,2.517,2.745,3.018,3.211,3.446,3.642,3.849,4.085,4.305,4.540,4.790,4.964,5.268,5.475,5.716,5.937,6.174,6.415,6.652,6.886,7.093,7.355,7.594,7.836,8.057,8.310,8.570,8.770,9.002,9.240,9.521,9.771,9.982,10.195,10.468,10.693,10.930,11.163,11.412,11.638,11.873,12.119,12.389,
2,54,0.104,0.266,0.410,0.590,0.900,1.039,1.400,1.554,1.767,1.907,2.112,2.267,2.457,2.621,2.794,2.984,3.158,3.354,3.589,3.768,3.985,
2,55,0.121,0.299,0.478,0.648,0.818,0.987,1.174,1.356,1.519,1.674,1.853,2.019,2.185,2.359,2.522,2.704,2.861,3.068,3.228,3.406,3.593,3.806,3.961,4.150,4.303,4.650,4.815,5.017,5.175,5.532,5.724,
2,56,0.025,0.184,0.498,0.691,0.870,1.046,1.212,1.396,1.572,1.762,1.951,2.143,2.328,2.502,2.687,2.893,3.067,3.265,3.453,3.644,3.812,4.011,4.201,
2,57,0.026,0.191,0.395,0.590,0.772,0.957,1.143,1.302,1.479,1.644,1.841,2.023,2.207,2.394,2.552,2.735,2.907,3.089,3.268,3.461,3.648,3.839,4.023,4.211,
2,58,0.053,0.219,0.406,0.593,0.782,0.974,1.150,1.348,1.544,1.721,1.925,2.118,2.277,2.470,2.666,2.849,3.037,3.213,3.394,3.584,3.775,3.963,4.142,
2,59,0.060,0.276,0.494,0.675,0.865,1.066,1.251,1.450,1.643,1.831,2.015,2.215,2.418,2.647,2.848,3.045,3.268,3.474,3.676,3.876,4.085,4.282,4.525,4.731,
2,60,0.049,0.224,0.413,0.593,0.781,0.949,1.182,1.370,1.566,1.765,1.940,2.148,2.329,2.497,2.698,2.899,3.072,3.265,3.438,3.596,3.882,4.055,4.247,4.463,
2,61,0.120,0.318,0.519,0.681,0.875,1.072,1.313,1.440,1.658,1.886,2.289,2.386,2.661,2.846,3.044,3.273,3.471,3.685,3.859,4.061,4.239,4.418,
2,62,0.157,0.355,0.543,0.734,0.909,1.102,1.286,1.486,1.672,1.865,2.061,2.270,2.438,2.614,2.930,3.148,3.348,3.535,3.739,3.910,
2,63,0.184,0.363,0.560,0.747,0.929,1.124,1.293,1.491,1.677,1.859,2.051,2.236,2.435,2.623,2.819,3.010,3.197,3.393,3.562,3.742,3.930,4.125,4.312,4.495,4.676,4.865,5.040,
2,64,0.170,0.374,0.569,0.770,0.966,1.146,1.357,1.548,1.744,1.941,2.138,2.323,2.528,2.717,2.904,3.114,3.305,3.499,3.695,3.892,4.093,
2,65,0.106,0.305,0.481,0.677,0.895,1.096,1.293,1.488,1.672,1.895,2.095,2.298,2.501,2.695,2.896,3.127,3.306,3.513,3.700,3.896,4.085,4.284,4.477,4.685,4.897,5.082,5.300,5.483,5.686,5.897,6.080,6.274,6.493,6.722,6.863,
2,66,0.153,0.342,0.548,0.750,0.954,1.150,1.360,1.558,1.767,1.992,2.182,2.400,2.594,2.824,3.017,3.236,3.418,3.608,3.787,3.992,4.201,4.384,4.568,4.749,4.940,5.135,5.298,5.690,5.910,6.120,
2,67,0.061,0.234,0.428,0.607,0.796,0.977,1.164,1.366,1.547,1.746,1.955,2.147,2.332,2.517,2.701,2.900,3.087,3.308,3.498,3.692,3.922,4.095,4.289,4.493,4.705,4.898,5.091,5.282,5.502,5.683,
2,68,0.180,0.356,0.547,0.723,0.914,1.090,1.266,1.419,1.593,1.766,1.929,2.110,2.281,2.459,2.650,2.821,3.027,3.219,3.423,3.633,4.037,4.267,4.462,4.702,5.059,5.310,5.546,5.768,5.983,6.184,6.568,6.768,6.998,7.216,7.427,7.654,7.859,8.073,8.299,8.526,8.721,8.991,9.176,9.358,9.570,9.792,9.985,10.251,10.451,10.640,10.869,11.058,11.271,11.477,11.704,11.905,12.119,12.318,12.533,12.771,12.988,13.184,13.388,13.594,13.792,14.001,14.200,
2,69,0.179,0.345,0.520,0.680,0.829,1.207,1.571,1.771,1.945,2.116,2.319,2.468,2.849,3.033,3.238,3.419,3.589,3.744,4.152,4.385,4.590,4.786,4.922,5.105,5.304,5.477,5.667,5.870,6.002,6.214,6.370,6.557,
2,70,0.091,0.309,0.513,0.698,0.897,1.080,1.284,1.475,1.647,1.835,2.020,2.216,2.419,2.622,2.830,3.021,3.229,3.413,3.618,3.848,4.032,4.244,4.429,4.655,4.875,5.067,5.265,5.443,5.649,5.844,6.070,6.280,6.626,6.835,7.063,7.266,7.588,7.787,7.991,8.217,8.607,8.801,8.997,9.217,9.401,9.609,9.802,10.018,10.211,10.473,10.676,10.892,11.100,11.307,11.533,11.726,11.965,12.184,
2,71,0.107,0.299,0.501,0.700,0.884,1.076,1.271,1.404,1.701,1.899,2.119,2.347,2.560,2.768,2.965,3.187,3.392,3.626,3.852,4.043,4.250,4.519,4.717,4.864,5.152,5.386,5.625,5.846,6.071,6.270,6.476,6.703,6.898,7.118,7.317,7.524,7.733,7.964,8.213,8.397,8.595,8.788,8.988,9.194,9.391,9.580,9.775,9.930,10.190,10.412,10.625,10.833,11.052,11.272,11.473,11.678,11.889,12.106,12.364,12.540,12.773,12.988,13.199,13.393,13.604,13.787,13.988,14.216,14.454,14.616,14.821,15.044,15.274,15.484,15.708,15.901,16.126,
2,72,0.167,0.371,0.572,0.766,0.935,1.127,1.320,1.520,1.724,1.920,2.125,2.334,
2,73,0.165,0.377,0.575,0.794,0.969,1.177,1.373,1.579,1.752,1.948,2.159,2.353,2.555,2.740,2.921,3.066,3.305,3.533,3.738,3.969,4.169,4.385,4.599,4.786,4.992,5.204,5.405,5.619,5.848,6.075,6.276,6.479,6.893,7.171,7.418,7.627,7.815,8.030,8.220,
2,74,0.046,0.302,0.484,0.715,0.962,1.156,1.354,1.552,1.720,1.975,2.151,2.344,
2,75,0.228,0.437,0.654,0.831,1.042,1.233,1.421,1.616,1.830,2.030,2.223,2.424,2.617,2.818,3.023,3.226,3.422,3.617,3.828,4.027,4.274,
2,76,0.081,0.295,0.430,0.706,0.926,1.169,1.373,1.566,1.766,1.949,2.150,2.355,2.588,2.777,2.961,3.153,3.356,3.564,3.774,3.977,4.186,4.401,4.634,4.822,5.030,5.241,5.431,5.642,5.867,6.102,6.268,6.464,6.665,6.900,7.124,7.316,7.550,7.809,7.976,8.167,8.353,8.539,8.751,8.959,9.172,9.369,9.589,9.792,9.982,10.187,10.401,10.602,10.810,11.050,11.330,11.546,11.771,11.958,12.207,
2,77,0.174,0.361,0.531,0.689,0.897,1.078,1.264,1.437,1.620,1.814,2.015,2.192,2.370,2.554,2.752,2.948,3.148,3.314,3.515,3.708,3.899,4.087,4.269,4.461,4.656,4.856,5.043,5.246,5.650,5.835,6.048,6.273,
2,78,0.058,0.274,0.484,0.696,0.918,1.147,1.375,1.578,1.799,2.247,2.463,2.669,2.894,3.092,3.278,3.478,3.683,3.912,4.114,4.340,4.543,4.797,5.246,5.512,5.724,5.938,6.161,6.363,6.809,7.013,
2,79,0.124,0.304,0.486,0.658,0.843,1.030,1.205,1.399,1.618,1.822,2.055,2.280,2.483,2.718,2.909,3.100,3.280,3.489,3.711,3.920,4.117,4.326,4.531,4.769,5.002,5.217,5.441,5.655,5.860,6.108,6.321,6.520,6.727,6.967,7.183,7.390,7.579,7.780,7.989,8.203,8.419,8.624,8.827,9.028,9.251,9.464,9.664,9.850,10.078,10.323,
2,80,0.116,0.301,0.494,0.666,0.844,1.045,1.225,1.431,1.621,1.813,1.998,2.180,2.368,2.590,2.809,2.993,3.212,3.415,3.648,3.868,4.076,4.290,4.491,4.691,4.913,5.149,5.354,5.554,5.738,5.936,6.149,6.325,6.516,6.713,6.899,7.075,7.266,7.437,7.621,7.833,8.034,8.244,8.435,8.623,8.819,9.017,9.227,9.418,9.634,9.827,10.079,10.268,10.468,10.684,10.914,11.119,11.308,11.518,11.694,11.888,12.087,12.283,12.481,12.674,12.877,13.063,13.269,13.479,13.672,13.886,14.078,14.309,14.495,14.702,14.913,15.137,15.324,15.520,15.737,15.943,16.181,
2,81,0.055,0.271,0.446,0.642,0.836,1.039,1.225,1.420,1.639,1.826,2.032,2.229,2.426,2.604,2.799,3.023,3.191,3.390,3.611,3.805,3.993,4.194,4.402,4.607,4.813,5.031,5.239,5.445,5.641,5.860,6.064,6.274,
2,82,0.074,0.266,0.468,0.662,0.847,1.046,1.238,1.447,1.650,1.848,2.046,2.267,2.469,2.672,2.856,3.039,3.267,3.485,3.680,3.889,4.102,4.319,
2,83,0.154,0.369,0.555,0.764,1.015,1.200,1.398,1.612,1.822,2.047,2.252,
2,84,0.159,0.355,0.551,0.728,0.903,1.085,1.316,1.520,1.700,1.912,2.150,2.321,2.534,2.720,2.918,3.144,3.339,3.530,3.715,3.956,4.168,4.384,4.589,4.800,5.022,5.228,5.463,5.672,5.885,6.109,6.313,6.596,6.845,7.034,7.269,7.449,7.639,7.833,8.270,8.499,8.719,8.908,9.037,9.344,9.577,9.780,10.020,10.245,10.453,10.684,10.911,11.110,11.293,11.707,11.968,
2,85,0.201,0.400,0.602,0.810,0.997,1.182,1.370,1.548,1.729,1.908,2.155,2.343,2.578,2.772,3.022,3.229,3.445,3.698,3.900,4.118,4.307,4.493,4.674,4.902,5.120,5.354,5.580,5.813,6.023,6.221,6.447,6.667,6.920,7.157,7.355,7.571,7.806,8.044,8.274,8.524,8.740,8.976,9.203,9.431,9.686,9.895,10.123,
3,1,0.173,0.346,0.518,0.684,0.851,1.035,1.193,1.369,1.538,1.711,1.885,2.047,2.225,2.397,2.569,2.748,2.925,3.085,3.279,3.458,3.636,3.828,4.019,4.188,4.326,4.549,4.735,4.931,5.106,5.294,5.485,5.685,5.871,6.054,6.270,6.460,6.656,6.845,7.031,7.203,7.402,7.593,7.771,7.951,8.147,8.350,8.549,8.740,8.933,9.138,9.328,9.526,9.750,9.942,10.121,10.325,10.526,10.773,10.961,11.146,11.334,11.564,11.773,11.959,12.162,12.367,12.602,12.801,12.991,13.187,13.391,13.616,13.813,14.024,14.224,
3,2,0.206,0.399,0.565,0.749,0.952,1.150,1.330,1.517,1.716,1.922,2.103,2.289,2.491,2.693,2.896,3.084,3.280,3.490,3.691,3.901,4.092,4.305,4.495,4.706,4.902,5.104,5.298,5.494,5.706,5.910,6.127,6.328,6.532,6.742,6.959,7.190,7.410,7.604,7.821,8.023,8.270,8.482,8.736,8.940,9.148,9.387,9.550,9.744,9.938,10.137,10.332,10.521,10.704,10.894,11.080,11.286,11.494,11.687,11.905,12.148,12.356,12.772,12.979,13.191,13.401,13.611,13.824,14.032,14.273,
3,3,0.149,0.324,0.516,0.766,0.943,1.149,1.330,1.541,1.743,1.956,2.153,2.400,2.585,2.799,3.017,3.221,3.432,3.636,3.866,4.069,4.277,4.521,4.732,4.963,5.179,5.369,5.587,5.795,6.018,6.217,6.434,
3,4,0.176,0.404,0.615,0.847,1.048,1.251,1.451,1.666,1.900,2.154,2.365,2.588,2.816,3.019,3.248,3.449,3.589,3.905,4.165,4.376,
3,5,0.194,0.400,0.615,0.826,1.034,1.267,1.445,1.662,1.868,2.084,2.274,2.477,2.686,2.901,3.092,3.295,3.518,3.713,3.936,4.169,4.390,4.614,4.840,5.070,5.315,5.519,5.721,5.946,6.177,6.365,6.578,6.806,7.026,7.276,7.472,7.712,7.939,8.185,8.387,8.770,8.991,9.205,9.431,9.644,9.801,10.048,10.283,
3,6,0.198,0.364,0.521,0.771,0.994,1.066,1.365,1.533,1.775,2.001,2.206,2.405,2.605,2.816,3.049,3.234,3.442,3.639,3.851,4.032,4.240,4.474,4.682,4.902,5.099,5.307,5.527,5.721,5.917,6.127,6.330,6.523,6.741,6.939,7.171,7.340,7.544,7.751,7.945,8.151,8.358,8.571,8.775,8.968,9.145,9.408,9.584,9.792,10.008,10.194,10.418,10.609,10.805,11.024,11.227,11.412,11.643,11.838,12.048,12.251,
3,7,0.114,0.296,0.485,0.653,0.850,1.051,1.229,1.415,1.583,1.789,1.995,2.202,2.391,
3,8,0.162,0.377,0.561,0.767,0.970,1.154,1.367,1.567,1.771,1.982,2.158,2.368,2.545,2.738,2.961,3.164,3.387,3.590,3.808,3.988,4.194,4.372,4.576,4.776,4.964,5.174,5.369,5.551,5.769,5.964,6.160,6.370,6.559,6.770,6.947,7.140,7.337,7.527,7.722,7.919,8.141,8.363,8.577,8.771,8.954,9.144,9.362,9.573,9.785,9.983,10.185,10.388,10.591,10.801,10.991,11.195,11.395,11.601,11.792,11.995,
3,9,0.036,0.266,0.466,0.688,0.912,1.107,1.306,1.527,1.739,1.945,2.165,2.347,2.569,2.797,2.998,3.198,3.407,3.651,3.849,4.058,
3,10,0.090,0.302,0.515,0.742,0.947,1.144,1.359,1.554,1.793,2.021,2.250,2.446,2.664,2.874,3.087,3.290,3.492,3.697,3.912,4.102,4.312,4.523,4.729,4.934,5.123,5.320,5.533,5.727,5.950,6.163,6.396,6.578,6.785,6.997,7.215,7.538,7.763,7.987,8.186,8.329,8.589,8.826,9.063,9.264,9.491,9.710,9.918,10.122,10.316,10.521,10.724,10.927,11.123,11.334,11.489,11.701,11.899,12.099,12.275,12.473,12.656,12.840,13.043,13.221,13.408,13.597,13.786,13.980,14.177,
3,11,0.057,0.283,0.489,0.699,0.875,1.092,1.283,1.476,1.662,1.877,2.082,2.281,2.484,2.655,2.837,3.031,3.227,3.443,3.641,3.820,4.028,4.222,4.404,4.575,4.775,4.938,5.124,5.315,5.493,5.692,5.875,6.058,6.248,6.457,6.657,6.870,7.035,7.251,7.425,7.643,7.822,8.010,8.203,8.400,8.588,8.777,8.968,9.157,9.354,9.534,9.740,9.922,10.084,10.268,10.449,10.645,10.846,11.047,11.219,11.410,11.604,11.815,12.012,12.205,
3,12,0.160,0.355,0.617,0.806,0.991,1.391,1.603,1.799,1.993,2.198,2.395,2.607,2.800,2.993,3.313,3.541,3.776,3.963,4.177,4.396,4.605,4.804,5.022,5.229,5.425,5.643,5.893,6.064,6.260,
3,13,0.226,0.433,0.605,0.797,0.999,1.203,1.384,1.577,1.771,1.960,2.166,2.372,2.550,2.751,2.941,3.139,3.337,3.518,3.706,3.902,4.092,4.269,4.459,4.625,4.811,5.019,5.201,5.403,5.608,5.806,6.023,6.224,6.415,6.596,6.794,6.984,7.186,7.393,7.572,7.770,7.943,8.137,8.325,8.521,
3,14,0.125,0.297,0.502,0.691,0.875,1.094,1.300,1.453,1.662,1.840,2.046,2.233,2.448,2.585,2.773,2.953,3.150,3.323,3.493,3.680,3.863,4.046,4.244,4.452,4.641,4.829,5.027,5.236,5.433,5.634,5.842,6.036,6.240,6.424,6.595,6.803,7.018,7.228,7.412,7.615,7.796,7.990,8.158,
3,15,0.055,0.259,0.474,0.665,0.862,1.049,1.262,1.462,1.643,1.824,2.076,2.339,2.577,2.792,2.980,3.176,3.369,3.577,3.780,3.978,4.167,4.365,4.565,4.741,4.938,5.122,5.310,5.496,5.670,5.862,6.058,6.266,
3,16,0.161,0.330,0.513,0.698,0.868,1.052,1.244,1.439,1.622,1.820,2.014,2.209,2.377,2.573,2.764,2.954,3.148,3.333,3.514,3.696,3.908,4.081,4.287,4.472,4.665,4.858,5.042,5.203,5.426,5.649,5.825,6.043,6.232,6.421,6.649,6.827,7.026,7.252,7.471,7.650,7.811,7.988,8.197,8.400,8.610,8.797,9.001,9.200,9.389,9.552,9.749,9.950,10.154,10.384,10.550,10.733,10.924,11.111,11.300,11.488,11.682,11.874,12.102,12.269,
3,17,0.103,0.312,0.535,0.703,0.854,1.119,1.334,1.566,1.770,1.993,2.123,2.335,2.517,2.706,2.900,3.105,3.302,3.501,3.682,3.884,4.096,4.292,4.500,4.685,4.884,5.055,5.268,5.461,5.658,5.871,6.082,6.268,6.437,6.612,6.786,7.019,7.204,7.414,7.636,7.835,8.019,8.224,8.434,8.636,8.846,9.044,9.246,9.452,9.819,10.020,10.189,10.390,10.574,10.793,10.986,11.210,11.423,11.610,11.816,12.021,12.203,12.413,12.607,12.811,13.022,13.205,13.388,13.596,13.797,14.002,14.223,14.421,14.622,14.802,15.023,15.216,15.411,15.609,15.800,16.000,16.199,
3,18,0.044,0.230,0.424,0.617,0.830,0.973,1.144,1.335,1.521,1.704,1.888,2.071,2.241,2.413,2.578,2.772,2.948,3.126,3.326,3.522,3.684,3.876,4.059,4.279,4.470,4.666,4.861,5.057,5.273,5.483,5.664,5.847,6.055,6.273,6.457,6.665,6.825,7.053,7.224,7.610,7.823,7.963,8.153,8.341,
3,19,0.076,0.277,0.465,0.682,0.899,1.087,1.298,1.495,1.702,1.899,2.107,
3,20,0.066,0.307,0.526,0.739,0.905,1.083,1.244,1.453,1.643,1.816,2.010,2.207,2.408,2.591,2.793,2.995,3.181,3.377,3.740,3.950,4.174,4.351,4.519,4.718,4.895,5.084,5.268,5.439,5.645,5.795,6.012,
3,21,0.109,0.281,0.469,0.650,0.804,0.991,1.171,1.347,1.521,1.695,1.866,2.042,2.218,2.401,2.547,2.712,2.901,3.050,3.210,3.401,3.557,3.726,3.902,4.065,4.233,4.405,4.575,4.751,4.933,5.120,5.289,5.463,5.636,5.818,5.993,6.185,6.386,6.571,6.770,6.912,7.082,7.273,7.467,7.640,7.829,7.982,8.180,8.364,8.527,8.702,8.887,9.067,9.245,9.421,9.591,9.771,9.936,10.112,10.291,10.454,10.645,10.845,11.051,11.227,11.445,11.618,11.794,11.987,12.197,12.392,12.587,12.833,12.995,13.251,13.500,13.730,13.953,14.184,
3,22,0.228,0.388,0.622,0.836,1.021,1.229,1.419,1.618,1.799,2.022,2.206,2.431,2.626,2.819,3.023,3.198,3.389,3.577,3.773,3.953,4.147,4.332,4.523,4.711,4.893,5.082,5.274,5.452,5.647,5.820,6.024,6.217,6.420,6.603,6.789,6.989,7.188,7.368,7.545,7.725,7.911,8.102,8.265,
3,23,0.105,0.312,0.501,0.712,0.919,1.154,1.327,1.548,1.768,1.961,2.162,2.349,2.538,2.726,2.931,3.140,3.330,3.519,3.712,3.914,4.125,4.311,
3,24,0.176,0.372,0.555,0.745,0.929,1.112,1.297,1.525,1.711,1.899,2.107,2.317,2.521,2.740,2.910,3.117,3.330,3.529,3.727,4.147,4.393,
3,25,0.032,0.229,0.417,0.606,0.800,0.994,1.188,1.399,1.583,1.766,1.966,2.166,2.400,2.575,2.767,2.957,3.150,3.353,3.559,3.774,3.962,4.186,4.414,4.641,4.849,5.032,5.245,5.500,5.701,5.902,6.097,
3,26,0.216,0.423,0.643,0.845,1.085,1.286,1.473,1.700,1.920,2.136,2.358,2.562,2.794,3.035,3.270,3.477,3.678,3.887,4.099,4.337,4.520,4.703,4.914,5.137,5.372,5.583,5.778,6.000,6.215,
3,27,0.156,0.346,0.538,0.703,0.907,1.096,1.275,1.427,1.833,2.049,2.272,
3,28,0.148,0.326,0.532,0.710,0.912,1.155,1.362,1.572,1.795,1.961,2.153,2.362,2.602,2.798,3.016,3.204,3.426,3.625,3.833,4.059,4.287,4.489,4.685,4.865,5.044,5.233,5.429,5.580,5.827,6.018,6.245,6.468,6.668,6.885,7.080,7.305,7.519,7.714,7.926,8.138,8.358,8.581,8.801,9.044,9.282,9.523,9.770,9.977,10.159,10.304,
