0,1,0.115,0.266,0.410,0.558,0.695,0.853,0.995,1.146,1.291,1.440,1.588,1.732,1.897,2.055,2.203,2.351,2.514,2.664,2.809,2.965,3.118,3.264,3.419,3.597,3.777,3.907,4.027,4.179,4.341,4.514,4.687,4.853,5.018,5.193,5.351,5.515,5.684,5.843,6.015,6.207,6.445,6.598,6.766,6.929,7.101,7.266,7.417,7.585,7.750,7.909,8.060,8.230,8.404,8.582,8.767,8.939,9.104,9.279,9.444,9.557,9.748,9.920,10.080,10.287,
0,1,0.183,0.438,0.623,0.797,0.985,1.198,1.424,1.699,1.890,2.114,2.325,2.545,2.779,3.019,3.211,3.449,3.723,3.951,4.188,4.428,4.660,4.890,5.127,5.387,5.637,5.887,6.137,6.364,6.656,6.829,6.984,7.293,7.521,7.771,8.022,8.238,8.522,8.690,8.951,9.389,9.605,9.870,10.139,
0,1,0.321,0.557,0.794,1.061,1.302,1.448,
0,1,0.267,0.517,0.767,1.034,1.268,1.460,1.707,
2,1,0.082,0.559,0.818,1.051,1.333,1.570,1.822,
2,2,0.331,0.523,0.781,1.023,1.330,1.584,1.818,2.024,2.274,2.488,2.726,2.920,3.125,
2,3,0.453,0.715,0.958,1.148,1.370,1.578,1.799,2.015,2.202,2.424,2.648,2.867,3.060,3.297,3.515,3.746,3.999,4.217,4.457,4.693,4.899,5.150,5.376,5.596,5.840,6.073,6.313,6.553,6.779,7.071,
2,4,0.490,0.775,1.016,1.229,1.435,1.663,1.906,
2,5,0.101,0.362,0.530,0.773,0.990,1.208,1.437,1.644,1.876,2.085,2.310,2.539,2.777,3.024,3.274,3.559,3.828,4.090,4.336,4.642,4.892,5.166,5.412,5.659,
2,6,0.328,0.576,0.816,1.069,1.316,1.517,1.727,1.955,2.240,2.518,2.715,2.973,3.213,
2,7,0.236,0.454,
2,8,0.266,0.664,0.899,1.115,1.371,1.611,1.842,2.096,2.347,2.593,2.867,3.109,3.355,3.622,3.901,4.127,4.375,4.567,4.836,5.055,5.268,5.522,5.769,5.972,6.203,6.429,6.682,
2,9,0.283,0.499,0.747,0.991,1.252,1.501,1.772,2.019,2.286,2.539,2.769,3.029,3.269,3.537,3.789,
2,10,0.196,0.404,0.627,0.907,1.148,1.340,1.581,2.015,2.219,2.493,2.765,3.019,3.181,3.428,3.592,3.853,4.067,4.303,4.536,4.766,4.966,5.191,5.410,5.650,5.910,
2,11,0.473,0.707,0.913,1.121,1.363,1.611,1.808,2.051,2.284,2.484,2.688,2.905,3.148,3.367,3.573,3.794,4.046,4.272,4.475,4.710,4.939,5.154,
2,12,0.209,0.444,0.654,0.888,1.151,1.348,1.588,1.818,2.018,2.233,2.467,2.683,2.899,3.162,
2,13,0.359,0.589,0.791,1.025,1.271,1.482,1.714,
2,14,0.208,0.424,0.586,0.841,1.067,1.286,1.493,1.716,1.937,2.155,2.391,2.621,2.835,3.061,3.278,3.525,3.736,3.959,4.153,
2,15,0.205,0.443,
2,16,0.261,0.477,0.691,0.917,1.167,1.356,1.604,
2,17,0.391,0.641,0.835,1.061,1.301,1.517,1.736,
2,18,0.363,
2,19,0.226,0.447,0.653,0.857,
2,20,0.371,0.568,0.796,0.925,1.180,1.445,1.623,1.854,2.049,2.234,2.448,2.649,2.851,3.094,3.178,3.397,3.598,3.783,3.984,4.196,4.401,4.604,4.803,5.019,
2,21,0.247,0.471,0.682,0.865,1.097,1.341,1.542,1.741,
2,22,0.433,0.659,0.892,1.120,1.322,1.514,1.718,1.917,2.146,2.352,2.580,2.782,3.010,3.111,3.333,3.530,3.746,3.971,4.175,4.394,4.603,4.811,5.035,5.154,5.398,5.604,5.816,6.011,6.208,6.427,6.660,6.868,7.084,
2,23,0.238,0.447,0.653,0.861,1.079,1.290,1.516,1.742,1.904,2.151,2.395,2.606,2.841,3.091,3.373,3.660,3.942,4.202,4.444,4.675,4.899,5.170,5.396,5.594,5.813,
2,24,0.219,0.515,0.702,0.935,1.166,1.409,1.649,1.851,2.082,2.438,2.649,2.859,3.104,3.315,3.536,3.794,4.036,4.306,4.650,4.900,5.172,5.401,5.651,5.901,
2,25,0.230,0.449,0.660,0.900,1.087,1.316,1.573,1.813,2.024,2.251,2.524,2.780,3.042,3.268,3.476,3.698,3.941,4.137,4.361,4.626,4.953,5.230,5.471,5.683,5.951,
2,26,0.250,0.496,0.725,0.959,1.169,1.407,1.651,
2,27,0.295,0.523,0.743,0.934,1.201,1.439,1.677,1.911,2.170,2.401,2.660,3.030,3.249,3.482,3.715,3.931,4.164,4.403,4.662,4.911,5.135,5.492,
2,28,0.459,
2,29,0.222,0.467,0.673,0.884,1.135,1.368,1.596,1.817,2.043,2.283,2.497,2.695,2.931,3.196,3.412,3.648,3.893,4.189,4.428,4.653,4.886,5.136,5.348,5.584,5.839,
2,30,0.202,0.439,0.627,0.850,1.053,
2,31,0.172,0.393,0.602,0.813,1.036,1.238,1.442,1.627,1.846,2.053,2.260,2.589,2.797,2.994,3.244,3.470,3.715,3.929,4.148,4.358,4.648,4.855,5.077,5.310,5.529,
2,32,0.288,0.501,0.701,0.915,1.162,1.398,1.619,1.813,2.059,2.330,2.554,2.775,2.953,3.175,3.399,3.611,3.814,4.015,4.225,4.419,
2,33,0.267,
2,34,0.264,0.514,0.733,0.956,1.163,1.456,1.728,
2,35,0.325,0.576,0.808,
2,36,0.261,0.478,0.679,0.877,1.121,1.422,1.645,1.847,2.054,2.274,2.516,2.769,3.026,3.285,3.570,3.817,4.072,4.322,4.570,4.782,4.994,5.220,5.451,
2,37,0.263,0.467,0.683,0.921,1.147,1.514,1.676,1.874,2.085,2.264,2.499,2.742,2.995,3.199,3.410,3.648,3.870,4.066,4.272,4.464,
2,38,0.268,0.450,0.654,0.885,1.101,1.336,1.551,1.803,2.038,2.237,2.469,2.722,2.973,3.175,3.388,3.636,3.874,4.095,4.323,4.568,4.821,5.037,5.219,5.446,5.670,5.914,6.112,6.337,6.554,6.802,7.033,7.271,7.473,7.654,7.869,8.075,8.296,8.493,8.703,
2,39,0.234,0.460,0.664,0.897,1.144,1.387,1.611,1.852,2.067,2.395,2.712,2.965,3.201,3.469,3.723,3.974,4.214,4.452,4.712,4.951,5.199,5.442,5.670,5.907,6.137,6.332,6.606,6.834,7.028,
2,40,0.276,0.490,0.713,0.949,1.150,1.376,1.610,1.839,2.071,2.260,2.459,2.673,2.920,3.144,3.359,3.584,3.811,4.029,4.222,4.465,4.715,4.953,5.191,5.432,5.677,5.868,6.145,
2,41,0.246,0.490,
2,42,0.276,0.479,0.711,0.940,1.160,1.393,1.616,1.828,2.063,2.304,2.539,2.760,2.986,3.205,3.435,3.666,3.930,4.166,4.394,4.644,4.901,5.157,5.395,5.645,5.873,6.145,6.412,6.645,6.895,7.145,7.427,7.646,
2,43,0.250,0.477,0.674,0.872,1.100,1.337,
2,44,0.261,0.523,0.762,0.973,1.201,
2,45,0.290,0.501,0.694,0.896,1.146,1.409,1.667,
2,46,0.299,0.541,0.775,0.984,1.185,1.414,1.654,1.892,2.121,2.327,2.543,2.745,3.101,3.360,3.539,3.833,4.088,4.272,4.527,4.748,5.010,5.231,5.446,5.688,5.950,6.358,6.601,
2,47,0.243,0.454,0.616,0.839,1.022,1.216,1.425,1.626,1.833,2.035,2.244,2.450,2.656,2.870,3.081,3.297,
2,48,,
2,49,0.249,0.453,0.647,0.897,
2,50,0.252,0.479,
2,51,0.240,0.463,0.660,0.860,1.074,1.292,1.499,1.707,1.916,2.137,2.344,2.545,2.800,3.024,3.230,3.436,3.638,3.837,4.034,4.272,4.425,4.772,4.972,5.163,5.358,5.549,5.772,
2,52,0.243,0.452,0.661,0.867,1.086,1.297,1.518,1.714,1.920,2.067,2.305,2.492,2.686,2.902,3.114,3.312,3.531,3.786,4.025,4.241,4.437,4.622,4.886,5.100,5.490,5.690,5.853,6.047,6.232,6.444,6.637,6.824,7.020,7.219,7.430,7.637,7.819,8.033,8.227,8.414,
2,53,0.314,0.537,0.746,0.966,1.185,1.431,1.651,1.866,2.078,2.274,2.466,2.663,2.850,3.114,
2,54,0.417,0.663,0.842,1.048,1.236,1.476,1.728,1.966,2.204,2.405,2.625,2.841,3.127,3.369,3.603,3.831,4.042,4.251,
2,55,0.221,0.429,
2,56,,
2,57,0.245,0.429,0.623,0.825,1.028,1.228,1.435,1.646,1.896,2.146,2.367,2.605,2.841,3.049,3.304,3.557,3.782,3.997,4.196,4.401,4.647,4.834,5.049,5.264,5.443,5.672,
2,58,0.304,0.529,0.709,0.899,1.156,1.390,1.601,1.834,2.051,2.274,2.463,2.677,2.890,3.109,3.316,3.524,3.733,3.955,4.168,4.340,4.574,4.775,4.891,5.142,5.375,5.557,5.663,
2,59,0.319,0.545,0.727,0.948,1.177,1.395,1.594,1.801,2.048,2.276,2.512,2.783,3.016,3.241,3.463,3.671,3.855,4.083,4.294,4.500,4.696,4.911,5.118,5.320,5.514,5.723,5.917,6.063,6.304,6.480,6.679,
2,60,0.195,0.355,0.581,0.701,0.911,1.091,
2,61,0.282,0.478,0.672,0.936,1.167,1.372,1.592,1.808,2.228,2.449,2.675,2.865,3.093,
2,62,,
2,63,0.285,0.476,0.672,1.051,1.266,1.471,1.655,1.871,2.087,2.299,2.513,2.741,2.952,3.174,3.396,3.588,3.799,4.025,4.240,4.443,4.657,4.876,5.094,5.311,5.534,5.749,
2,64,0.248,0.457,
2,65,0.211,0.409,0.638,
2,66,0.228,
2,67,0.275,0.486,0.682,0.885,1.075,1.279,1.496,1.717,1.924,2.114,2.323,2.520,2.699,2.900,3.103,3.290,3.496,
2,68,0.271,0.463,0.837,1.061,1.272,1.467,1.685,1.920,2.139,2.345,2.567,2.772,2.991,3.227,3.416,3.620,3.797,4.023,4.273,4.523,4.697,5.000,5.201,5.411,5.587,5.796,6.024,6.199,6.403,6.719,
2,69,0.247,0.442,0.680,0.889,1.089,1.323,
2,70,0.314,0.515,0.732,0.919,1.114,1.305,1.519,1.731,1.943,2.153,2.359,2.564,2.770,2.975,3.179,3.403,3.614,3.833,4.042,4.267,4.486,4.695,4.917,5.151,5.358,5.574,5.994,
2,71,0.274,0.477,0.677,0.891,1.075,1.306,1.534,1.731,1.966,2.214,2.466,2.775,3.049,3.314,3.557,3.986,4.181,4.412,4.652,4.943,5.182,5.431,5.653,
2,72,0.293,0.523,0.723,0.949,1.176,1.415,1.640,1.847,2.087,2.308,2.524,2.733,2.933,3.171,3.391,3.600,3.828,4.028,4.258,4.468,4.680,4.902,5.113,5.324,5.521,5.730,
2,73,0.265,0.437,0.646,0.837,1.036,1.263,1.430,1.671,1.865,2.091,2.290,2.499,2.720,2.924,3.147,3.343,3.573,3.773,3.995,4.420,4.648,4.842,5.039,5.240,5.412,
2,74,0.274,0.476,0.660,0.862,1.081,1.299,1.518,1.710,1.924,2.134,2.353,2.557,2.772,3.018,3.230,3.466,3.718,3.907,4.167,4.386,4.627,4.825,5.068,5.276,5.498,5.713,5.923,6.127,
2,75,0.224,0.412,0.619,0.822,1.016,1.222,1.406,1.609,1.797,2.016,2.198,2.467,2.696,2.915,3.105,3.342,3.536,3.745,3.932,4.170,4.360,4.605,4.791,4.986,5.214,5.423,5.646,5.864,6.055,
2,76,0.301,0.513,0.713,0.897,1.101,1.339,1.538,1.764,2.017,2.197,2.407,2.648,2.873,3.100,3.308,3.537,3.724,3.950,4.173,4.398,4.610,4.830,5.028,5.266,5.465,5.691,5.899,6.111,6.293,6.523,6.825,
2,77,0.310,0.524,0.750,0.925,1.105,1.355,1.573,1.781,2.024,2.281,2.525,2.775,3.013,
2,78,0.400,0.595,0.804,1.017,1.355,1.554,1.744,1.959,2.176,2.443,2.668,2.885,3.108,
2,79,0.315,0.471,0.681,0.892,1.143,1.365,1.573,1.776,1.974,2.182,2.393,2.643,2.823,3.049,3.260,3.440,3.712,3.928,4.107,4.344,4.810,5.018,5.237,5.461,5.694,5.895,6.145,6.365,6.562,
2,80,0.313,0.531,0.706,0.950,1.177,1.398,1.600,
2,81,0.397,0.623,0.808,1.014,1.250,1.439,1.681,1.920,2.148,2.367,2.614,2.816,3.052,3.287,3.485,3.706,3.926,4.149,4.359,4.568,4.776,5.002,5.201,5.449,5.650,5.900,
2,82,0.350,0.597,0.789,0.988,1.207,1.423,1.693,1.894,2.137,2.401,2.601,2.931,3.142,3.431,3.659,3.876,4.085,4.293,4.519,4.744,4.985,5.194,5.396,5.612,5.860,
2,83,0.267,0.447,0.670,0.848,1.071,1.267,1.469,1.661,
2,84,0.453,0.640,0.825,1.063,1.274,1.474,1.680,1.897,2.122,2.335,2.549,2.775,2.984,3.178,3.421,3.624,3.871,4.087,4.295,4.487,4.698,4.922,5.116,5.352,5.599,5.823,6.009,6.238,6.439,6.672,
2,85,0.035,0.268,0.468,0.666,0.815,1.019,1.269,1.494,1.769,1.969,2.170,2.393,2.605,2.908,3.106,
2,86,0.271,0.468,0.668,0.895,1.091,1.282,1.471,1.691,1.942,2.145,2.332,2.570,2.798,2.971,3.204,3.484,3.675,3.930,4.097,4.329,4.520,4.783,4.998,5.183,5.400,5.647,5.897,
2,87,0.266,0.488,0.660,0.861,1.078,1.323,1.550,1.788,
2,88,0.345,0.560,0.761,0.970,1.178,1.398,1.615,1.804,2.015,2.225,2.444,2.654,2.846,3.081,3.275,3.512,3.733,3.951,4.172,4.396,4.594,4.816,5.039,5.249,5.436,5.646,
2,89,0.162,0.361,0.612,0.810,1.056,
2,90,0.203,0.456,
2,91,0.232,0.463,0.676,0.912,
2,92,0.241,0.417,0.641,0.828,1.064,1.291,1.482,1.710,
2,93,0.274,0.474,0.678,0.850,1.081,1.289,1.525,1.695,1.902,2.108,2.319,2.525,2.775,2.980,3.206,3.410,
2,94,0.193,0.419,
2,95,0.235,0.418,0.647,0.842,1.058,1.279,1.475,1.682,1.904,2.148,2.355,2.593,2.828,3.031,3.265,3.486,3.729,3.928,4.149,4.357,4.567,4.798,5.033,5.266,5.484,5.733,5.970,6.192,6.367,6.612,6.852,7.076,7.279,7.527,7.767,7.996,8.192,
2,96,0.238,0.456,
2,97,0.248,0.452,0.698,0.944,1.154,1.385,1.597,1.805,1.987,
2,98,0.249,0.463,
2,99,0.290,0.514,0.720,0.968,1.213,1.434,1.672,1.898,2.087,2.323,2.549,2.790,2.981,3.236,3.454,3.702,3.933,4.173,4.399,4.613,4.814,5.054,5.307,5.516,5.737,5.922,6.213,6.480,6.797,7.000,7.270,7.544,7.799,8.017,8.239,8.489,8.780,9.002,9.302,
2,100,0.399,0.582,0.857,1.069,1.411,1.576,1.824,2.065,2.315,2.484,2.738,2.903,3.177,3.446,3.650,3.835,4.150,4.348,4.625,4.809,5.185,5.399,5.715,5.908,6.183,6.348,6.548,6.734,6.957,7.172,7.405,7.635,7.861,8.043,
2,101,0.236,0.426,
2,102,0.251,0.458,0.694,0.900,1.123,1.308,1.517,1.721,1.971,2.187,2.396,2.596,2.789,2.991,3.221,3.471,3.678,3.916,4.099,4.344,4.550,4.790,5.018,5.268,5.497,
2,103,0.271,0.441,0.644,0.857,1.078,1.316,1.563,1.806,2.022,2.272,2.493,2.690,2.930,3.143,3.375,3.595,3.832,4.062,4.310,4.523,4.735,4.929,5.184,5.412,5.640,5.869,
2,104,0.287,0.522,0.748,0.954,1.185,1.401,1.639,1.846,2.059,2.273,2.495,2.710,2.953,3.203,3.390,
2,105,0.314,0.534,0.726,0.923,
2,106,0.115,0.355,0.550,0.805,1.011,1.242,1.468,1.669,1.895,2.106,2.317,2.545,2.725,2.971,3.172,3.399,
2,107,0.272,0.496,0.726,0.952,1.146,1.396,1.562,1.801,
2,108,0.303,0.515,0.747,0.947,
2,109,0.316,0.516,0.746,0.941,1.168,1.403,1.609,1.825,2.023,2.252,2.485,2.740,2.927,3.187,3.352,3.614,3.873,4.126,4.355,4.593,4.821,5.067,5.548,5.800,
2,110,0.413,0.620,0.870,1.103,1.329,1.538,1.748,1.975,2.213,2.462,2.701,2.944,3.153,
2,111,0.409,0.650,0.828,1.083,1.315,1.554,1.767,2.017,2.267,2.527,2.774,2.989,3.237,3.475,3.669,3.923,4.169,4.399,4.622,4.871,5.099,5.332,5.519,
2,112,0.323,0.498,0.719,0.900,1.163,1.401,1.581,1.804,2.032,2.268,2.465,2.730,2.921,3.118,3.338,3.528,3.752,3.936,4.159,4.390,4.614,4.845,5.075,5.279,5.529,
2,113,0.291,0.524,
2,114,0.175,0.349,0.547,0.735,0.967,1.195,1.418,1.667,1.859,2.069,2.309,2.551,2.771,2.984,3.185,3.399,3.623,3.832,4.050,4.230,4.483,4.682,4.916,5.095,5.335,5.539,5.792,6.034,6.270,6.481,6.737,6.952,7.166,7.400,7.606,7.810,8.020,8.241,
2,115,0.208,0.454,0.649,0.896,1.099,1.325,1.571,1.818,2.061,2.275,2.493,2.721,2.942,3.157,3.397,3.587,3.831,4.086,4.313,4.539,4.774,5.015,5.265,5.461,5.681,5.877,6.110,6.370,6.563,6.811,7.035,
2,116,0.306,0.498,0.718,0.961,1.154,1.397,1.569,1.801,1.995,2.216,2.414,2.648,2.860,3.088,3.317,3.495,3.732,3.958,4.163,4.411,4.656,4.902,5.149,5.399,5.583,5.803,6.016,6.266,6.482,6.721,6.980,7.216,7.422,7.663,
2,117,0.225,0.453,0.680,0.902,1.138,1.342,1.583,1.809,2.022,2.252,2.487,2.706,2.907,3.112,3.393,3.599,3.827,4.038,4.273,4.491,4.726,4.973,
2,118,0.398,0.603,0.898,1.111,1.337,1.494,
2,119,,
2,120,0.232,0.430,0.654,0.853,1.105,1.270,1.438,1.648,1.831,2.102,2.310,2.533,2.728,2.970,3.188,3.413,3.638,3.854,4.065,4.271,4.521,4.714,4.934,5.138,5.358,5.566,5.796,5.998,6.226,6.440,6.710,6.982,7.239,7.473,7.727,7.931,8.181,8.390,8.640,8.869,9.121,
2,121,0.431,0.647,0.884,1.076,1.319,1.522,1.768,1.964,2.181,2.395,2.623,2.859,3.082,3.308,3.519,3.769,3.984,4.182,4.420,4.644,4.886,5.098,5.345,5.552,
2,122,0.321,0.528,0.716,0.903,1.148,1.415,
2,123,0.251,0.456,0.686,0.875,1.116,1.305,1.518,1.713,1.933,2.149,2.344,2.546,2.769,2.985,3.269,3.466,3.716,3.910,4.136,4.357,4.597,4.811,5.049,5.253,5.456,5.658,5.887,6.137,6.365,6.623,6.829,7.038,7.254,7.460,7.705,
2,124,0.226,0.573,0.794,1.017,1.241,1.445,
2,125,0.279,0.489,0.695,0.921,1.154,1.358,1.606,1.863,
2,126,0.233,0.441,0.618,0.844,1.043,1.289,1.500,1.729,1.957,2.202,2.435,2.712,2.943,3.176,
2,127,0.375,0.737,0.968,1.186,1.422,1.594,1.839,2.094,2.323,2.563,2.739,2.984,3.222,3.435,3.707,3.941,4.163,4.396,4.612,4.834,5.074,5.319,5.540,5.774,
2,128,0.279,0.519,0.752,0.980,1.168,
2,129,0.285,0.474,0.665,0.873,1.094,1.340,1.563,1.799,2.012,2.226,2.428,2.675,2.896,3.083,3.352,3.613,3.897,4.122,4.426,4.647,4.817,5.055,5.295,5.514,5.738,5.954,6.115,6.356,
2,130,0.245,0.449,0.699,0.954,1.140,1.371,1.578,1.828,2.052,2.274,2.481,2.707,2.933,3.205,3.418,3.686,3.868,4.098,4.271,4.525,4.737,4.965,5.173,
2,131,0.274,0.476,0.704,0.904,1.142,1.368,1.576,1.771,2.001,2.235,2.464,2.686,2.894,3.103,3.315,3.495,3.716,3.915,4.119,4.328,4.531,4.725,4.938,5.174,5.386,5.627,5.850,
2,132,0.299,0.482,0.685,0.921,1.149,
2,133,0.229,0.426,0.649,0.899,
2,134,0.266,0.463,0.650,0.853,1.074,1.252,1.529,1.734,2.032,2.239,2.494,2.700,2.919,3.101,3.307,
2,135,0.292,0.483,0.779,0.969,1.171,1.441,1.625,1.799,2.152,2.326,2.666,2.828,3.060,3.332,3.513,3.735,3.932,4.109,4.393,4.585,
2,136,0.321,0.523,0.703,0.901,
2,137,0.242,0.416,0.637,0.790,0.994,1.218,1.467,1.671,
2,138,0.236,0.410,0.608,0.813,1.046,1.290,1.483,1.707,1.937,2.185,2.401,2.626,2.836,3.096,3.336,3.565,3.784,4.077,4.285,4.502,4.712,4.978,5.209,5.405,5.769,6.002,6.210,6.408,6.689,6.898,7.229,7.410,7.640,7.845,
2,139,0.275,0.468,0.685,0.892,1.086,1.310,1.525,1.775,2.038,2.276,2.526,2.862,3.088,3.313,3.517,3.666,3.893,4.190,4.377,4.673,5.150,5.328,5.583,5.763,5.972,6.196,6.406,6.644,6.871,
2,140,0.163,0.351,
2,141,0.329,0.491,
2,142,0.260,0.443,0.673,1.030,
2,143,0.286,0.458,0.647,0.898,1.071,1.297,1.518,1.726,1.950,2.158,2.398,2.608,2.817,3.065,3.272,3.516,3.747,3.971,4.166,
2,144,0.245,0.422,0.648,0.872,1.078,1.284,1.498,1.724,1.921,2.151,2.331,2.574,2.790,3.018,3.212,3.460,3.718,3.902,4.101,4.303,4.519,4.726,4.978,5.146,
2,145,0.246,0.453,0.697,0.888,1.091,1.291,1.490,1.697,1.940,2.167,2.377,2.583,2.789,2.994,3.192,3.396,3.567,3.802,4.026,4.273,4.444,4.652,4.890,5.078,5.327,
2,146,0.377,0.501,0.721,0.903,1.173,1.340,1.612,1.810,2.017,2.227,2.440,2.654,2.897,3.075,3.298,3.536,3.750,3.980,4.167,4.415,4.648,4.838,5.053,5.245,5.482,5.700,5.899,6.086,
2,147,0.124,0.329,0.529,0.782,1.013,1.217,1.406,1.624,1.837,2.050,2.235,2.449,2.650,2.869,3.082,3.294,
2,148,0.251,0.451,0.663,0.871,1.075,1.271,1.470,1.727,1.912,2.126,2.344,2.599,2.803,3.022,3.313,3.556,3.744,3.939,4.139,4.351,4.559,4.809,5.039,5.231,5.461,5.684,5.909,6.108,
