0,1,0.309,0.436,0.583,0.761,0.933,1.108,1.267,1.416,1.557,1.712,1.858,2.014,2.169,2.302,2.439,2.574,2.721,2.875,3.029,3.174,3.322,3.474,3.611,3.741,3.896,4.021,4.162,4.311,4.454,4.601,4.763,4.896,5.044,5.190,5.328,5.475,5.624,5.770,5.906,6.054,6.205,6.362,6.520,6.661,6.817,6.961,7.110,7.264,7.407,7.550,7.711,7.868,8.031,8.171,8.323,8.468,8.617,8.764,8.912,9.053,9.197,9.344,9.497,9.648,9.797,9.931,10.083,10.239,10.399,10.567,10.718,
0,1,0.283,0.416,0.553,0.705,0.850,0.990,1.122,1.272,1.410,1.550,1.691,1.825,1.957,2.105,2.269,2.410,2.554,2.699,2.855,2.999,3.148,3.295,3.442,3.585,3.737,3.887,4.024,4.186,4.325,4.480,4.641,4.796,4.948,5.088,5.242,5.394,5.544,5.706,5.842,5.994,6.141,6.286,6.439,6.586,6.735,6.877,7.025,7.169,7.312,7.467,7.616,7.771,7.900,8.052,8.206,8.361,8.522,8.668,8.823,8.979,9.126,9.272,9.420,9.576,9.729,9.872,10.032,10.201,
0,1,0.318,0.463,0.600,0.737,0.874,1.018,1.166,1.313,1.467,1.625,1.782,1.946,2.104,2.268,2.433,2.591,2.769,2.934,3.085,3.250,3.417,3.574,3.726,3.886,4.046,4.203,4.359,4.524,4.689,4.853,5.020,5.300,5.453,5.637,5.960,6.107,
0,1,0.297,0.441,0.579,0.718,0.845,0.984,1.152,1.290,1.444,1.595,1.769,1.936,2.072,2.248,2.412,2.563,2.719,2.886,3.036,3.194,3.364,3.532,3.695,3.867,4.034,4.212,4.387,4.556,4.742,4.913,5.079,5.270,5.428,5.584,5.771,5.908,
1,1,0.144,0.297,0.460,0.620,0.807,0.990,1.148,1.297,1.449,1.606,1.764,1.927,2.079,2.238,2.395,2.563,2.729,2.896,3.029,3.184,3.330,3.479,3.620,3.772,3.918,4.061,4.198,4.331,4.475,4.625,4.780,4.909,5.060,5.203,5.349,5.513,5.662,5.813,5.958,6.112,6.276,6.436,6.608,6.778,6.941,7.089,7.264,7.404,7.557,7.702,7.857,7.992,8.151,8.306,8.456,8.608,8.775,8.927,9.094,9.268,9.426,9.573,9.729,9.899,10.067,10.243,10.403,10.548,10.701,10.850,11.019,11.184,11.341,11.516,11.653,11.803,11.956,12.122,12.286,12.461,12.596,12.749,12.909,13.054,13.205,13.346,13.517,13.661,13.812,13.971,14.136,14.295,14.438,14.673,14.780,15.033,15.178,15.434,15.579,15.722,15.885,16.022,16.169,16.325,16.474,
1,2,0.044,0.205,0.331,0.477,0.603,0.751,0.894,1.044,1.195,1.339,1.482,1.654,1.795,1.948,2.096,2.261,2.407,2.559,2.701,2.978,3.126,3.262,3.410,3.555,3.721,3.876,4.023,4.195,4.355,4.519,4.670,4.818,4.957,5.098,5.263,5.399,5.575,5.714,5.806,5.950,
1,3,0.093,0.237,0.396,0.556,0.717,0.896,1.038,1.208,1.359,1.547,1.723,1.913,2.074,2.248,2.435,2.604,2.791,2.987,3.174,3.330,3.624,3.796,3.978,4.148,4.297,4.464,4.731,4.867,5.002,5.148,5.265,5.399,5.515,5.649,5.777,5.930,6.076,6.213,6.399,6.516,6.669,6.815,6.975,7.149,7.310,7.466,7.650,7.783,7.936,8.100,8.242,8.403,8.554,8.711,8.862,9.027,9.192,9.355,9.517,9.682,9.847,10.017,10.173,10.343,10.518,10.676,10.829,10.990,11.144,11.312,11.474,11.635,11.795,11.966,12.142,12.300,12.451,12.597,12.751,12.917,13.080,13.252,13.403,13.541,13.684,13.820,13.939,14.056,14.173,14.297,14.410,14.519,14.648,14.770,14.959,15.057,15.126,15.285,15.437,15.591,15.770,15.922,16.096,16.270,16.438,16.611,16.794,16.973,17.153,17.335,17.521,17.681,17.861,18.033,18.228,18.405,18.587,18.778,18.968,19.316,19.452,19.578,19.722,19.871,20.043,20.200,20.354,20.522,20.691,20.856,21.027,21.208,21.373,21.535,21.706,21.864,
1,4,0.348,0.495,0.649,0.807,0.968,1.118,
1,5,0.071,0.239,0.399,0.569,0.730,0.902,1.056,1.200,1.358,1.523,1.691,1.854,2.023,2.175,2.335,2.507,2.644,2.806,2.974,3.144,3.303,3.471,3.641,3.819,3.984,4.151,4.312,4.475,4.645,4.822,4.985,5.107,5.251,5.409,5.579,5.748,5.924,6.097,6.252,
1,6,0.033,0.185,0.342,0.517,0.615,0.750,0.896,
1,7,0.155,0.302,0.418,0.555,0.717,0.877,1.038,1.198,1.367,1.540,1.707,1.864,2.026,2.233,2.400,2.556,2.704,2.832,2.981,3.150,3.273,3.368,3.537,3.686,3.842,4.017,4.178,4.350,4.493,4.678,
1,8,0.151,0.315,0.476,0.639,0.789,0.940,
1,9,0.060,0.194,0.326,0.514,
1,10,0.238,0.400,0.530,0.683,0.837,1.017,1.167,1.326,1.479,1.650,1.811,1.984,2.168,2.336,2.488,
1,11,0.058,0.231,0.395,0.559,0.730,0.920,1.095,1.288,1.463,1.656,1.835,2.013,2.183,2.306,2.420,2.549,2.683,2.812,2.943,3.074,3.198,3.333,3.485,3.647,3.770,3.907,4.059,4.213,4.342,4.471,4.620,4.764,4.897,5.043,5.196,5.335,5.473,5.627,5.764,5.917,6.034,
1,12,0.121,0.263,0.434,
1,13,0.154,0.335,0.514,
1,14,0.061,0.251,0.449,0.622,0.803,0.984,1.161,1.343,1.516,1.690,1.867,
1,15,0.187,0.358,0.513,0.696,0.896,
1,16,0.195,0.365,0.554,0.753,0.940,
1,17,0.122,0.314,0.510,0.681,0.866,1.025,1.187,1.354,1.523,1.644,1.784,1.916,2.035,2.154,2.278,2.411,2.535,2.662,2.787,2.919,3.050,3.177,3.431,
1,18,0.146,0.291,0.458,0.646,0.809,1.016,1.208,1.397,1.581,1.780,1.952,2.124,2.305,2.514,2.701,2.897,3.053,3.230,3.422,3.608,3.791,3.971,4.148,4.336,4.479,4.608,4.734,4.857,4.971,5.091,5.187,5.302,5.408,5.515,5.649,5.738,5.857,5.972,6.090,6.183,6.293,6.428,6.552,6.671,6.814,6.953,7.092,7.227,7.495,7.649,7.792,7.944,8.099,8.266,8.420,8.570,8.721,8.900,9.037,9.199,9.367,9.517,9.687,9.852,10.021,10.178,10.343,10.518,10.666,10.821,10.958,11.123,
1,19,0.048,0.200,0.352,0.496,0.658,0.799,0.949,1.112,1.265,1.407,1.570,1.709,1.895,2.036,2.169,2.318,2.471,2.646,2.833,3.016,3.197,3.371,3.559,3.763,3.953,4.146,4.323,4.483,4.601,4.738,4.867,5.014,5.147,5.293,5.445,5.602,5.764,5.907,
1,20,0.039,0.191,0.390,0.565,0.747,0.951,1.123,1.277,1.451,1.624,1.791,
1,21,0.123,0.287,0.462,0.649,0.824,0.994,1.188,1.371,1.525,1.703,1.899,
1,22,0.077,0.269,0.478,0.703,0.900,1.096,1.276,1.469,1.650,1.852,2.037,2.219,2.404,2.600,2.799,2.997,3.190,3.329,3.470,3.595,3.733,3.863,3.998,4.151,4.268,4.409,4.552,4.685,4.839,4.995,5.135,5.286,5.449,5.609,5.769,
1,23,0.050,0.227,0.400,0.583,0.777,0.963,1.158,1.327,1.517,1.685,1.865,2.027,2.182,2.365,2.569,2.774,2.957,3.124,3.349,3.495,3.627,3.768,3.887,4.024,4.137,4.268,4.405,4.545,4.692,4.842,4.989,5.139,5.293,5.455,5.616,5.769,5.914,6.053,6.208,6.365,6.537,6.696,6.855,7.020,7.160,7.314,7.477,7.641,7.804,7.964,8.137,8.302,8.460,8.608,8.770,8.920,9.090,9.271,9.401,9.555,9.727,9.888,10.052,10.221,10.369,
1,24,0.033,0.174,0.321,0.586,0.767,0.841,0.966,1.084,1.198,1.476,1.653,1.836,1.957,2.126,2.280,2.457,2.616,2.800,2.983,3.112,3.239,3.385,3.518,3.644,3.780,3.927,3.993,4.157,4.305,4.473,4.644,4.798,4.975,5.167,5.293,5.386,5.642,5.789,5.930,6.420,
1,25,0.073,0.267,0.433,0.593,0.767,0.928,
1,26,0.112,0.272,0.438,0.604,0.773,0.920,1.101,1.273,1.434,1.572,1.773,1.995,2.177,2.330,2.463,2.597,2.718,2.844,2.980,3.114,3.274,3.408,3.585,3.716,3.870,4.024,4.153,4.313,4.450,4.608,4.777,4.928,5.074,5.237,5.392,5.565,5.692,5.836,
1,27,0.042,0.183,0.329,0.501,0.671,0.836,1.022,1.169,1.351,1.537,1.727,1.899,2.273,2.438,2.589,2.749,2.936,3.120,3.303,3.484,3.682,3.890,4.081,4.286,4.473,4.658,4.871,5.078,5.274,5.444,5.624,5.901,6.025,6.156,6.297,6.441,6.586,6.732,6.892,7.025,7.169,7.306,7.448,7.597,7.776,7.907,8.058,8.221,8.371,8.521,8.672,8.823,8.978,9.143,9.284,9.442,9.607,9.776,9.947,10.093,10.260,10.423,10.598,10.767,10.923,11.102,11.269,11.450,11.627,11.780,11.948,12.116,12.270,12.419,12.577,
1,28,0.037,0.194,0.354,0.551,0.717,0.871,1.040,1.222,1.387,1.554,1.729,
1,29,0.046,0.195,0.339,0.482,0.640,
1,30,0.147,0.299,0.478,0.624,0.780,0.926,1.081,1.228,1.397,1.546,1.711,1.875,2.039,2.193,2.334,2.514,2.676,2.867,3.032,3.148,3.271,
1,31,0.045,0.206,0.361,0.517,0.680,
1,32,0.229,0.374,0.544,0.721,0.901,1.071,1.239,1.412,1.581,1.773,1.967,2.155,2.354,2.589,2.774,2.950,3.116,3.290,3.483,3.659,3.857,4.024,4.191,4.372,4.539,4.744,4.933,5.105,5.289,5.454,5.615,5.772,5.892,6.029,6.163,6.289,6.412,6.539,6.656,6.776,6.901,7.034,7.139,7.287,7.422,7.544,7.680,7.834,7.993,8.143,8.286,8.443,8.582,8.722,8.869,9.027,9.184,9.357,9.524,9.668,9.811,9.961,10.098,10.239,10.407,10.544,10.700,10.865,11.028,11.188,11.333,11.485,11.645,11.794,11.957,12.116,12.282,12.438,12.596,12.721,
1,33,0.119,0.290,0.470,0.638,0.795,0.937,1.105,1.272,1.417,1.583,1.723,1.892,2.029,2.156,2.334,2.489,2.656,2.831,2.994,3.159,3.341,3.523,3.708,3.890,4.068,4.242,4.417,4.619,4.796,4.966,5.097,5.249,5.403,5.524,5.655,5.796,5.952,6.105,6.249,6.401,6.556,6.722,6.891,7.049,7.220,7.363,
1,34,0.026,0.209,0.393,0.567,0.744,0.944,1.153,1.319,1.526,1.707,
1,35,0.050,0.238,0.424,0.601,0.769,0.917,1.102,1.276,1.461,1.636,1.821,2.020,2.198,2.390,2.728,2.890,3.024,3.175,3.317,3.473,3.624,3.777,3.923,4.070,4.223,4.372,4.521,4.677,4.820,4.971,5.138,5.283,5.438,5.607,5.771,5.930,6.097,6.272,
1,36,0.059,0.241,0.436,0.617,0.813,0.978,1.153,1.355,1.539,1.737,1.923,2.100,2.280,2.467,2.668,2.858,3.042,3.242,
1,37,0.194,0.359,0.531,0.702,0.873,1.056,1.244,1.421,1.641,1.806,1.996,2.191,2.358,2.557,2.758,2.965,3.145,3.353,3.553,3.761,3.958,4.162,4.368,4.563,4.788,4.979,5.143,5.335,5.543,5.747,
1,38,0.066,0.246,0.418,0.610,0.803,0.998,1.183,1.363,1.566,1.763,1.977,2.170,2.350,2.522,2.764,2.897,3.040,3.173,3.305,3.432,3.571,3.713,3.845,3.976,4.125,4.293,4.432,4.587,4.845,4.997,5.158,5.311,5.462,5.626,5.790,
1,39,0.151,0.319,0.491,0.676,
1,40,0.086,0.250,0.425,0.588,0.778,0.950,1.062,1.203,1.324,1.465,1.601,1.746,1.903,2.040,2.190,2.336,2.483,2.667,2.783,2.946,3.104,3.267,3.422,3.580,3.745,3.904,4.064,4.221,4.400,4.549,4.705,4.862,5.017,5.168,5.314,5.472,5.619,5.768,5.921,6.050,6.186,6.315,6.547,6.680,6.805,6.919,7.018,7.121,7.222,7.342,7.446,7.560,7.621,7.772,7.902,8.036,8.162,8.296,8.426,8.526,8.650,8.784,8.928,9.083,9.228,
1,41,0.117,0.286,0.447,0.620,0.810,0.982,1.141,1.309,1.464,1.658,1.828,2.025,2.205,2.608,2.807,3.025,3.206,3.395,3.577,3.793,3.996,4.198,4.410,4.619,4.803,4.991,5.214,5.393,5.580,5.794,5.992,6.192,6.393,6.544,
1,42,0.047,0.222,0.399,0.599,0.772,0.953,1.149,1.351,1.535,1.737,1.922,2.127,2.330,2.534,2.727,2.939,3.163,
1,43,0.069,0.281,0.521,0.712,0.888,1.082,1.284,1.482,1.692,1.891,
1,44,0.146,0.342,0.541,0.763,0.954,1.163,1.352,1.542,1.732,1.926,2.123,2.319,2.520,2.713,2.914,3.122,3.306,3.498,3.764,3.956,4.123,4.296,4.497,4.702,4.905,5.122,5.328,5.537,5.736,5.943,6.149,6.329,6.535,6.724,6.919,7.116,7.315,7.516,7.725,
1,45,0.196,0.391,0.602,0.813,1.021,1.211,1.413,1.625,1.823,
1,46,0.177,0.365,0.564,0.749,0.923,1.110,1.319,1.519,1.729,1.905,2.087,2.303,2.516,2.708,2.917,3.149,3.335,
1,47,0.147,0.313,0.514,0.704,0.872,1.034,1.231,1.426,1.624,1.823,2.018,2.221,2.409,2.602,2.782,2.979,3.200,3.399,3.552,3.722,3.940,4.149,4.361,4.535,4.730,4.938,5.153,
1,48,0.146,0.263,0.446,0.646,0.834,0.990,
1,49,0.036,0.219,0.410,0.591,0.773,0.936,1.124,1.322,1.504,1.692,1.859,2.045,2.244,2.436,2.638,2.791,2.943,3.138,3.291,3.505,3.692,3.872,4.053,4.247,4.447,4.656,4.843,5.039,5.232,5.438,5.646,5.809,6.026,6.232,6.414,6.608,6.815,7.027,7.234,7.429,7.644,7.874,8.052,8.230,8.437,8.640,8.823,9.063,
1,50,0.092,0.292,0.475,0.662,0.832,0.987,1.165,1.326,1.478,1.608,1.750,1.896,2.029,2.175,2.312,2.454,2.597,2.750,2.899,3.046,3.195,3.349,3.513,3.656,3.810,3.968,4.108,4.264,4.409,4.560,4.735,4.897,5.041,5.201,5.355,5.518,5.660,5.819,
1,51,0.093,0.260,0.436,
1,52,0.142,0.297,0.493,0.670,0.831,0.993,
1,53,0.160,0.334,0.515,0.685,0.855,1.033,1.203,1.366,1.555,1.705,
1,54,0.026,0.264,0.743,0.947,1.150,1.365,1.585,1.799,2.074,2.260,2.420,2.580,2.750,2.965,3.171,3.644,3.829,4.011,4.178,4.370,4.674,4.895,5.069,5.241,5.432,5.611,5.830,6.021,6.187,
1,55,0.146,0.302,0.469,0.639,0.785,0.929,1.082,1.244,1.407,1.579,1.740,1.902,2.046,2.202,2.349,2.524,2.655,2.808,2.956,3.107,3.274,
1,56,0.064,0.243,0.424,0.601,0.769,0.917,1.056,1.248,1.426,1.590,1.849,2.053,2.196,2.461,2.638,2.803,2.966,3.150,3.320,
1,57,0.029,0.227,0.405,0.583,0.769,0.952,1.146,1.330,1.532,1.715,1.926,2.167,2.357,2.544,2.764,3.036,3.197,3.397,3.566,3.767,3.959,4.148,4.330,4.549,4.741,4.918,5.102,5.300,5.499,5.689,5.898,6.053,6.182,6.300,6.426,6.555,6.685,6.814,6.947,7.057,
1,58,0.180,0.377,0.573,0.774,0.957,1.122,1.297,1.495,1.693,1.891,2.093,2.314,2.492,2.706,2.904,3.099,3.293,3.492,3.667,3.875,4.085,4.286,4.478,4.684,4.893,5.097,5.287,5.457,5.643,5.833,6.027,6.236,6.443,6.644,6.838,7.059,7.261,
1,59,0.187,0.413,0.623,0.799,0.984,1.190,1.401,1.593,1.790,1.960,2.151,2.344,2.545,2.738,2.941,3.268,3.387,3.522,3.650,3.769,3.902,4.032,4.165,4.308,4.456,4.598,4.769,4.904,5.059,5.213,5.365,5.520,5.645,
1,60,0.090,0.274,0.455,0.641,0.834,1.010,1.197,1.392,1.567,1.775,1.936,2.067,2.200,2.329,2.475,2.617,2.759,2.892,3.029,3.182,3.325,3.476,3.643,3.781,3.934,4.083,4.240,4.400,4.558,4.710,4.867,5.027,5.173,5.313,5.466,5.608,5.751,5.894,6.040,6.186,
1,61,0.112,0.275,0.432,0.617,0.793,0.984,1.167,1.342,1.517,1.689,1.893,2.073,2.267,2.435,2.613,2.806,2.991,3.175,3.356,3.557,3.738,3.894,4.171,4.323,4.467,4.613,4.745,4.894,5.034,5.169,5.309,5.458,5.610,5.765,5.912,6.065,6.216,6.395,6.526,
1,62,0.150,0.312,0.517,
1,63,0.120,0.282,0.463,0.647,0.842,1.016,1.189,1.361,1.542,1.733,1.925,2.123,2.306,2.517,2.707,2.910,3.056,3.246,3.487,3.634,3.768,3.904,4.027,4.166,4.316,4.443,4.577,4.720,4.861,5.018,5.157,5.309,5.468,5.617,5.778,5.910,
1,64,0.057,0.249,0.437,0.627,0.810,0.972,1.165,1.364,1.551,1.734,1.925,2.141,2.318,2.524,2.697,2.895,3.074,3.275,3.406,3.540,3.673,3.808,3.953,4.101,4.275,4.395,4.550,4.713,4.892,5.038,5.196,5.355,5.526,5.655,5.822,5.992,6.149,6.310,6.454,6.605,6.762,6.922,7.076,
1,65,0.118,0.302,0.456,0.624,0.798,0.970,1.152,1.344,1.531,1.710,1.893,2.093,2.269,2.439,2.636,2.843,3.037,3.225,3.395,3.636,3.831,4.035,4.231,4.435,4.637,4.822,5.020,5.202,5.404,5.579,5.775,5.965,6.112,6.249,6.376,6.525,6.663,
1,66,0.089,0.291,0.469,0.668,0.855,1.051,1.251,1.450,1.674,1.851,2.037,2.237,2.438,2.621,2.792,2.983,3.186,
1,67,0.038,0.208,0.388,0.571,0.788,0.966,
1,68,0.172,0.353,0.545,0.741,0.902,1.097,1.295,1.487,1.681,1.827,
1,69,0.209,0.400,0.597,0.777,0.972,1.178,1.393,1.580,1.784,1.990,2.207,2.433,2.622,2.823,3.011,3.193,3.374,3.557,3.691,3.821,3.963,4.082,4.208,4.340,4.465,4.591,4.716,
1,70,0.092,0.272,0.462,0.670,0.870,
1,71,0.160,0.359,0.566,0.744,0.940,
1,72,0.178,0.356,0.540,0.722,0.906,1.109,1.301,1.478,1.674,1.864,2.063,2.232,2.419,2.597,2.784,3.041,3.187,3.316,
1,73,0.079,0.250,0.438,0.623,0.812,0.993,1.184,1.361,1.545,1.832,1.961,2.099,2.235,2.385,2.525,2.673,2.823,2.964,3.111,3.269,3.422,3.566,3.714,3.868,4.029,4.190,4.346,4.520,4.680,4.839,4.989,5.137,5.280,5.420,5.587,5.725,
1,74,0.053,0.241,0.616,0.790,0.937,1.098,1.264,1.455,1.644,1.784,1.965,2.235,2.371,2.511,2.645,2.764,2.904,3.037,3.174,3.307,3.446,3.611,3.765,3.912,4.046,4.189,4.325,4.479,4.645,4.803,4.959,5.120,5.276,5.437,5.600,5.763,5.924,
1,75,0.167,0.304,0.438,0.601,0.749,0.890,1.042,1.217,1.387,1.533,1.694,1.874,2.045,2.202,2.387,2.578,2.750,2.931,3.112,3.299,3.470,3.623,3.825,4.000,4.142,4.272,4.412,4.559,4.702,4.856,4.997,5.145,5.289,5.440,5.586,5.734,5.889,6.032,6.186,6.341,6.501,6.657,6.816,6.979,7.143,7.293,7.441,7.609,7.780,7.912,8.036,
1,76,0.146,0.304,0.456,0.607,
1,77,0.121,0.295,0.415,0.577,
1,78,0.151,0.287,0.460,0.655,0.839,1.018,1.181,1.401,1.535,1.664,1.802,1.926,2.053,2.173,2.298,2.436,2.561,2.691,2.823,2.973,3.102,3.216,3.361,3.497,3.667,3.818,3.984,4.218,4.386,4.568,4.731,4.894,5.066,5.270,5.476,5.663,5.841,6.020,6.176,6.363,6.552,6.771,6.951,7.125,
1,79,0.213,0.368,0.502,0.671,0.822,0.975,1.179,1.395,1.564,1.762,1.993,2.163,2.364,2.548,2.733,2.937,3.120,3.328,3.512,3.702,3.896,4.091,4.290,4.480,4.659,4.850,5.040,5.263,5.458,5.654,5.854,6.038,6.315,6.461,6.605,6.725,6.863,7.014,7.148,7.289,7.432,7.566,7.705,7.844,8.025,8.173,8.316,8.482,8.626,8.768,8.918,9.057,
1,80,0.067,0.236,0.421,0.579,0.736,0.902,1.057,
1,81,0.198,0.376,0.562,0.751,0.945,1.123,1.313,1.498,1.690,1.885,2.067,2.278,2.468,2.644,2.827,3.022,3.211,3.397,3.590,3.725,3.855,3.976,4.108,4.242,4.386,4.529,4.680,4.821,4.974,5.124,5.282,5.446,5.605,5.770,5.911,
1,82,0.047,0.223,0.410,0.560,0.776,0.959,1.119,1.306,1.526,1.719,1.893,2.093,2.289,2.496,2.693,2.911,3.117,3.289,3.472,3.661,3.824,3.961,4.089,4.225,4.368,4.511,4.617,4.736,
1,83,0.163,0.313,0.471,0.636,0.826,1.000,1.173,1.337,1.527,1.700,1.874,2.054,2.244,2.465,2.710,2.901,3.055,3.268,3.460,3.635,3.798,3.949,4.085,4.238,4.374,4.519,4.667,4.818,4.973,5.138,5.289,5.451,5.607,5.769,5.929,6.197,6.386,6.559,6.728,6.913,7.118,7.312,7.520,7.648,7.814,
1,84,0.040,0.206,0.390,0.567,0.773,0.946,1.122,1.277,1.451,1.624,
1,85,0.050,0.266,0.463,0.653,
1,86,0.102,0.294,0.486,0.862,1.037,1.222,1.411,1.666,1.856,2.072,2.295,2.499,2.705,2.922,3.123,3.315,3.518,3.694,3.799,3.941,4.070,4.187,4.320,4.433,4.570,4.699,4.833,4.974,
1,87,0.068,0.260,0.469,0.675,0.875,1.045,1.214,1.409,1.576,1.760,1.970,2.144,2.318,2.499,2.681,2.865,3.079,3.295,3.495,3.692,3.898,4.084,4.306,4.529,4.689,4.902,5.102,5.313,5.512,5.737,5.896,
1,88,0.069,0.399,0.619,0.807,0.987,1.150,1.318,1.492,1.662,1.824,1.999,2.170,2.355,2.526,2.706,2.901,3.081,3.271,
1,89,0.100,0.276,0.440,0.618,0.816,0.991,1.172,1.353,1.559,1.748,
1,90,0.106,0.306,0.483,0.686,0.901,
1,91,0.227,0.428,0.594,0.772,1.014,1.242,1.424,1.609,1.792,2.018,2.206,2.401,2.592,2.780,2.990,3.201,3.398,3.580,3.791,3.986,4.178,4.376,4.567,4.752,4.930,5.149,5.315,5.516,5.727,5.972,6.184,6.369,6.565,
1,92,0.052,0.197,0.321,0.457,0.581,0.724,0.867,1.002,1.144,1.289,1.438,1.583,1.731,1.873,2.018,2.151,2.297,2.423,2.565,2.705,2.847,2.987,3.142,3.268,
1,93,0.167,0.328,0.490,0.650,0.799,0.959,1.120,1.270,1.440,1.622,1.781,1.945,2.100,2.270,2.452,2.636,2.821,3.018,3.193,3.401,3.518,3.651,3.780,3.906,4.044,4.186,4.322,4.465,4.620,4.768,4.912,5.058,5.194,5.330,
1,94,0.158,0.351,0.537,0.731,0.894,1.052,1.250,1.438,1.637,1.805,1.989,2.194,2.388,2.553,2.743,2.919,3.111,3.294,
1,95,0.108,0.292,0.513,0.684,
1,96,0.158,0.340,0.578,0.774,0.967,1.158,1.357,1.569,1.775,1.945,2.145,2.341,2.554,2.700,2.839,2.966,3.084,3.198,3.337,
1,97,0.114,0.295,0.522,0.703,0.898,1.098,1.287,1.535,1.720,1.923,2.139,2.332,2.530,2.733,2.934,3.140,3.335,3.533,
1,98,0.108,0.273,0.464,0.650,0.813,0.931,1.056,1.177,1.306,1.442,1.585,1.721,1.874,1.997,2.141,2.274,2.416,2.558,2.700,2.846,2.991,3.142,3.275,3.426,3.569,3.710,3.875,4.025,4.149,4.288,4.431,4.577,4.733,4.892,5.038,5.196,5.342,
1,99,0.060,0.239,0.426,0.590,0.771,0.951,1.147,1.296,1.470,1.651,1.836,
1,100,0.171,0.404,0.610,0.894,1.011,1.151,1.287,1.465,1.652,1.844,2.052,2.262,2.427,2.557,2.677,2.803,2.922,3.050,3.175,3.298,3.430,3.568,3.712,3.829,3.977,4.106,
1,101,0.048,0.240,0.437,0.624,0.930,1.117,1.351,1.557,1.792,1.997,2.198,2.389,2.601,2.789,2.918,3.055,3.191,3.322,3.456,3.589,3.732,3.870,4.023,4.152,4.283,4.429,4.580,4.730,
1,102,0.092,0.274,0.502,0.675,0.894,1.061,1.240,1.416,1.583,1.773,1.953,2.125,2.311,2.511,2.707,2.901,3.087,3.283,3.455,3.612,3.802,3.996,4.160,4.374,4.577,4.802,4.982,5.105,5.242,5.348,5.478,5.591,5.695,5.803,5.923,6.016,6.146,6.239,
1,103,0.138,0.311,0.493,0.705,0.889,1.069,1.279,1.478,1.648,1.792,1.916,2.044,2.178,2.327,2.475,2.624,2.773,2.924,3.040,
1,104,0.074,0.248,0.446,
1,105,0.056,0.236,0.427,0.636,0.850,1.020,1.226,1.339,1.477,1.605,1.737,1.887,2.020,2.147,2.295,2.444,2.582,2.732,2.891,3.040,3.186,3.335,3.483,3.638,3.811,3.971,4.157,4.335,4.505,4.697,4.907,5.105,5.292,
1,106,0.163,0.354,0.688,0.828,0.958,1.095,1.232,1.377,1.527,1.666,1.810,1.958,2.106,2.267,2.514,2.686,2.860,3.031,3.228,3.427,
1,107,0.061,0.240,0.404,0.589,0.785,0.975,1.166,1.361,1.560,1.781,1.923,2.060,2.182,2.313,2.449,2.587,2.729,2.862,3.022,3.160,3.316,3.461,3.598,3.728,3.863,4.022,4.142,4.286,4.440,4.579,4.717,4.865,5.001,5.139,
1,108,0.074,0.265,0.418,
1,109,0.161,0.338,0.549,0.730,0.965,
1,110,0.176,0.399,0.592,0.790,0.955,1.164,1.399,1.611,1.855,1.980,2.112,2.231,2.361,2.478,2.581,2.720,2.855,2.981,3.108,3.267,3.398,3.537,3.674,3.834,3.994,4.136,4.267,4.455,4.622,4.768,
1,111,0.231,0.459,0.657,0.853,1.042,1.267,1.450,1.651,1.836,2.024,2.171,2.295,2.436,2.567,2.705,2.848,2.982,3.124,3.275,3.415,3.567,3.705,3.849,3.984,4.138,4.281,
1,112,0.078,0.270,0.456,0.653,0.873,1.143,1.392,1.637,1.844,1.971,2.095,2.231,2.387,2.531,2.678,2.805,2.952,3.102,3.271,3.400,3.548,3.693,3.838,3.993,4.145,4.301,4.445,
1,113,0.122,0.283,0.453,0.612,0.783,0.979,1.177,1.365,1.553,1.746,
1,114,0.146,0.339,0.523,0.763,0.900,1.036,1.178,1.329,1.467,1.597,1.742,2.184,
1,115,0.073,0.262,0.422,0.593,0.723,0.865,0.997,1.118,1.262,1.396,1.585,1.749,1.960,2.150,2.330,2.513,2.681,2.826,2.965,3.104,3.241,3.397,3.540,3.676,3.814,3.956,4.112,4.264,4.397,4.546,4.696,4.848,4.994,5.148,5.301,
1,116,0.146,0.283,0.452,0.611,0.784,0.972,1.146,1.309,1.513,1.668,1.808,1.958,2.171,2.334,2.530,2.714,2.871,3.041,3.230,3.437,3.647,3.808,4.001,4.148,4.274,4.398,4.534,4.687,4.813,4.947,5.080,5.236,5.398,5.532,5.680,5.844,5.994,6.149,6.285,6.421,
1,117,0.081,0.224,0.405,0.571,0.714,0.897,1.090,1.304,1.472,1.601,1.777,1.950,2.144,2.323,2.522,2.701,2.895,3.093,3.297,3.402,3.538,3.677,3.827,3.973,4.099,4.229,4.363,4.512,4.655,4.795,4.930,
1,118,0.120,0.307,0.495,0.666,0.862,1.073,1.263,1.460,1.647,1.812,2.020,2.264,2.468,2.597,2.727,2.870,3.014,3.148,3.299,3.439,3.585,3.726,3.869,4.015,4.165,4.292,4.515,4.697,4.898,
1,119,0.170,0.345,0.549,0.720,0.838,0.957,
1,120,0.167,0.322,0.514,0.679,0.863,1.058,1.235,1.420,1.610,1.831,2.010,2.143,2.287,2.430,2.574,2.705,2.846,2.994,3.125,3.283,3.416,3.566,3.788,
1,121,0.202,0.373,
1,122,0.228,0.400,0.566,0.750,0.927,1.090,1.271,1.464,1.607,1.767,1.886,2.018,2.144,2.271,2.409,2.547,2.681,2.822,2.977,3.116,3.248,3.385,3.540,3.669,3.810,3.961,4.096,4.247,4.389,4.531,4.655,
1,123,0.067,0.212,0.397,0.562,0.720,0.897,
1,124,0.242,0.399,0.553,
1,125,0.202,0.360,0.535,0.729,0.896,1.025,1.164,1.284,1.424,1.555,1.686,1.829,
1,126,0.045,0.212,0.370,0.517,0.672,0.862,1.095,1.221,1.349,1.468,1.596,1.717,1.831,1.955,2.083,2.213,2.338,2.475,2.626,2.768,2.913,3.055,3.205,3.344,3.475,3.635,3.786,3.948,4.102,4.251,4.388,4.577,
1,127,0.221,0.391,0.528,0.683,0.940,1.081,1.217,1.348,1.480,1.625,1.758,1.901,
1,128,0.194,0.352,0.523,0.733,0.930,1.053,1.194,1.332,1.461,1.595,1.726,1.860,2.002,2.144,2.287,2.437,2.587,2.729,2.891,3.054,3.217,3.416,
1,129,0.075,0.227,0.391,0.524,0.659,0.802,0.943,1.083,1.238,1.392,1.542,1.701,1.851,2.001,2.142,2.285,2.582,2.741,2.909,3.046,3.199,3.375,3.558,3.742,3.909,4.036,4.175,4.296,4.425,
1,130,0.266,0.451,0.609,0.767,0.954,1.143,1.299,1.489,1.613,1.716,1.886,2.027,2.170,2.307,2.448,2.576,2.720,2.869,3.018,3.171,3.319,3.468,3.647,3.805,3.953,4.109,4.268,4.433,4.587,4.769,4.916,5.080,5.232,5.522,5.680,5.832,6.001,6.163,6.309,6.450,
1,131,0.181,0.354,0.520,0.665,0.826,0.968,
1,132,0.248,0.435,0.591,0.768,0.885,1.022,1.159,1.295,1.429,1.553,1.684,1.822,1.962,2.097,2.238,2.385,2.522,2.667,2.801,2.949,3.080,
1,133,0.106,0.271,0.438,0.607,
1,134,0.248,0.425,0.566,0.748,0.915,1.078,1.264,1.464,1.651,1.836,
1,135,0.048,0.235,0.410,0.597,0.899,1.115,1.298,1.490,1.675,1.871,2.251,2.519,2.809,3.033,3.245,3.442,3.708,4.014,4.198,4.397,4.560,4.841,4.968,5.113,5.244,5.373,5.514,5.648,5.764,5.905,6.024,6.163,
1,136,0.090,0.270,0.442,0.636,0.801,0.998,1.200,1.371,1.574,1.768,1.955,2.268,2.404,2.540,2.671,2.795,2.936,3.080,3.218,3.354,3.481,3.603,
1,137,0.175,0.398,0.554,0.743,0.930,1.126,1.322,1.542,1.748,2.022,2.156,2.300,2.416,2.528,2.666,2.791,2.924,3.062,3.196,3.330,3.478,3.618,3.766,3.900,
1,138,0.082,0.267,0.461,0.650,0.826,1.202,1.359,1.489,1.616,1.746,1.873,2.018,2.144,2.287,2.426,2.567,2.710,2.862,3.018,3.149,3.290,3.438,3.599,3.744,
1,139,0.094,0.267,0.430,0.607,0.801,1.001,1.197,1.401,1.671,1.809,1.933,2.062,2.188,2.324,2.453,2.584,2.726,2.867,3.018,3.147,3.288,
1,140,0.127,0.293,0.466,0.647,0.922,1.108,1.251,1.398,1.529,1.670,1.799,1.935,2.060,2.197,2.348,2.483,
