0,1,0.162,0.397,0.647,0.897,
0,1,0.237,0.443,0.651,0.861,1.077,1.293,1.518,1.716,1.932,2.145,2.359,2.573,2.794,3.019,3.241,3.464,3.705,3.937,4.160,4.376,4.603,4.830,5.054,5.277,5.497,5.723,5.950,6.167,6.411,6.637,6.857,7.082,7.298,7.525,7.752,7.981,8.211,8.450,8.673,8.895,9.120,9.360,9.596,9.811,10.032,10.273,
0,1,0.230,0.463,0.699,0.969,1.209,1.446,1.689,1.924,2.158,2.405,2.642,2.870,3.105,3.368,3.615,3.868,4.113,4.363,4.609,4.859,5.099,5.349,5.597,5.833,6.077,6.330,6.583,6.823,7.084,7.338,7.587,7.850,8.093,8.328,8.566,8.834,9.068,9.322,9.569,9.812,10.064,10.352,
0,1,0.412,0.638,0.944,1.184,1.476,1.769,2.026,2.306,2.566,2.839,3.084,3.334,3.611,3.866,4.121,4.387,4.651,4.906,5.156,5.439,5.733,5.970,6.301,6.525,6.799,7.060,7.330,7.608,7.876,8.158,8.468,8.730,8.985,9.279,9.523,9.785,
2,1,0.051,0.295,0.525,0.784,1.028,1.264,1.514,1.767,2.014,2.264,2.514,2.778,3.014,3.265,3.527,3.792,4.054,4.302,4.584,4.829,5.077,5.320,5.565,5.798,6.032,
2,2,0.107,0.349,0.665,
2,3,0.186,0.431,0.718,0.947,1.233,1.486,1.769,2.002,2.270,2.539,2.794,3.047,3.319,3.579,3.824,4.112,4.359,4.624,4.857,5.122,5.350,5.621,5.860,6.117,
2,4,0.107,0.363,0.615,0.896,1.158,1.423,1.700,1.948,2.188,2.450,2.706,3.001,3.226,
2,5,0.168,0.413,0.650,0.918,1.173,1.418,1.675,1.953,2.215,2.465,2.739,2.982,3.266,3.514,3.775,4.048,4.300,4.561,4.830,5.096,5.347,5.589,5.896,6.146,6.396,6.646,6.896,7.146,7.411,7.667,7.920,8.184,
2,6,0.104,0.354,0.609,0.868,1.120,1.397,1.647,1.898,2.158,2.415,2.648,2.881,3.148,3.371,3.663,3.898,4.176,4.436,4.708,4.960,5.218,5.488,5.751,
2,7,0.310,0.552,0.809,1.058,1.313,1.580,1.826,2.073,2.341,2.604,2.891,3.176,3.450,3.725,4.021,4.317,4.597,4.854,5.135,5.426,5.723,5.990,6.284,6.561,6.843,7.136,
2,8,0.230,0.498,0.766,0.996,1.267,1.527,1.787,
2,9,0.209,0.514,0.781,1.034,1.308,
2,10,0.038,0.331,0.591,0.845,1.139,1.406,1.683,1.946,2.216,2.471,2.744,3.001,3.276,3.533,3.797,4.056,4.333,4.608,4.876,5.153,5.404,5.710,5.952,
2,11,0.271,0.543,0.806,1.056,1.344,1.610,1.898,2.168,2.460,2.727,3.022,3.282,3.581,3.861,4.140,4.411,4.691,4.974,5.231,5.524,5.777,6.041,6.324,6.588,6.863,7.108,
2,12,0.241,0.486,
2,13,0.146,0.427,
2,14,0.040,0.319,0.594,0.864,1.142,1.421,1.705,1.990,2.268,2.528,2.800,3.043,3.313,
2,15,0.289,0.541,0.853,1.103,1.375,1.645,1.940,2.217,2.522,2.772,3.045,3.328,3.609,3.890,4.163,4.429,4.689,4.970,5.234,5.524,5.774,6.024,
2,16,0.060,0.325,0.594,0.867,1.153,1.439,1.734,2.017,2.297,2.564,2.856,3.134,3.418,3.725,3.996,4.278,4.528,4.835,5.082,5.359,5.645,
2,17,0.086,0.356,0.649,0.919,
2,18,0.087,0.356,0.637,0.931,1.220,1.497,1.801,2.088,2.360,2.624,2.904,3.184,3.455,
2,19,0.193,0.453,0.718,
2,20,0.246,0.512,0.847,1.202,1.512,1.791,2.068,2.343,2.620,2.896,3.161,3.448,3.763,4.020,4.311,4.602,4.897,5.147,5.437,5.744,6.027,6.311,6.600,6.898,7.155,7.425,
2,21,0.411,0.651,0.895,1.169,1.445,1.715,2.029,2.371,2.662,2.901,3.164,3.420,3.691,3.954,4.221,4.474,4.732,5.024,5.252,5.524,5.774,
2,22,0.153,0.421,0.697,0.967,1.267,1.529,1.802,
2,23,0.159,0.397,0.647,
2,24,0.266,0.520,0.808,
2,25,0.159,0.401,0.662,0.975,
2,26,0.152,0.395,0.683,0.945,1.232,1.490,1.786,2.061,2.343,2.612,2.897,3.186,3.451,3.740,4.014,4.293,4.571,4.872,
2,27,0.074,0.355,0.643,0.916,1.200,1.469,1.774,2.024,
2,28,0.157,0.464,
2,29,0.231,0.519,0.781,1.051,1.316,1.589,1.873,2.148,2.415,2.703,2.970,3.237,3.521,3.795,4.075,4.340,4.623,4.888,5.161,
2,30,0.193,0.470,0.792,1.033,
2,31,0.297,0.557,0.826,1.101,1.376,1.657,1.934,2.228,2.519,2.779,3.068,3.352,3.613,3.920,
2,32,0.273,0.523,0.783,1.048,1.305,1.605,1.891,2.171,2.493,2.774,3.091,3.346,3.641,3.936,4.252,4.525,4.852,5.121,5.404,5.692,
2,33,0.202,0.441,0.764,1.020,1.357,1.694,2.000,2.398,2.651,2.925,3.212,3.515,3.810,4.084,4.367,4.656,4.961,5.248,5.548,5.803,
2,34,0.077,0.310,0.576,0.856,
2,35,0.229,0.495,0.788,1.063,1.354,1.619,1.893,2.165,2.444,2.727,3.024,3.284,3.554,3.831,4.108,4.391,4.657,4.921,5.198,5.487,
2,36,0.089,0.318,0.570,0.852,1.121,1.388,1.652,1.910,2.193,2.449,2.725,2.999,3.272,3.537,3.808,
2,37,0.232,0.529,0.777,1.065,1.323,1.598,1.870,2.147,2.397,2.651,2.971,3.209,
2,38,0.198,0.527,0.788,1.048,1.336,1.638,1.997,2.248,2.544,2.808,3.105,3.341,
2,39,0.029,0.284,0.609,0.897,1.158,1.407,1.689,
2,40,0.208,0.525,0.761,1.023,1.298,1.571,1.893,2.165,2.427,2.704,2.976,3.260,3.559,3.860,4.150,4.418,4.700,4.977,5.233,
2,41,0.144,0.394,0.699,0.951,1.242,1.518,1.785,
2,42,0.097,0.372,0.667,0.939,1.220,1.493,1.759,
2,43,0.150,0.418,0.675,0.940,1.247,1.550,1.822,2.092,2.392,2.659,2.951,3.231,3.519,3.781,4.068,4.353,4.609,4.892,
2,44,0.121,0.414,0.759,1.061,1.338,1.602,1.908,2.193,2.484,2.795,3.057,3.328,3.617,3.894,4.161,4.431,4.708,4.978,5.261,5.569,5.895,6.167,6.461,6.823,7.088,7.396,7.661,
2,45,,
2,46,0.149,0.403,
2,47,0.239,0.485,0.749,0.999,1.291,1.564,1.839,2.087,2.353,2.625,2.907,3.232,3.501,3.784,4.066,4.327,4.595,4.899,5.149,5.416,5.678,5.955,6.272,
2,48,0.282,0.537,0.831,
2,49,0.186,0.458,0.752,1.035,1.347,1.647,1.929,2.204,2.514,2.781,3.061,3.341,
2,50,0.118,0.389,0.666,0.940,1.225,1.488,1.773,2.043,2.326,2.601,2.873,3.155,3.438,3.709,3.979,4.274,4.554,
2,51,0.062,0.308,0.570,0.835,1.097,1.364,1.657,1.928,2.246,2.468,2.742,3.029,3.299,3.606,3.871,4.222,4.483,4.738,5.040,5.293,
2,52,0.213,0.475,0.728,
2,53,0.172,0.428,0.670,0.932,1.198,1.463,1.720,
2,54,0.225,0.493,0.747,1.014,1.271,1.537,1.819,2.079,2.368,2.658,2.915,3.196,3.450,3.715,3.972,4.242,
2,55,0.274,0.493,0.774,1.024,1.274,1.543,1.814,2.089,2.348,2.641,2.909,3.193,3.456,3.743,3.990,4.259,4.521,4.806,5.056,5.340,
2,56,0.112,0.386,0.643,0.909,1.202,1.467,1.736,2.020,2.280,2.552,2.832,3.103,
2,57,0.252,0.550,0.802,1.102,
2,58,0.080,0.350,0.625,0.898,1.158,1.447,1.707,
2,59,0.274,0.534,0.780,1.051,1.336,1.594,1.863,2.123,2.395,2.659,2.936,3.218,3.500,3.775,4.026,4.305,4.560,4.825,
2,60,0.123,0.398,0.648,0.915,1.187,1.492,1.745,2.022,2.290,2.592,2.839,3.149,3.419,3.679,3.941,4.223,4.481,4.750,
2,61,0.273,0.541,0.812,1.093,1.363,1.650,1.910,
2,62,0.039,0.342,0.617,0.890,1.160,1.444,1.720,1.996,2.278,2.531,2.801,3.069,3.329,
2,63,0.245,0.512,0.751,1.048,1.321,1.585,1.858,2.121,2.396,2.663,2.941,3.213,3.478,3.752,4.013,4.291,4.565,4.835,5.094,5.368,
2,64,0.279,0.543,0.793,1.059,1.326,1.612,1.875,2.146,2.426,2.691,2.971,3.223,3.523,3.779,4.063,4.328,4.600,
2,65,0.241,0.498,0.764,1.001,1.281,1.558,1.855,2.115,2.398,2.648,2.915,3.190,3.470,
2,66,0.031,0.304,0.575,0.862,
2,67,0.244,0.550,
2,68,0.165,0.441,0.696,0.958,1.245,1.529,1.814,2.083,2.355,2.654,2.930,3.202,3.481,3.747,4.042,4.303,4.586,
2,69,0.296,0.566,0.852,1.125,1.430,1.706,2.013,2.287,2.569,2.849,3.147,3.414,3.677,3.929,4.229,4.483,4.741,
2,70,0.348,0.640,0.935,
2,71,0.226,0.497,0.788,1.059,
2,72,0.317,0.577,0.858,1.159,1.419,1.684,1.998,2.261,2.525,2.791,3.055,3.325,3.590,3.848,4.105,4.396,
2,73,0.220,0.479,0.768,1.035,1.316,1.597,1.871,2.150,2.409,2.684,2.957,3.214,3.519,3.779,4.054,4.311,
2,74,0.184,0.461,0.740,1.011,1.276,1.565,1.835,2.084,2.373,2.643,2.908,3.175,
2,75,0.205,0.453,0.734,1.018,1.268,1.565,1.827,2.099,2.364,2.650,2.898,3.160,
2,76,0.161,0.435,
2,77,0.230,0.535,0.808,1.058,1.315,1.616,1.855,2.123,2.404,2.664,2.922,3.192,3.486,3.765,4.022,4.356,4.589,
2,78,0.170,0.455,0.720,0.965,1.245,1.500,1.778,2.047,2.319,2.607,2.872,3.145,3.395,3.645,3.917,
2,79,0.219,0.499,0.781,1.072,1.364,1.694,1.981,2.275,2.543,2.837,3.092,3.395,3.663,3.952,4.175,4.443,
2,80,0.270,0.496,0.787,1.020,
2,81,0.116,0.442,0.692,0.983,1.245,1.543,1.803,2.066,2.334,2.618,2.875,3.150,3.418,3.665,3.933,4.210,4.470,4.725,4.994,5.245,5.557,5.785,6.030,6.298,
2,82,0.069,0.391,0.661,0.896,1.161,1.433,1.698,1.968,2.231,2.518,2.768,3.022,3.306,3.562,3.828,4.092,4.350,4.615,
2,83,0.183,0.413,0.688,0.951,1.245,1.521,1.789,2.072,2.331,2.588,2.875,3.142,3.409,3.682,3.963,4.226,4.495,
2,84,0.208,0.458,0.768,1.011,1.265,1.535,1.815,
2,85,0.215,0.487,0.731,1.018,1.273,1.558,1.827,2.075,2.351,2.626,2.898,3.165,3.424,3.691,3.961,4.219,4.479,4.762,5.016,5.274,5.549,
2,86,0.115,0.375,0.617,
2,87,0.095,0.352,0.625,0.896,
2,88,0.036,0.300,0.553,0.828,1.089,1.370,1.650,1.907,2.185,2.459,2.729,2.986,3.267,
2,89,0.283,0.551,0.808,1.080,1.358,1.650,1.898,2.168,2.433,2.700,2.962,3.233,3.502,3.783,4.060,4.331,4.618,4.849,
2,90,0.114,0.386,0.643,0.904,1.165,1.410,1.691,
2,91,0.169,0.419,
2,92,0.250,0.500,
2,93,0.183,0.436,0.693,0.954,1.209,1.483,1.744,
2,94,0.217,0.479,0.760,1.027,1.334,1.571,1.837,2.097,2.371,2.644,2.904,3.177,3.444,3.726,3.996,4.268,4.538,4.803,5.073,5.345,5.598,5.857,
2,95,0.271,0.522,
2,96,,
2,97,0.216,0.481,0.749,1.017,1.299,1.547,1.807,2.059,2.331,2.586,2.846,3.116,3.384,3.650,3.907,
2,98,0.063,0.330,0.583,0.833,1.093,1.350,1.600,1.893,2.156,2.394,2.644,2.926,3.183,3.446,3.713,3.980,4.240,4.495,
2,99,0.150,0.395,0.660,0.925,1.195,1.470,1.740,2.017,2.267,2.535,2.787,3.050,3.303,3.560,3.825,4.077,4.345,
2,100,0.140,0.397,0.699,0.927,1.214,1.477,1.734,
2,101,0.213,0.484,0.748,1.016,1.280,1.529,1.793,2.056,2.307,2.568,2.843,3.100,3.344,3.598,3.856,4.121,4.401,4.651,4.904,5.152,5.407,5.684,5.941,6.200,6.464,6.702,6.954,7.204,7.462,7.712,
2,102,0.139,0.400,0.663,0.931,1.200,1.468,1.731,
2,103,0.249,0.516,0.783,1.068,
2,104,0.032,0.290,0.542,0.830,1.096,1.364,1.649,1.899,
2,105,0.149,0.399,0.649,0.944,1.189,1.460,1.712,1.983,2.246,2.517,2.784,3.024,3.280,3.552,3.811,4.076,4.339,4.597,4.856,5.109,
2,106,0.078,0.322,0.608,0.868,1.126,1.394,1.644,1.914,2.161,2.447,2.694,2.951,3.203,3.466,3.726,4.012,4.243,4.481,
2,107,0.036,0.297,
2,108,0.092,0.343,0.603,0.872,1.123,1.398,1.648,1.916,2.175,2.431,2.692,2.941,3.196,
2,109,0.036,0.301,0.576,0.840,
2,110,0.113,0.376,0.644,0.895,1.154,1.427,1.687,1.951,2.207,2.459,2.712,2.967,3.246,3.482,3.732,3.979,
2,111,0.196,0.439,0.709,0.959,
2,112,0.181,0.439,0.699,0.969,1.234,1.480,1.731,1.981,2.229,2.487,2.745,3.025,3.275,3.525,3.775,4.033,4.339,4.562,4.842,5.082,5.347,
2,113,0.029,0.276,0.512,0.771,1.046,1.297,1.557,1.820,2.070,2.331,2.602,2.840,3.112,3.372,3.623,3.876,4.147,4.397,4.660,4.912,5.158,
2,114,0.084,0.339,0.612,0.872,1.100,1.337,1.667,1.890,2.123,2.357,2.613,2.853,3.237,3.482,
2,115,0.231,0.431,0.707,0.963,1.210,1.457,1.725,1.980,2.246,2.513,2.772,3.037,3.288,
2,116,0.200,0.450,0.703,0.994,1.236,1.521,1.771,
2,117,0.234,0.487,0.739,0.988,1.242,1.492,1.768,2.037,2.302,2.561,2.810,3.085,3.359,
2,118,0.121,0.370,0.642,0.892,1.142,1.409,1.667,1.939,2.189,2.471,2.716,2.999,3.236,3.489,3.751,3.996,4.246,4.512,
2,119,0.264,0.515,0.765,1.037,1.300,1.566,1.832,2.096,2.365,2.607,2.854,3.103,
2,120,0.181,0.431,0.689,0.956,1.206,1.454,1.711,1.976,2.228,2.489,2.746,3.012,3.283,3.553,3.824,4.112,4.348,4.605,4.864,5.146,5.413,5.679,5.939,6.201,
2,121,0.186,0.448,0.716,0.971,1.225,1.491,1.778,2.037,2.293,2.570,2.845,3.114,3.396,3.658,3.906,
2,122,0.040,0.294,0.556,0.823,1.108,1.367,1.641,1.920,2.192,2.467,2.775,3.034,3.317,3.579,3.854,4.113,4.392,4.674,4.959,5.211,5.483,5.751,6.034,6.298,6.583,
2,123,0.248,0.486,0.748,1.009,1.272,1.517,1.779,2.051,2.313,2.586,2.877,3.119,3.394,3.671,3.931,4.201,4.461,4.743,4.986,5.261,5.525,5.783,6.045,6.308,
2,124,0.217,0.482,0.735,1.021,1.271,1.533,1.788,2.068,2.338,2.601,2.867,3.353,3.599,3.861,4.106,4.351,4.616,4.877,5.139,5.389,5.652,5.919,6.172,6.429,6.694,6.944,7.199,7.449,7.709,7.972,8.274,
2,125,0.089,0.330,0.566,0.863,1.100,1.355,1.605,1.843,2.115,2.355,2.621,2.868,3.123,3.384,3.634,3.877,4.139,4.385,4.642,
2,126,0.184,0.442,
2,127,0.190,0.446,0.691,0.938,1.190,1.431,1.676,1.920,2.162,2.407,2.653,2.903,3.163,3.403,3.643,3.905,4.167,4.437,4.682,4.935,5.183,
2,128,0.080,0.342,0.595,0.842,1.138,1.389,1.642,1.889,2.161,2.404,2.672,2.921,3.186,
2,129,0.203,0.402,0.659,0.911,1.189,1.445,1.709,1.995,2.269,2.539,2.799,3.098,3.346,3.594,3.854,4.121,4.394,4.652,4.914,5.168,5.435,5.701,5.973,6.231,6.483,
2,130,0.107,0.350,0.588,0.828,1.066,
2,131,,
2,132,0.175,0.399,0.646,0.889,1.150,1.413,1.673,1.929,2.198,2.470,2.728,2.996,3.333,
2,133,0.397,0.652,0.922,1.216,1.524,1.774,2.024,2.274,2.528,2.775,3.029,3.287,3.547,3.822,4.082,4.366,4.642,4.934,5.169,5.427,5.662,5.936,6.174,6.492,6.751,7.010,7.249,
2,134,0.145,0.395,0.645,0.857,1.204,1.464,1.690,1.958,2.198,2.438,2.678,2.946,3.173,3.421,3.650,4.109,4.332,4.593,4.910,5.063,
2,135,0.279,0.557,0.774,1.018,1.282,1.518,1.768,
2,136,0.043,0.346,0.596,0.850,1.113,1.361,1.651,1.887,
2,137,0.195,0.401,0.648,0.898,1.148,1.373,1.623,1.870,2.149,2.399,2.625,2.861,3.092,3.359,3.585,3.817,4.063,4.342,4.578,4.824,5.063,5.287,
2,138,0.216,0.444,0.716,0.981,1.221,1.455,1.714,1.981,2.233,2.489,2.744,2.994,3.232,
2,139,0.116,0.350,0.650,0.869,1.122,1.360,1.598,1.854,2.079,2.321,2.557,2.819,3.059,3.302,3.564,3.812,4.052,4.295,4.551,4.803,5.075,5.323,
2,140,0.081,0.345,0.588,0.852,1.107,1.365,1.616,1.876,2.146,2.396,2.656,2.903,3.181,3.429,3.671,3.934,4.196,4.442,4.729,4.976,5.223,5.474,5.744,5.990,6.282,6.542,6.801,7.035,7.290,7.572,7.841,8.104,8.367,8.609,
2,141,0.157,0.396,0.676,0.946,1.204,1.480,1.751,
2,142,0.299,0.520,0.773,1.027,1.293,1.557,1.827,
2,143,0.167,0.427,0.707,0.951,1.247,1.482,1.749,2.010,2.265,2.530,2.783,3.037,3.297,3.569,3.817,4.057,4.315,4.572,4.825,5.060,
2,144,0.162,0.401,0.637,0.892,1.145,1.392,1.653,1.900,
2,145,0.179,0.424,0.717,
2,146,0.103,0.376,0.642,0.894,1.145,1.387,1.642,1.877,2.107,2.352,2.595,2.833,3.150,3.422,3.677,
2,147,,
2,148,0.119,0.390,0.626,0.894,1.144,1.408,1.669,1.922,2.173,2.434,2.696,2.950,3.193,3.438,3.668,3.892,4.164,4.396,
2,149,0.150,0.423,0.669,0.913,1.171,1.434,1.682,1.954,2.199,2.440,2.690,2.942,3.185,3.430,3.702,3.950,4.190,4.460,4.713,
2,150,0.119,0.400,0.626,0.893,1.143,1.398,1.650,1.901,2.148,2.394,2.658,2.901,3.182,3.424,3.673,3.958,4.206,4.476,4.718,4.961,5.228,
2,151,0.037,0.291,0.542,
2,152,0.100,0.333,0.566,0.833,1.083,1.316,1.561,1.823,2.067,2.311,2.584,2.826,3.101,3.349,
2,153,0.151,0.401,
2,154,0.267,0.517,
2,155,0.244,0.527,0.781,1.030,1.280,1.545,1.805,2.063,2.313,2.585,2.822,3.075,3.335,3.598,3.855,4.095,4.355,4.625,4.886,5.148,5.403,
2,156,0.103,0.348,0.603,0.850,1.087,1.333,1.584,1.837,2.097,2.334,2.597,2.835,3.083,3.332,3.590,3.831,4.086,4.335,4.586,4.834,5.086,
2,157,0.168,0.398,0.648,0.905,
2,158,0.205,0.459,
3,1,0.077,0.373,0.610,
3,2,0.070,0.340,0.590,0.850,1.093,1.372,1.641,1.891,2.148,2.391,2.656,2.953,3.209,3.451,3.707,3.954,4.212,4.442,
3,3,0.224,0.484,0.765,1.015,1.282,1.535,1.783,2.051,2.300,2.560,2.803,3.074,3.332,3.573,3.851,4.086,4.343,
3,4,0.058,0.296,0.537,0.821,1.061,1.314,1.605,1.852,
3,5,0.271,0.521,0.772,1.022,1.275,1.525,1.779,2.038,2.292,2.559,2.827,3.067,3.315,3.640,3.829,4.092,4.342,4.590,4.850,5.105,5.357,5.625,
3,6,0.116,0.397,0.625,0.863,1.151,1.404,1.658,1.918,2.197,2.462,2.765,3.015,3.290,3.557,3.815,4.076,4.337,4.592,4.869,5.115,
3,7,0.216,0.465,0.736,0.977,1.222,1.473,1.726,1.990,2.266,2.516,2.783,3.041,3.298,3.557,3.816,4.088,4.345,4.617,4.862,5.123,
3,8,0.098,0.348,0.611,0.877,1.144,1.401,1.664,1.919,2.158,2.412,2.669,2.922,3.186,
3,9,0.193,0.430,0.687,0.945,1.211,1.470,1.735,1.990,2.259,2.509,2.750,3.029,3.274,3.553,
3,10,0.051,0.309,0.544,0.792,1.042,1.285,1.529,1.779,
3,11,0.161,0.394,0.656,0.900,1.156,1.404,1.662,1.904,
3,12,0.249,0.522,0.773,1.026,1.285,1.542,1.790,2.040,2.305,2.550,2.796,3.085,3.333,3.579,3.849,4.083,4.321,4.556,4.815,5.094,5.349,5.601,5.846,6.142,6.376,6.642,6.892,7.127,7.412,7.668,7.930,8.180,8.430,8.719,8.960,9.260,9.484,9.749,10.010,10.268,10.543,
3,13,0.120,0.371,0.609,0.867,1.120,1.370,1.616,1.877,2.150,2.400,2.650,2.883,3.150,
3,14,0.123,0.376,0.649,0.866,1.109,1.399,1.623,1.860,2.120,2.370,2.621,2.860,3.103,3.367,3.600,3.835,4.123,4.344,4.573,4.790,
3,15,0.102,0.356,0.582,0.846,1.095,1.349,1.594,1.839,2.081,2.332,2.572,2.803,3.036,3.293,3.546,3.786,4.034,4.276,4.516,4.769,
3,16,0.204,0.445,0.670,0.915,1.147,1.393,1.615,1.848,2.084,2.309,2.545,2.794,3.044,3.293,3.531,3.761,4.011,
3,17,0.179,0.432,
3,18,0.035,0.271,0.518,0.768,1.000,1.268,1.519,1.769,2.022,2.269,2.498,2.748,3.019,3.242,3.466,3.724,3.954,4.172,4.440,4.688,4.924,
3,19,0.228,0.468,0.733,0.999,
3,20,0.237,0.475,
3,21,0.269,0.519,0.769,1.019,1.269,1.519,1.769,1.993,2.237,2.484,2.726,2.971,3.215,
3,22,0.243,0.494,0.741,0.995,1.270,1.520,1.770,2.020,2.249,2.494,2.749,2.978,3.225,
3,23,0.124,0.395,0.645,0.895,1.145,1.395,1.660,1.910,2.158,2.403,2.650,2.900,3.125,3.354,3.619,3.876,4.147,4.397,4.650,4.922,5.147,5.415,
3,24,0.169,0.406,0.678,0.924,1.203,1.434,1.703,1.954,2.193,2.439,2.662,2.903,
3,25,0.112,0.358,0.609,0.853,1.113,1.365,1.609,1.867,2.096,2.332,2.589,2.822,3.076,3.336,
3,26,0.189,0.439,0.674,0.927,1.164,
3,27,0.082,0.316,0.564,0.796,1.027,1.280,1.530,1.777,2.034,2.284,2.524,2.760,3.001,3.240,
3,28,0.108,0.387,
3,29,0.247,0.485,0.739,0.978,1.233,1.472,1.710,1.966,2.212,2.473,2.722,2.952,3.190,3.433,3.666,3.931,4.181,4.407,
3,30,0.222,0.455,0.686,0.970,1.190,1.439,1.689,1.947,2.189,2.415,2.663,2.905,3.168,
3,31,0.247,0.502,0.741,0.998,1.261,1.515,1.778,2.011,2.262,2.512,2.744,2.978,3.262,3.486,3.726,3.985,4.222,4.463,4.700,4.963,5.200,
3,32,0.026,0.224,0.464,0.692,0.949,1.207,1.448,1.711,1.953,2.194,2.472,2.747,2.988,3.261,3.511,3.771,4.011,4.248,4.486,
3,33,0.157,0.412,0.655,0.918,1.161,1.410,1.668,1.916,2.173,2.416,2.656,2.912,3.159,3.405,3.659,3.899,4.146,4.405,
3,34,0.138,0.372,0.612,0.864,1.115,1.367,1.642,1.873,2.171,2.416,2.655,2.873,3.149,3.389,3.621,3.867,4.101,4.361,4.612,4.863,5.092,5.332,5.570,5.810,6.046,
3,35,0.171,0.397,0.616,0.851,1.110,1.351,1.592,1.862,2.091,2.339,2.577,2.821,3.057,3.300,3.535,3.773,4.018,4.265,4.521,4.769,4.993,5.227,5.484,5.711,5.949,
3,36,0.149,0.375,0.620,
3,37,0.239,0.460,0.693,0.941,
3,38,0.088,0.324,0.546,0.794,1.017,1.267,1.480,1.720,1.967,2.212,2.436,2.666,2.899,3.140,3.392,3.627,3.864,4.119,4.356,4.578,4.813,5.019,
3,39,0.178,0.399,0.649,0.872,1.082,1.298,1.519,1.740,1.939,2.150,2.338,2.575,
3,40,0.239,0.483,0.736,0.970,1.222,1.472,1.708,
3,41,0.190,0.433,0.668,0.899,1.134,1.356,1.589,1.824,2.057,2.292,2.530,2.768,2.970,3.209,
3,42,0.096,0.340,0.581,0.829,1.062,1.304,1.544,1.796,
3,43,0.250,0.485,0.740,0.993,1.245,1.514,1.764,2.018,2.264,2.488,2.707,2.943,3.195,3.442,3.648,3.868,4.114,4.346,
3,44,0.182,0.422,0.650,0.896,1.143,1.401,1.645,1.886,2.136,2.390,2.637,2.874,3.118,3.356,3.601,3.839,4.077,4.330,4.555,4.820,5.053,
3,45,0.142,0.399,0.647,
3,46,0.120,0.357,0.611,
3,47,0.189,0.422,0.656,0.901,1.146,1.384,1.625,1.861,2.109,2.357,2.592,2.839,3.084,3.317,3.560,3.815,4.068,4.305,4.544,
3,48,0.068,0.319,0.554,0.795,1.029,1.275,1.490,1.733,1.980,2.228,2.488,2.748,
3,49,0.170,0.438,0.660,0.897,1.143,1.400,1.647,1.894,2.121,2.353,2.577,2.797,3.011,3.273,3.511,3.745,4.001,4.223,4.448,4.667,4.928,5.165,
3,50,0.062,0.294,0.520,0.733,0.959,1.192,1.413,1.651,
3,51,0.220,0.460,0.690,0.909,1.126,1.354,1.582,1.810,2.027,2.224,2.451,2.684,2.929,3.197,3.424,3.672,3.907,4.160,4.398,4.648,4.898,5.148,5.375,
3,52,0.121,0.367,0.621,0.874,1.105,
