0,1,,
0,1,0.063,0.267,0.449,0.616,0.784,0.943,1.151,1.320,1.489,1.657,1.824,1.993,2.169,2.328,2.497,2.656,2.824,2.991,3.168,3.344,3.527,3.697,3.863,4.034,4.209,4.376,4.546,4.721,4.888,5.058,5.223,5.391,5.559,5.729,5.896,6.081,6.233,6.399,6.567,6.743,6.912,7.073,7.249,7.425,7.592,7.769,7.937,8.112,8.288,8.457,8.641,8.809,8.984,9.160,9.344,9.521,9.689,9.857,10.038,10.200,10.376,10.545,
0,1,0.384,0.597,0.767,0.943,1.119,1.294,1.469,1.638,1.822,1.998,2.175,2.342,2.518,2.670,2.846,3.019,3.199,3.385,3.551,3.709,3.887,4.031,4.199,4.357,4.519,4.678,4.831,4.989,5.151,5.303,5.487,5.655,5.830,6.019,6.182,6.359,6.520,6.709,6.870,7.029,7.231,7.399,7.573,7.751,7.967,8.137,8.310,8.487,8.687,8.869,9.046,9.238,9.390,9.559,9.887,
0,1,0.351,0.558,0.749,0.918,1.102,1.310,1.486,1.688,1.847,2.035,2.222,2.398,2.566,2.751,2.918,3.094,3.303,3.519,3.719,3.934,4.126,4.343,4.565,4.771,4.974,5.182,5.375,5.573,5.770,5.958,6.160,6.374,6.566,6.774,
1,1,0.151,0.323,0.491,0.659,0.835,1.018,1.179,1.347,1.499,1.675,1.836,1.996,2.148,2.316,2.477,2.651,2.820,3.018,3.179,3.388,3.596,3.781,3.979,4.140,4.316,4.475,4.660,4.853,5.059,5.269,5.451,5.603,5.795,5.965,6.123,6.299,6.475,6.644,6.850,7.019,7.477,7.644,7.812,7.981,8.136,8.323,8.484,8.660,8.843,9.019,9.221,9.419,9.620,9.797,10.020,10.181,
1,2,0.319,0.522,0.662,0.823,0.975,1.141,1.302,1.454,1.606,1.772,1.911,2.063,2.214,2.357,2.525,2.679,2.829,2.997,3.126,3.286,3.439,3.565,3.709,3.853,4.024,4.173,4.318,4.453,4.597,4.750,4.902,5.038,5.197,5.343,5.493,5.658,5.823,5.981,6.125,6.286,6.429,6.575,6.709,6.869,7.029,7.206,7.359,7.526,7.658,7.805,7.959,8.117,8.276,8.405,8.557,8.734,8.894,9.046,9.197,9.357,9.526,9.686,9.853,10.025,10.165,
1,3,0.238,0.407,0.568,0.719,0.893,1.030,1.191,1.334,1.488,1.648,1.791,1.943,2.112,2.277,2.439,2.623,2.800,2.975,3.215,3.311,3.454,3.598,3.742,3.894,4.022,4.158,4.302,
1,4,0.325,0.486,0.640,0.791,0.950,1.117,1.273,1.414,1.566,1.718,1.877,2.046,2.205,2.374,2.542,2.687,2.837,2.999,3.159,3.326,3.469,3.642,3.790,3.949,4.079,4.230,4.392,4.583,4.735,4.893,5.045,5.197,5.351,5.494,5.654,5.830,5.999,6.157,6.317,6.485,6.662,6.846,7.025,7.182,7.374,7.533,7.702,7.854,8.025,8.157,8.293,8.454,8.605,8.776,8.925,9.069,9.239,9.393,9.693,9.877,10.055,10.223,10.393,10.534,10.693,10.847,10.998,11.189,11.375,11.550,11.725,11.893,12.061,12.237,
1,5,0.344,0.558,0.719,0.889,1.047,1.214,1.399,1.582,1.773,1.936,2.119,2.287,2.455,2.623,2.792,2.951,3.118,3.288,3.486,3.654,3.847,4.024,4.176,4.325,4.496,4.696,4.872,5.038,5.216,5.375,5.558,5.750,5.920,6.110,6.295,6.486,6.662,6.846,7.047,7.216,7.391,7.551,7.728,7.902,8.094,8.274,
1,6,0.149,0.347,0.522,0.697,0.873,1.050,1.241,1.417,1.595,1.766,1.929,2.097,2.289,2.481,2.682,2.850,3.033,3.194,3.363,3.490,3.667,3.850,4.050,4.210,4.400,4.529,4.691,4.850,5.017,5.163,5.315,5.482,5.658,5.801,5.961,6.122,6.273,6.442,6.618,6.785,6.947,7.097,7.249,7.403,7.715,7.905,8.066,8.233,8.410,8.563,8.722,8.885,9.066,9.243,9.385,9.546,9.747,9.921,10.098,10.269,
1,7,0.323,0.515,0.669,0.835,0.986,1.150,1.299,1.459,1.649,1.868,2.076,2.228,2.400,2.556,2.708,2.843,3.019,3.188,3.355,3.531,3.716,3.875,4.059,4.220,4.399,4.563,4.748,4.938,5.100,5.275,5.451,5.651,5.803,5.994,6.172,6.339,6.518,6.666,6.837,6.996,7.187,7.385,7.538,7.699,7.867,8.027,8.179,8.323,8.467,8.619,8.771,8.907,9.058,9.212,9.385,9.519,9.659,9.795,9.931,10.050,10.229,10.401,10.539,10.732,10.931,11.116,11.276,11.443,11.621,11.811,11.988,12.157,12.332,12.520,12.677,12.861,13.036,13.235,13.419,13.588,13.771,13.932,14.115,14.270,14.444,14.618,14.781,15.187,15.403,15.596,15.779,15.972,16.155,16.355,
1,8,0.358,0.622,0.790,0.949,1.127,1.309,1.487,1.694,1.853,2.022,2.181,2.341,2.516,2.661,2.822,2.982,3.149,3.334,3.515,3.695,3.854,4.022,4.207,4.375,4.551,4.711,4.899,5.053,5.231,5.421,5.597,5.789,5.975,6.149,6.326,6.494,6.654,6.815,6.974,7.181,7.373,7.541,7.718,7.900,8.037,8.198,8.367,8.535,8.726,8.909,9.087,9.269,9.447,9.651,9.817,9.967,10.126,10.309,10.485,10.653,10.831,11.046,11.214,11.401,11.557,11.743,11.901,12.061,12.197,12.341,12.494,12.655,
1,9,0.322,0.512,0.664,0.825,1.002,1.146,1.306,1.473,1.625,1.778,1.920,2.074,2.234,2.401,2.560,2.720,2.873,3.048,3.200,3.397,3.568,3.737,3.913,4.080,4.249,4.409,4.568,4.737,4.905,5.072,5.234,5.401,5.577,5.746,5.898,6.058,6.240,6.434,6.585,6.764,6.969,7.148,7.408,7.578,7.737,7.904,8.082,8.242,8.400,8.570,8.714,8.865,9.034,9.202,9.398,9.625,9.801,9.969,10.336,10.515,10.674,10.841,10.994,11.168,11.336,11.489,11.664,11.872,12.041,12.218,12.400,12.570,12.728,12.912,13.089,13.273,13.451,13.624,13.801,13.969,14.150,14.306,14.474,14.650,14.792,14.968,15.151,15.305,15.482,15.666,15.848,16.017,16.177,16.346,
1,10,0.412,0.564,0.734,0.893,1.060,1.270,1.429,1.611,1.812,1.972,2.149,2.300,2.491,2.668,2.828,3.020,3.172,3.348,3.532,3.708,3.891,4.077,4.272,4.461,4.620,4.790,4.973,
1,11,,
1,12,0.312,0.464,0.647,0.785,0.937,1.090,1.240,1.397,1.544,1.705,1.897,2.047,2.225,2.397,2.545,2.695,2.856,3.024,3.177,3.337,3.472,3.647,3.793,3.953,4.113,4.289,4.447,4.608,4.816,4.992,5.168,5.343,5.515,5.657,5.832,5.993,6.153,6.304,6.464,6.649,6.808,6.960,7.121,7.289,7.456,7.624,7.801,7.937,8.098,8.273,8.447,8.649,8.817,9.015,9.177,9.344,9.520,9.688,9.873,10.024,10.192,10.353,10.517,10.672,10.832,10.985,11.150,11.321,11.482,11.651,11.745,11.912,12.073,12.241,
1,13,0.346,0.499,0.651,0.803,0.962,1.115,1.273,1.442,1.587,1.773,1.915,2.083,2.219,2.395,2.547,2.714,2.860,3.052,3.212,3.390,3.547,3.708,3.858,4.060,4.203,4.372,4.524,4.692,4.860,5.024,5.186,5.332,5.500,5.682,5.858,6.066,6.227,
1,14,0.293,0.468,0.646,0.789,0.941,1.116,1.276,1.446,1.606,1.763,1.924,2.094,2.263,2.396,2.565,2.717,2.897,3.030,3.206,3.397,3.524,3.678,3.836,4.012,4.157,4.316,4.486,4.654,4.813,4.980,5.148,5.317,5.494,5.670,5.853,6.021,6.188,6.398,6.582,6.764,6.910,7.060,7.237,7.422,7.581,7.742,7.908,8.085,8.268,8.438,8.613,8.780,8.948,9.124,9.302,9.486,9.649,9.804,9.964,10.125,10.293,
1,15,0.072,0.278,0.487,0.655,0.824,0.984,1.160,1.336,1.494,1.670,1.839,2.022,2.166,2.326,2.495,
1,16,0.283,0.469,0.642,0.787,0.965,1.142,1.291,1.459,1.641,1.803,1.987,2.173,2.391,2.548,2.708,2.867,3.043,3.228,3.420,3.613,3.775,3.931,4.123,4.291,4.460,4.643,4.789,4.956,5.149,5.323,5.526,5.691,5.868,6.043,6.237,6.443,6.643,6.821,7.021,7.187,7.347,7.509,7.660,7.844,8.027,8.211,8.377,8.564,8.725,8.940,9.144,9.316,9.511,9.700,9.895,10.037,10.197,10.395,10.557,10.716,10.917,11.108,11.277,11.445,11.595,11.771,11.964,12.155,
1,17,0.400,0.553,0.729,0.904,
1,18,0.333,0.500,0.675,0.853,1.019,1.179,1.323,1.691,1.835,2.012,2.164,2.323,2.491,
1,19,0.343,0.521,0.688,0.846,1.021,1.159,1.318,1.479,1.648,1.814,1.983,2.151,2.320,2.522,2.679,2.847,3.023,3.182,3.359,3.522,3.688,3.839,4.022,4.176,4.351,4.534,4.679,4.848,5.023,5.200,5.375,5.536,5.720,5.888,6.047,6.208,6.358,6.523,6.703,6.890,7.071,7.274,7.440,7.624,7.808,7.975,8.159,8.343,8.524,8.704,8.890,9.088,9.294,9.523,9.703,9.890,10.088,10.286,10.487,10.681,10.890,11.080,11.286,11.489,11.678,11.891,12.079,12.279,12.471,12.672,12.871,13.072,13.271,13.471,13.654,13.856,14.047,14.240,14.432,14.641,14.823,15.026,15.207,15.392,15.576,15.767,15.960,16.150,
1,20,0.275,0.528,0.703,0.871,1.031,1.207,1.400,1.575,1.775,1.934,2.102,2.280,2.464,2.663,2.839,3.026,3.223,3.393,3.568,3.759,3.960,4.167,4.334,4.560,4.735,4.928,5.110,5.367,5.495,5.695,5.904,6.086,6.278,6.487,6.672,6.839,7.023,7.216,7.374,7.574,7.776,7.958,8.158,
1,21,0.327,0.517,0.701,0.862,1.038,1.231,1.400,1.566,1.751,1.935,2.125,2.302,2.469,2.677,2.847,3.038,3.222,3.423,3.606,3.774,3.966,4.157,4.366,4.535,4.719,4.887,5.078,5.238,5.422,5.613,5.821,5.990,6.151,6.358,6.549,6.727,6.901,7.069,7.269,7.447,7.623,7.773,7.951,8.151,8.310,
1,22,0.359,0.535,0.705,0.864,1.031,1.192,1.359,1.527,1.694,1.856,2.031,2.191,2.343,2.511,2.679,2.894,3.054,3.216,3.394,3.583,3.743,3.928,4.095,4.278,4.486,4.678,4.839,4.999,5.175,5.376,5.518,5.695,5.870,6.080,6.262,6.446,6.608,6.790,6.983,7.175,7.375,7.520,7.687,7.870,8.048,8.216,8.396,8.535,8.687,8.847,9.031,9.215,9.396,9.558,9.743,9.910,10.087,10.272,10.432,10.608,10.776,10.958,11.147,11.313,11.513,11.695,11.897,12.055,12.207,12.367,12.543,12.720,12.904,13.071,13.264,13.416,13.583,13.736,13.919,14.103,14.288,14.456,14.648,14.816,14.992,15.151,15.327,15.514,15.681,15.863,16.041,16.224,
1,23,,
1,24,0.104,0.297,0.464,0.639,0.808,0.976,1.144,1.320,1.496,1.681,1.889,2.055,2.217,2.375,2.567,2.774,2.952,3.143,3.319,3.528,3.729,3.928,4.168,4.335,4.527,4.719,4.890,5.071,5.249,5.431,5.591,5.785,5.967,6.144,6.321,6.525,6.713,6.896,7.065,7.276,7.455,7.647,7.855,8.041,8.232,8.431,8.625,8.807,8.977,9.141,9.305,9.480,9.656,9.840,10.015,10.199,
1,25,0.358,0.559,0.725,0.893,1.078,1.275,1.414,1.589,1.775,1.959,2.125,2.293,2.463,2.641,2.821,2.988,3.156,3.333,3.525,3.708,3.876,4.069,4.222,4.406,4.597,4.765,4.966,5.150,5.359,5.534,5.710,5.894,6.094,6.246,6.429,6.614,6.838,6.997,7.182,7.373,7.582,7.799,7.981,8.174,8.325,
1,26,0.303,0.495,0.678,0.847,1.018,1.184,1.351,1.534,1.704,1.901,2.078,2.247,2.454,2.651,2.847,3.039,3.223,3.422,3.615,3.800,3.998,4.190,4.385,4.575,4.775,4.998,5.191,5.407,5.599,5.808,6.020,6.192,6.385,6.584,6.790,6.984,7.184,7.386,7.590,7.775,7.976,8.167,8.359,8.543,8.744,8.943,9.152,9.342,9.550,9.742,9.926,10.102,10.278,10.448,10.614,10.771,10.935,11.087,11.271,11.432,11.623,11.823,12.021,12.216,12.400,12.591,12.792,12.998,13.206,13.415,13.608,13.800,13.990,14.174,
1,27,0.415,0.599,0.775,0.959,1.126,1.294,1.478,1.655,1.854,2.054,2.230,2.432,
1,28,0.285,0.485,0.648,0.820,0.974,1.148,1.333,1.501,1.710,1.869,2.046,2.230,2.429,2.789,2.965,3.149,3.342,3.516,3.677,3.852,4.045,4.213,4.400,4.557,4.733,4.917,5.278,5.462,5.621,5.797,5.966,6.124,6.310,6.476,6.669,6.854,7.045,7.197,7.400,7.564,7.750,7.933,8.084,8.293,8.437,8.581,8.766,8.940,9.101,9.268,9.428,9.589,9.773,9.917,10.085,10.269,
1,29,0.373,0.514,0.670,0.847,1.014,1.182,1.349,1.519,1.725,1.898,2.085,2.237,2.406,2.573,2.734,2.899,3.029,3.191,3.348,3.494,3.663,3.853,4.037,4.237,4.423,4.598,4.791,4.983,5.150,5.317,5.463,5.661,5.838,6.037,6.221,6.400,6.581,6.790,7.022,7.213,7.400,7.535,7.694,7.900,8.087,8.287,8.486,8.670,8.863,9.045,9.238,9.430,9.614,9.807,9.990,10.182,10.367,10.551,10.751,10.926,11.109,11.269,11.462,11.655,11.831,12.022,12.214,12.390,12.598,12.769,12.918,13.093,13.294,13.494,13.711,13.933,14.150,14.351,
1,30,0.358,0.532,0.716,0.900,1.060,1.266,1.468,1.650,1.804,1.980,2.157,2.340,2.532,2.708,2.900,3.093,3.266,3.461,3.634,3.801,3.957,4.141,4.318,4.484,4.694,4.892,5.126,5.332,5.519,5.710,5.893,6.101,6.293,6.460,6.612,6.802,6.972,7.180,7.373,7.566,7.734,7.932,8.149,8.374,8.541,8.725,8.933,9.141,9.342,9.532,9.725,9.909,10.135,10.333,
1,31,0.365,0.571,0.732,0.900,1.093,1.291,1.477,1.660,1.853,2.044,2.212,2.452,2.645,2.836,3.020,3.203,3.389,3.612,3.779,3.980,4.164,4.348,4.519,4.724,5.085,5.300,5.518,5.724,5.932,6.136,6.292,6.477,6.635,6.804,6.980,
1,32,0.433,0.617,0.783,0.976,1.167,1.377,1.647,1.824,2.001,2.159,2.327,2.524,2.704,2.889,3.055,3.233,3.416,3.575,3.774,3.935,4.140,4.321,4.524,4.727,4.936,5.127,5.320,5.543,5.679,5.856,6.074,6.274,6.487,6.736,6.935,7.175,7.392,7.576,7.799,7.975,8.193,8.391,8.591,8.791,8.975,9.159,9.345,9.526,9.713,9.904,10.087,10.287,10.487,10.711,10.892,11.103,11.311,11.511,11.697,11.893,12.076,12.232,12.416,12.591,12.768,12.944,13.127,13.312,13.510,13.696,13.896,14.088,14.280,14.464,14.648,14.840,14.999,15.193,15.394,15.599,15.831,16.056,16.261,
1,33,0.328,0.536,0.698,0.872,1.065,1.250,1.449,1.616,1.810,2.016,2.368,2.552,2.730,2.929,3.150,3.352,3.562,3.728,3.928,4.151,4.337,4.522,4.712,4.902,5.098,5.281,5.465,5.658,5.858,6.074,6.240,
1,34,0.358,0.526,0.719,0.909,1.070,1.246,1.439,1.622,1.797,1.991,2.181,2.394,2.581,2.777,2.975,3.177,3.358,3.542,3.734,3.942,4.176,4.366,4.557,
1,35,0.439,0.638,0.807,0.982,1.142,1.327,1.519,1.678,1.871,2.071,2.288,2.455,2.664,2.856,3.047,3.222,3.421,3.584,3.771,3.942,4.118,4.326,4.494,4.678,4.854,5.022,5.239,5.374,5.542,5.750,5.942,6.137,6.335,6.521,6.710,6.902,7.079,7.270,7.454,7.646,7.855,8.054,8.247,8.407,8.568,
1,36,0.316,0.501,0.677,0.845,1.020,1.219,1.420,1.613,1.835,2.069,2.285,2.500,2.709,2.908,3.125,3.332,3.532,3.732,3.957,4.173,4.372,
1,37,0.319,0.521,0.704,0.913,1.104,1.304,1.515,1.713,1.903,2.086,2.280,2.486,2.696,2.899,3.089,3.303,3.496,3.703,3.903,4.120,4.335,4.535,4.750,4.951,5.168,5.376,5.591,5.807,5.999,6.207,6.440,6.650,6.849,7.068,7.279,7.496,7.679,7.900,8.097,8.302,8.517,8.719,8.929,9.111,9.336,9.559,9.766,9.975,10.183,10.401,10.599,10.816,10.999,11.200,11.407,11.624,11.832,12.068,12.287,12.519,12.719,12.935,13.151,13.375,13.593,13.791,14.019,14.222,14.465,14.655,14.871,15.072,15.280,15.495,15.703,15.903,16.112,16.312,
1,38,0.301,0.525,0.709,0.909,1.118,1.309,1.525,1.742,1.949,2.158,2.349,2.558,2.774,2.980,3.198,3.406,3.613,3.813,4.024,4.213,4.413,4.622,4.844,5.062,5.277,5.493,5.700,5.901,6.109,6.342,6.590,6.814,7.025,7.237,7.445,7.670,7.892,8.085,8.286,8.494,8.702,8.933,9.143,9.342,9.559,9.776,9.965,10.159,10.373,10.560,10.776,10.958,11.165,11.393,11.590,11.805,12.026,12.213,
1,39,0.341,0.565,0.741,0.933,1.145,1.343,1.549,1.741,1.941,2.146,2.332,2.550,2.749,2.965,3.181,3.397,3.583,3.781,3.983,4.173,4.372,
1,40,,
1,41,0.038,0.241,0.417,0.609,0.785,0.943,1.138,1.360,1.495,1.679,1.855,2.021,2.185,2.400,2.560,2.792,2.951,3.152,3.354,3.551,3.771,3.969,4.144,4.320,4.552,4.737,4.952,5.151,5.327,5.523,5.681,5.857,6.064,6.248,6.441,6.641,6.825,7.000,7.201,7.407,7.601,7.809,8.000,8.200,
1,42,0.432,0.615,0.799,0.992,1.184,1.375,1.567,1.752,1.934,2.118,2.311,2.524,2.702,2.894,3.080,3.239,3.439,3.642,3.814,4.024,4.232,4.432,4.641,4.823,5.024,5.391,5.590,5.791,6.025,6.206,
1,43,0.267,0.479,0.663,0.839,1.023,1.214,1.390,1.582,1.798,1.950,2.152,2.310,2.487,2.672,2.871,3.063,3.230,3.430,3.614,3.807,4.019,4.214,4.390,4.583,4.800,4.992,5.200,5.400,5.600,5.784,5.982,6.160,6.359,6.534,
1,44,0.053,0.485,0.717,0.900,1.077,1.286,1.517,1.687,1.854,2.039,2.230,2.429,2.621,2.789,2.991,3.166,3.358,3.741,3.949,4.159,4.551,4.749,4.950,5.159,5.366,5.559,5.768,5.973,6.175,6.373,6.567,6.770,6.957,7.173,7.375,7.589,7.781,7.990,8.181,8.385,8.589,8.781,8.997,9.221,9.421,9.615,9.807,10.020,10.221,10.446,10.647,10.846,11.054,11.269,11.478,11.669,11.870,12.071,12.271,12.469,12.693,12.870,13.078,13.277,13.521,13.718,13.909,14.125,
1,45,0.271,0.487,0.670,0.853,1.054,1.231,1.623,1.847,2.038,2.213,2.397,2.606,2.767,2.949,3.145,3.301,3.469,3.685,3.869,4.071,4.263,4.437,4.653,4.847,5.031,5.222,5.406,5.607,5.798,5.982,6.197,6.406,6.591,6.783,6.983,7.191,7.396,7.582,7.782,7.982,8.181,8.374,
1,46,0.229,0.478,0.678,0.901,1.068,1.277,1.453,1.645,1.828,2.093,2.302,2.521,2.734,
1,47,0.395,0.588,0.779,0.973,1.189,1.389,1.604,1.804,2.021,2.245,2.653,2.861,3.059,3.276,3.476,3.683,3.867,4.060,4.270,4.485,4.684,4.924,5.115,5.324,5.556,5.740,5.965,6.181,6.397,6.613,6.837,7.045,7.229,7.459,7.651,7.845,8.061,8.270,
1,48,0.355,0.548,0.739,0.932,1.151,1.347,1.539,1.748,1.948,2.165,2.341,2.539,2.779,2.973,3.165,3.483,3.732,3.964,4.164,4.347,4.571,4.773,4.957,5.453,5.644,5.861,6.060,6.301,6.556,6.788,7.018,7.220,7.421,7.621,7.789,7.947,8.147,8.333,8.555,8.716,8.915,9.213,9.404,9.595,9.796,9.997,10.229,10.435,10.636,10.851,11.044,11.276,11.436,11.636,11.829,12.020,12.181,
1,49,0.205,0.436,0.637,0.836,1.044,1.310,1.532,1.734,1.942,2.158,2.387,2.588,2.828,3.022,3.212,3.468,3.700,3.916,4.124,4.356,4.580,4.823,4.997,5.188,5.397,5.614,5.797,6.023,6.204,6.430,6.639,6.844,7.062,7.273,7.468,7.685,7.908,8.084,8.244,8.436,8.652,8.877,9.069,9.309,9.524,9.724,9.956,10.157,10.358,
1,50,0.031,0.266,0.468,0.701,0.917,1.109,1.324,1.525,1.740,1.956,2.150,2.341,2.524,2.733,2.926,3.150,3.333,3.550,3.748,3.926,4.125,4.309,4.500,4.702,4.900,5.086,5.283,5.486,5.710,5.925,6.126,6.341,
1,51,0.032,0.276,0.448,0.644,0.872,1.063,1.279,1.510,1.695,1.920,2.167,2.408,
1,52,0.046,0.245,0.445,0.651,0.822,0.997,1.174,1.334,1.518,1.684,1.845,2.020,2.197,2.402,2.582,2.768,2.957,3.152,3.325,3.518,3.725,3.925,4.136,4.302,4.494,4.653,4.837,5.030,5.221,5.405,5.581,5.774,5.949,6.141,6.318,6.519,6.668,6.853,7.020,7.188,7.356,7.540,7.724,7.908,8.108,8.276,8.468,8.654,8.822,8.990,9.172,9.397,9.637,9.820,10.022,10.190,10.444,10.670,10.894,11.104,11.285,11.485,11.708,11.948,12.180,12.413,12.638,12.830,13.044,13.286,13.485,13.702,13.902,14.109,14.413,
1,53,0.039,0.248,0.448,0.646,
1,54,0.187,0.395,0.603,0.819,1.011,1.195,1.410,1.604,1.851,2.123,2.322,2.546,2.739,2.964,3.164,3.370,3.563,3.746,3.938,4.146,4.346,4.562,4.787,5.027,5.291,5.539,5.763,5.979,6.194,6.403,6.647,6.842,7.083,7.316,7.548,7.803,8.044,8.263,8.491,8.732,8.954,9.196,9.399,9.603,9.802,10.019,10.226,10.450,10.675,10.907,11.122,11.354,11.602,11.842,12.042,12.234,12.427,12.659,12.867,13.092,13.323,13.547,13.765,13.979,14.196,14.400,
1,55,0.163,0.401,0.571,0.771,0.970,1.187,1.396,1.603,1.819,2.018,2.218,2.435,2.666,2.867,3.066,3.252,3.467,3.674,3.885,4.115,4.314,4.531,4.768,4.971,5.162,5.338,5.547,5.768,5.963,6.330,6.518,6.666,6.850,7.035,7.241,7.468,7.708,7.890,8.106,8.330,8.520,8.699,8.922,9.136,9.338,9.578,9.786,10.020,10.275,10.498,10.722,10.938,11.170,11.418,11.627,11.850,12.090,12.290,12.499,12.700,12.900,13.114,13.331,13.545,13.771,13.978,14.202,
1,56,0.310,0.567,0.742,0.942,1.152,1.335,1.558,1.782,2.031,2.269,2.461,2.663,2.863,3.229,3.455,3.661,3.902,4.094,4.294,
1,57,0.309,0.525,0.726,0.908,1.084,1.309,1.500,1.718,1.916,2.142,2.325,2.597,2.692,2.917,3.150,3.325,3.523,3.732,3.940,4.148,4.357,
1,58,0.101,0.286,0.492,0.709,0.917,1.124,1.341,1.533,1.732,1.940,2.149,2.326,
1,59,0.039,0.399,0.549,0.725,0.926,1.140,1.317,1.523,1.718,1.895,2.103,2.309,2.523,2.756,2.893,3.077,3.273,3.469,3.678,3.890,4.078,4.278,4.479,4.655,4.890,5.094,5.287,5.525,5.758,5.935,6.141,
1,60,0.150,0.350,0.567,0.768,0.959,1.168,1.374,1.600,1.790,2.016,2.223,2.446,2.680,2.823,3.038,3.247,3.438,3.650,3.870,4.078,4.287,4.518,4.727,5.094,5.336,5.536,5.752,5.966,6.119,
1,61,0.146,0.353,0.600,0.809,1.033,1.263,1.465,1.665,1.873,2.034,2.266,
1,62,0.330,0.513,0.693,0.897,1.085,1.263,1.438,1.621,1.766,1.990,2.157,2.358,2.541,2.719,2.942,3.159,3.365,3.559,3.750,3.957,4.157,4.358,
1,63,0.192,0.375,0.566,0.727,0.894,1.096,1.274,1.439,1.641,1.832,2.102,2.275,2.495,2.718,2.927,3.142,3.375,3.575,3.782,3.990,4.160,4.376,4.584,4.782,4.992,5.215,5.439,5.643,5.838,6.046,6.276,6.488,6.687,6.903,7.078,7.303,7.527,7.760,7.958,8.152,8.366,8.542,8.776,8.974,9.190,9.394,9.606,9.783,9.990,10.183,10.399,10.614,10.815,11.030,11.224,11.464,11.663,11.854,12.078,12.304,12.511,12.694,12.894,13.080,13.287,13.478,13.694,13.903,14.126,
1,64,0.300,0.501,0.676,0.868,1.060,1.300,1.452,1.660,1.853,2.044,2.228,2.420,2.604,2.798,3.021,3.220,3.400,3.588,3.829,4.017,4.221,4.396,4.621,4.820,5.020,5.243,5.469,5.692,5.844,6.044,6.268,
1,65,0.288,0.470,0.663,0.838,1.038,1.232,1.448,1.650,1.830,2.016,2.224,2.413,2.624,2.854,3.046,3.246,3.454,3.695,3.901,4.102,4.310,
1,66,0.158,0.388,0.606,0.814,1.030,1.223,1.415,1.639,1.846,2.047,2.245,
1,67,0.327,0.511,0.711,0.895,1.111,1.328,1.511,1.720,1.936,2.152,
1,68,0.309,0.523,0.716,0.932,1.148,1.358,1.550,1.948,2.156,2.356,2.556,2.774,2.981,3.164,3.391,3.564,3.781,3.981,4.197,4.404,4.604,4.804,5.024,5.220,5.420,5.658,5.869,6.102,6.333,
1,69,0.388,0.580,0.796,0.996,1.221,
1,70,0.066,0.268,0.518,0.673,0.858,1.058,1.250,1.450,1.641,1.840,2.057,2.272,2.466,2.673,2.889,3.082,3.304,3.519,3.697,3.889,4.105,4.329,4.569,4.769,4.953,5.161,5.345,5.554,5.770,5.954,6.169,6.385,6.594,6.802,7.001,7.218,7.392,7.584,7.794,7.993,8.200,8.394,8.608,8.817,9.021,9.240,9.448,9.650,9.888,10.096,10.328,10.545,10.771,10.960,11.178,11.401,11.637,11.858,12.089,
1,71,0.286,0.496,0.678,0.899,1.063,1.270,1.486,1.679,1.899,2.101,2.303,2.494,2.704,2.902,3.101,3.295,3.515,3.734,3.958,4.166,4.351,4.558,4.766,4.982,5.190,5.401,5.591,5.798,6.040,6.272,6.519,6.750,6.982,7.214,7.439,7.651,7.848,8.054,8.267,8.478,8.712,8.912,9.135,9.351,9.558,9.798,9.990,10.207,10.448,10.687,10.910,11.135,11.342,11.533,11.769,11.967,12.150,
1,72,0.406,0.607,0.782,0.966,1.167,1.358,1.584,1.783,1.966,2.358,2.598,2.769,2.990,3.190,3.385,3.599,3.830,4.031,4.238,4.478,4.694,4.902,5.102,5.280,5.520,5.694,5.886,6.096,6.278,6.494,6.703,6.910,7.126,7.359,7.566,7.790,8.021,8.198,8.398,8.623,8.886,9.088,9.295,9.486,9.738,9.920,10.138,10.319,
1,73,0.462,0.653,0.845,1.046,1.237,1.444,1.661,1.901,2.109,2.350,2.582,2.781,3.018,3.218,3.396,3.605,3.813,4.031,4.238,4.454,4.676,4.901,5.126,5.333,5.573,5.797,6.021,6.245,6.470,6.701,6.916,7.150,7.373,7.598,7.855,8.070,8.302,8.525,8.770,8.989,9.203,9.420,9.636,9.854,10.060,10.277,10.501,10.718,10.965,11.183,11.404,11.636,11.846,12.069,12.286,12.522,12.741,12.933,13.125,13.317,13.522,13.709,13.933,14.158,14.388,14.613,14.846,15.062,15.286,15.501,15.726,15.926,16.151,
1,74,,
1,75,0.092,0.294,0.469,0.676,0.845,1.044,1.229,1.414,1.612,1.804,1.997,2.237,2.385,2.572,2.773,2.948,3.124,3.300,3.469,3.645,3.845,4.036,4.221,4.421,4.636,4.836,5.022,5.196,5.405,5.612,5.828,6.044,6.244,6.493,6.724,6.932,7.136,7.353,7.556,7.771,7.996,8.213,8.428,8.636,8.820,9.029,9.237,9.452,9.677,9.900,10.116,10.316,10.493,10.700,10.917,11.149,11.332,11.580,11.788,11.981,12.197,12.422,12.637,12.860,13.091,13.276,13.492,13.685,13.888,14.084,14.309,14.524,14.692,14.892,15.094,15.272,15.492,15.678,15.892,16.084,
1,76,0.094,0.302,0.536,0.742,0.950,1.136,1.343,1.567,1.771,1.982,2.198,2.416,2.703,2.902,3.118,3.334,3.552,3.773,3.975,4.192,4.415,4.638,4.830,5.038,5.273,5.523,5.750,5.960,6.182,6.376,6.598,6.798,7.031,7.216,7.455,7.679,7.902,8.140,8.303,
1,77,0.126,0.366,0.574,0.782,0.984,1.190,1.390,1.598,1.790,2.039,2.224,2.438,2.655,2.871,3.079,3.280,3.479,3.695,3.936,4.184,4.399,4.608,4.887,5.120,5.319,5.522,5.720,5.936,6.160,6.398,6.614,6.806,7.023,7.198,7.407,7.616,7.824,8.039,8.238,8.464,8.663,8.889,9.104,9.312,9.524,9.728,9.936,10.167,10.390,10.600,10.832,11.072,11.312,11.557,11.752,11.928,12.104,12.302,12.479,12.870,13.071,13.248,13.486,13.710,13.935,14.184,14.391,14.574,14.775,14.982,15.175,15.392,15.641,15.846,16.025,16.215,16.432,
1,78,0.393,0.581,0.774,0.965,1.144,1.334,1.527,1.727,1.910,2.109,2.279,2.485,2.678,2.869,3.062,3.260,3.438,3.646,3.861,4.213,4.525,4.669,4.901,5.102,5.349,5.565,5.751,5.950,6.165,6.365,6.581,6.813,7.029,7.247,7.453,7.645,7.823,8.021,8.237,8.478,8.726,8.911,9.158,9.399,9.647,9.896,10.147,10.359,
1,79,,
1,80,0.036,0.232,0.407,0.591,0.847,1.047,1.248,1.447,1.672,1.847,2.047,2.239,2.446,2.742,2.920,3.135,3.344,3.519,3.711,3.911,4.143,4.358,4.566,4.770,4.958,5.159,5.366,5.567,5.783,5.976,6.386,
1,81,0.179,0.417,0.553,0.770,0.953,1.153,1.331,1.516,1.689,
1,82,0.123,0.340,0.526,0.700,0.909,1.093,1.284,1.475,1.644,1.876,2.094,2.293,2.517,2.732,2.941,3.162,3.371,3.580,3.779,3.972,4.165,4.346,4.532,4.725,4.923,5.123,5.308,5.491,5.675,5.860,6.059,6.262,6.451,6.646,6.843,7.037,7.227,7.435,7.652,7.851,8.069,8.243,8.437,8.646,8.821,9.020,9.227,9.443,9.627,9.827,10.034,10.236,10.667,10.877,11.097,11.276,11.474,11.685,11.899,12.099,12.315,12.532,12.739,12.955,13.165,13.363,13.549,13.731,13.931,14.148,14.347,14.555,14.772,14.979,15.180,15.371,15.564,15.763,15.971,16.163,
1,83,0.126,0.316,0.501,0.702,0.900,1.077,1.265,1.446,1.614,1.765,1.916,2.100,2.286,2.468,2.650,2.814,2.988,3.174,3.517,3.717,3.917,4.085,4.269,4.445,4.613,4.788,4.964,5.152,5.341,5.524,5.693,5.901,6.069,6.267,
1,84,0.049,0.250,0.425,0.617,0.802,0.993,1.192,1.370,1.552,1.737,1.921,2.081,2.251,2.424,2.624,2.800,3.018,3.201,3.384,3.584,3.793,3.984,4.176,4.385,4.568,4.769,4.921,5.105,5.305,5.519,5.705,5.896,6.105,6.297,6.520,6.713,6.913,7.105,7.320,7.530,7.737,7.961,8.168,8.386,8.635,8.816,9.033,9.253,9.464,9.673,9.889,10.088,10.288,10.496,10.706,10.920,11.144,11.386,11.568,11.778,11.984,12.209,12.426,12.625,12.842,13.042,13.255,13.474,13.666,13.864,14.056,14.272,
1,85,0.120,0.296,0.495,0.663,0.864,1.055,1.222,1.455,1.650,1.814,1.998,2.191,2.399,2.575,2.743,2.950,3.150,3.327,3.517,3.694,3.900,4.087,4.318,4.496,
