0,1,0.245,0.610,0.840,0.954,1.177,1.405,1.516,1.625,1.740,1.859,1.970,2.089,2.210,2.319,2.443,2.553,2.691,2.812,2.938,3.057,3.184,3.276,3.443,3.536,3.689,3.809,3.934,4.056,4.202,4.443,4.544,4.689,4.937,5.068,5.337,5.453,5.704,5.956,6.121,6.322,6.497,6.668,6.875,7.096,7.308,7.497,7.686,7.900,8.082,8.292,8.488,8.683,8.899,9.317,9.518,9.717,9.929,10.151,
0,1,0.065,0.229,0.407,0.562,0.735,0.911,1.071,1.231,1.435,1.652,1.838,2.018,2.192,2.356,2.540,2.715,2.902,3.076,3.410,3.606,3.805,3.999,4.200,4.367,4.558,4.770,4.956,5.175,5.432,5.637,5.834,6.037,6.232,6.439,6.675,6.898,7.154,7.388,7.533,7.814,8.037,8.271,8.492,8.730,8.970,9.207,9.448,9.683,9.920,10.146,
0,1,0.156,0.335,0.465,0.715,0.941,1.135,1.294,1.498,1.683,1.864,2.050,2.241,2.436,2.623,2.813,3.019,3.202,3.388,3.575,3.769,3.958,4.144,4.333,4.526,4.706,4.912,5.114,5.312,5.520,5.711,5.908,6.100,6.309,6.537,6.743,6.936,7.327,7.693,
0,1,0.268,0.426,0.597,0.768,0.960,1.196,1.385,1.598,1.797,2.019,2.205,2.389,2.601,2.786,2.990,3.215,3.434,3.672,3.886,4.117,4.348,4.571,4.770,4.964,5.171,5.393,5.613,5.839,6.079,6.307,6.530,6.774,6.998,7.176,7.351,7.568,7.802,8.028,8.240,8.479,8.684,8.876,9.084,9.289,9.501,9.700,9.896,10.103,
1,1,0.060,
1,2,0.040,0.219,0.396,0.571,0.736,0.925,1.150,
1,3,0.354,0.517,
1,4,0.104,0.267,0.410,
1,5,0.185,0.351,0.566,0.930,1.088,1.263,1.435,1.595,1.775,
1,6,0.272,0.414,0.601,0.799,0.955,1.150,1.315,1.516,1.670,1.861,2.046,2.206,2.347,2.531,2.767,2.944,3.122,3.292,3.469,3.669,3.854,4.032,4.205,4.431,4.627,4.801,4.955,5.137,5.316,5.496,5.663,5.846,6.025,6.269,6.442,6.613,6.817,7.001,7.194,7.386,7.543,7.716,7.968,8.163,8.312,8.498,8.726,8.956,9.144,9.309,9.471,9.692,
1,7,0.168,0.364,0.544,0.750,0.935,1.118,1.302,1.553,1.747,1.933,2.148,2.359,2.547,2.735,2.960,3.164,3.370,3.562,3.767,3.971,4.152,4.334,4.540,4.731,4.927,5.111,5.298,5.512,5.709,5.896,6.112,6.325,6.526,6.735,6.923,7.147,7.323,7.520,7.717,7.911,8.116,8.305,8.487,8.677,8.869,9.058,9.268,9.469,9.677,9.865,10.063,10.290,10.481,10.675,10.898,11.086,11.297,11.458,11.685,11.899,12.081,12.280,12.480,12.689,12.899,13.083,13.266,13.474,13.681,13.869,14.053,14.267,14.464,14.657,14.845,15.024,15.222,15.425,15.634,15.841,16.037,16.234,16.428,16.634,16.821,17.021,17.240,17.426,17.635,17.829,18.025,18.218,
1,8,0.056,0.233,0.404,0.598,0.775,0.945,1.123,1.300,1.480,1.666,1.834,
1,9,0.216,0.373,0.544,0.714,0.893,1.078,1.268,1.426,1.615,1.790,1.982,2.171,2.346,2.530,2.712,2.887,3.135,3.332,3.519,3.691,3.888,4.094,4.269,4.461,4.663,4.857,5.070,5.270,5.464,5.660,5.874,6.074,6.270,6.444,6.637,6.831,7.020,7.193,7.387,7.582,7.771,7.968,8.166,8.357,8.548,8.728,8.897,9.205,9.597,10.068,10.272,10.455,
1,10,0.181,0.421,0.550,0.792,0.953,1.124,1.292,1.416,1.572,1.766,1.931,2.124,2.310,2.494,2.674,2.854,3.031,3.201,3.368,3.559,3.740,3.922,4.100,4.289,4.457,4.678,4.872,5.058,5.249,5.433,5.639,5.829,6.018,6.181,6.385,6.548,6.749,6.939,7.119,7.308,7.489,7.662,7.862,8.058,8.233,8.463,8.636,8.806,9.037,9.223,9.395,9.588,9.770,9.944,10.137,10.312,10.490,10.770,10.925,11.295,11.487,11.678,11.861,12.121,12.271,12.388,12.521,12.687,12.911,13.092,13.271,13.442,13.614,13.799,13.978,14.161,14.365,14.559,14.751,14.942,15.139,15.321,15.489,15.666,15.858,16.067,16.273,16.436,16.646,16.828,17.023,17.206,17.405,17.609,17.794,17.989,18.174,18.391,
1,11,0.065,0.187,0.301,0.432,0.553,0.676,0.799,0.917,1.046,1.175,1.284,1.413,1.530,1.651,1.785,1.901,2.027,2.161,2.286,2.411,2.524,2.656,2.790,2.918,3.052,3.176,3.305,3.443,3.694,3.827,4.077,4.209,4.485,4.619,4.772,4.854,5.019,5.147,5.556,5.686,5.808,5.952,6.071,6.212,6.342,6.474,6.610,6.770,6.887,7.020,7.165,7.555,7.694,7.849,8.114,8.222,8.533,8.687,8.805,8.946,9.114,9.352,9.494,9.660,9.784,9.915,10.058,10.194,10.330,10.467,10.609,10.772,10.889,11.034,11.181,11.443,11.593,11.727,11.857,12.022,12.161,12.302,12.426,12.582,12.725,12.861,12.998,13.152,13.299,13.434,13.584,13.738,13.890,14.023,14.155,14.300,14.471,14.571,14.723,14.873,15.155,15.345,15.496,15.641,15.774,15.932,16.073,16.202,16.341,16.544,
1,12,0.066,0.237,0.414,0.599,0.847,1.072,1.242,1.501,1.660,1.803,
1,13,0.144,0.291,0.441,0.613,0.787,0.952,1.109,1.277,1.446,1.606,1.782,1.966,2.124,2.307,2.483,2.667,3.160,3.594,
1,14,0.182,0.349,0.520,0.690,0.857,1.020,
1,15,0.146,0.310,0.466,0.649,0.830,0.999,1.176,1.366,1.540,1.708,1.897,2.079,2.176,2.453,2.788,3.014,3.174,3.349,3.526,3.707,3.898,4.085,4.246,4.405,4.588,4.988,5.238,5.398,5.590,5.718,5.871,
1,16,0.026,0.235,0.408,0.655,0.935,
1,17,0.207,0.372,0.671,0.892,
1,18,0.174,0.400,0.560,0.767,0.951,1.111,1.281,1.471,1.650,1.818,1.989,2.183,2.438,2.534,2.846,2.971,3.211,3.421,3.564,3.739,4.137,4.347,4.552,4.742,4.927,5.138,5.337,5.536,5.721,5.886,
1,19,0.196,0.375,
1,20,0.139,0.314,0.482,0.666,0.849,1.036,1.215,1.390,1.560,1.730,1.956,2.147,2.339,2.524,2.696,2.852,2.990,3.155,3.348,3.558,3.740,3.935,4.141,4.338,4.528,4.724,4.950,5.154,5.334,5.642,5.814,6.011,6.191,6.410,6.608,6.790,6.975,7.167,7.417,7.597,7.776,7.949,8.143,8.286,
1,21,0.084,0.284,0.447,0.638,0.823,
1,22,0.208,0.404,0.595,0.811,1.031,1.110,1.289,1.476,1.714,
1,23,0.059,0.272,0.496,
1,24,0.047,0.281,0.492,0.706,0.917,1.136,1.330,1.548,1.752,1.985,2.197,2.398,2.605,2.826,3.045,3.270,3.481,3.665,3.858,4.044,4.244,
1,25,0.187,0.395,0.576,0.778,0.987,1.203,1.418,1.642,1.839,2.037,2.235,2.441,2.645,2.842,3.048,3.288,
1,26,0.136,0.329,0.523,0.743,0.961,1.163,1.358,1.574,1.785,
1,27,0.163,0.397,0.565,0.768,0.963,1.178,1.366,1.568,1.769,1.963,2.180,2.395,2.607,2.811,3.019,3.217,3.429,3.657,3.846,4.059,4.276,4.474,4.668,4.865,5.086,5.274,5.467,5.668,5.871,6.067,6.271,6.454,6.651,6.843,7.038,7.271,7.441,7.638,7.849,8.051,8.272,8.449,8.657,8.846,9.067,9.272,9.462,9.664,9.859,10.067,10.273,10.465,10.659,10.867,11.062,11.273,11.458,11.669,11.820,12.059,12.245,12.439,12.626,12.862,13.047,13.226,13.430,13.641,13.841,14.044,14.245,14.438,14.641,14.836,15.038,15.239,15.436,15.642,15.834,16.026,16.230,16.438,16.643,16.822,17.026,17.223,17.410,17.592,17.784,17.983,18.187,18.393,18.576,18.785,18.993,19.200,19.423,19.647,19.860,20.059,20.245,20.446,20.661,20.849,21.084,21.309,21.511,21.713,21.912,22.111,22.300,22.500,22.694,22.873,23.071,23.262,23.462,23.663,23.864,24.056,24.266,24.460,24.950,25.205,25.410,25.609,25.803,25.987,26.176,26.407,26.621,26.824,27.020,27.218,27.429,27.648,27.838,28.027,28.214,28.420,28.648,28.816,29.030,29.234,29.430,29.610,29.819,30.022,30.225,30.431,30.649,30.832,31.043,31.249,31.453,31.650,31.845,32.046,32.246,
1,28,0.223,0.371,0.730,
1,29,0.114,0.237,0.524,0.680,0.891,
1,30,0.163,0.343,0.517,0.712,0.910,1.096,1.284,1.483,1.670,1.897,2.079,2.312,2.518,2.691,2.885,3.065,3.235,
1,31,0.219,0.418,0.652,0.834,1.040,1.225,1.421,1.599,1.788,2.003,2.186,2.400,2.577,2.773,2.951,3.160,3.360,3.562,3.743,3.933,4.125,4.321,4.502,4.705,4.889,5.076,5.268,5.482,5.669,5.885,6.099,6.400,6.652,6.890,7.119,7.308,7.484,7.677,7.886,8.068,8.269,8.474,8.752,8.853,9.020,9.195,9.422,9.605,9.848,10.032,10.227,10.424,
1,32,0.063,0.313,0.488,0.660,0.842,1.038,1.197,1.365,1.533,1.722,1.900,2.069,2.205,2.397,2.572,2.727,2.904,3.077,3.247,3.424,3.585,3.764,3.929,4.105,4.274,4.461,4.648,4.803,4.969,5.148,5.331,5.530,5.708,5.898,
1,33,0.034,0.196,0.326,0.517,0.683,0.851,1.024,1.203,1.384,1.545,1.729,1.908,2.123,2.348,2.525,2.703,2.890,3.061,3.238,3.427,3.664,3.847,4.019,4.198,4.401,4.563,4.747,4.911,5.088,5.270,5.400,5.704,5.803,6.125,6.290,6.520,6.685,6.887,7.067,7.242,7.439,7.622,7.798,7.962,8.149,8.322,8.491,8.679,8.854,9.036,9.202,9.361,9.541,9.779,9.996,10.192,10.357,10.623,
1,34,0.072,0.248,0.420,0.588,
1,35,0.101,0.289,0.492,0.676,0.864,1.042,1.221,1.402,1.592,1.777,1.951,2.145,2.323,2.512,2.680,2.858,3.037,3.440,3.622,3.810,4.013,4.176,4.366,4.544,4.725,4.936,
1,36,0.074,0.300,0.478,0.681,0.865,1.040,1.199,1.427,1.611,1.790,1.956,2.145,2.315,2.519,2.714,2.896,3.080,3.262,
1,37,0.033,0.121,0.359,0.539,0.731,0.907,1.086,1.267,1.442,1.621,1.814,1.999,2.188,2.369,2.574,2.790,2.982,3.164,3.351,3.548,3.737,3.888,4.072,4.269,4.529,4.689,4.939,5.303,5.627,
1,38,0.182,0.357,0.529,0.724,0.927,1.119,1.299,1.477,1.653,1.845,2.024,2.228,2.411,2.618,2.792,2.978,3.149,3.327,3.518,3.703,3.895,4.097,4.278,4.470,4.665,4.832,5.019,5.367,
1,39,0.160,0.334,0.517,
1,40,0.032,0.193,0.367,0.560,0.745,0.927,1.121,1.310,1.516,1.716,1.900,2.085,2.287,2.650,2.913,3.093,3.562,3.746,3.863,4.103,4.295,4.499,4.691,4.875,5.067,5.268,5.436,5.635,5.819,
1,41,0.149,0.329,0.582,0.778,0.940,1.019,1.176,1.339,1.786,1.971,2.177,2.376,2.556,2.738,2.908,3.069,3.235,3.384,3.534,3.641,3.787,3.950,4.075,4.222,4.518,4.768,4.857,5.002,5.106,5.252,5.477,5.556,5.701,5.802,5.927,6.018,6.149,6.376,6.605,6.827,7.033,7.269,7.464,7.687,7.900,8.051,8.243,8.325,8.452,8.534,8.639,8.743,8.964,9.162,9.387,9.607,9.817,10.042,10.247,10.454,10.658,10.849,11.060,11.271,11.453,11.641,11.793,11.953,12.080,12.320,12.662,13.034,13.275,
1,42,0.240,0.423,0.514,0.650,0.919,1.174,1.294,1.443,1.689,1.803,1.954,2.204,
1,43,0.072,0.372,0.553,0.839,
1,44,0.203,0.385,0.555,0.720,0.961,1.240,1.362,1.491,1.752,1.874,2.026,2.141,2.269,2.417,2.551,2.617,2.776,2.911,3.042,3.172,3.316,3.438,3.552,3.802,3.966,4.319,4.550,4.641,4.771,5.021,5.137,5.245,5.472,5.597,5.704,5.960,6.077,6.185,6.320,6.427,
1,45,0.070,0.229,0.393,0.548,0.719,0.894,1.039,1.200,1.394,1.552,1.727,1.871,2.018,2.166,2.344,2.514,2.657,2.824,2.987,3.148,3.329,3.511,3.983,4.157,4.339,4.447,4.624,4.807,4.986,5.165,5.357,5.536,5.700,
1,46,0.030,0.193,0.397,0.555,0.740,0.941,1.147,1.326,1.518,1.706,
1,47,0.170,0.391,0.566,0.774,0.947,1.141,1.237,1.525,1.690,1.823,2.031,2.190,2.356,2.487,2.775,2.926,3.028,3.191,3.356,3.592,3.798,3.985,4.184,4.371,4.662,4.932,5.095,
1,48,0.064,0.266,0.438,0.601,0.790,0.972,1.169,1.340,1.519,1.710,1.900,2.090,2.279,2.464,2.667,2.874,3.063,3.267,
1,49,0.061,0.232,0.419,0.606,0.781,0.970,1.150,1.315,1.424,1.691,1.883,2.061,2.273,2.479,2.667,2.833,3.122,3.309,3.497,3.674,3.841,4.024,4.207,4.384,4.865,5.159,5.329,5.562,5.741,
1,50,0.029,0.206,0.376,0.677,0.859,1.109,1.301,1.481,1.658,1.840,2.012,2.187,2.341,2.473,2.661,2.789,2.985,3.188,3.431,3.613,3.800,4.116,4.297,4.465,4.644,4.820,4.990,5.162,5.344,5.511,5.695,5.875,
1,51,0.193,0.396,0.586,0.858,1.028,1.196,1.385,1.518,1.686,2.109,2.219,2.424,2.599,2.769,2.921,3.102,3.296,3.498,3.672,3.854,4.037,4.245,4.416,4.585,4.770,4.938,5.101,5.270,5.460,5.660,5.858,6.040,6.214,6.401,6.598,6.787,7.027,7.337,7.494,7.638,7.803,7.953,8.051,8.235,8.437,8.728,8.841,8.996,9.165,9.304,
1,52,0.081,0.244,0.385,0.579,0.768,0.934,1.106,1.286,1.468,1.654,1.847,2.028,2.220,2.638,2.806,2.993,3.175,
1,53,0.169,0.369,0.558,0.735,0.927,1.143,1.335,1.519,1.726,1.927,2.143,2.318,2.510,2.704,2.921,3.125,3.321,3.547,3.746,4.077,4.237,4.416,4.578,4.772,4.982,5.177,5.395,5.625,5.853,6.074,6.280,6.484,6.657,6.834,7.015,7.182,
1,54,0.195,0.394,0.596,0.792,0.986,1.193,1.394,1.595,1.809,2.011,2.198,2.394,2.535,2.876,3.065,3.250,3.444,3.616,3.798,3.986,4.172,4.396,4.582,4.801,5.012,5.226,5.433,5.646,5.858,
1,55,0.084,0.274,0.521,0.627,0.734,0.871,1.111,1.213,1.357,1.458,1.585,1.721,1.828,
1,56,0.040,0.197,0.433,0.661,0.861,1.052,1.232,1.404,1.581,1.761,
1,57,0.150,0.400,0.641,0.831,1.024,1.215,1.391,1.562,1.748,
1,58,0.166,0.336,0.518,0.768,0.941,1.146,1.426,1.545,1.679,1.809,1.940,2.063,2.201,2.332,2.475,2.587,2.743,2.810,2.965,3.108,3.244,3.377,3.519,3.610,3.749,3.886,4.029,4.161,4.290,4.425,4.564,4.806,4.922,5.078,5.205,5.333,5.603,5.737,5.856,5.988,6.137,6.271,6.404,6.538,6.673,6.802,6.913,7.084,7.215,7.469,
1,59,0.127,0.365,0.537,0.711,0.903,1.095,1.270,1.444,1.609,1.767,2.024,2.267,2.430,2.700,2.847,3.017,3.187,3.391,3.586,3.928,4.166,
1,60,0.080,0.267,0.400,0.529,0.670,0.801,0.925,1.066,1.204,1.341,1.464,1.594,1.732,1.877,2.018,2.088,2.236,2.518,2.657,2.785,2.919,3.040,3.171,3.305,3.465,3.543,3.681,3.837,3.974,4.108,4.240,4.385,4.519,4.647,4.786,4.925,5.056,5.188,5.325,5.459,5.703,5.961,
1,61,0.300,0.468,0.647,0.809,0.964,1.367,1.556,1.711,1.793,1.945,2.338,2.525,2.675,2.816,2.977,3.141,3.299,3.462,3.622,3.782,3.931,4.101,4.279,4.446,4.618,4.800,4.971,5.146,5.332,5.776,5.951,6.143,6.306,6.477,6.679,7.010,7.185,7.377,7.563,7.746,7.894,8.088,8.260,8.430,8.616,8.787,8.955,9.108,9.398,9.648,9.829,9.965,10.145,10.331,10.515,10.683,10.843,11.012,11.172,11.342,11.649,11.803,11.981,12.155,12.332,12.472,12.626,12.793,12.970,13.163,13.345,13.516,13.688,13.859,14.040,14.217,14.397,14.553,14.737,14.924,15.094,15.410,
1,62,0.171,0.354,0.518,
1,63,0.044,0.238,0.438,0.622,0.809,0.999,1.196,1.565,1.725,1.912,2.088,2.273,2.471,2.651,2.791,3.017,3.214,
1,64,0.106,0.295,0.493,0.662,0.855,1.056,1.249,1.442,1.619,1.810,1.989,2.184,2.447,2.653,2.836,3.047,3.197,3.461,
1,65,0.089,0.177,0.455,0.570,0.701,
1,66,0.057,0.294,0.435,0.524,0.678,0.811,0.939,1.061,1.316,1.443,1.583,1.680,1.845,2.061,2.195,2.331,2.598,2.730,2.854,3.025,3.123,3.275,
1,67,0.055,0.166,0.324,0.604,0.873,
1,68,0.025,0.203,0.409,0.601,0.795,0.963,1.116,1.239,1.393,1.643,1.818,2.066,2.262,2.493,2.643,2.765,2.933,3.184,3.349,3.469,3.619,3.760,3.901,4.044,4.178,4.311,4.453,4.613,4.744,4.873,5.021,5.288,5.438,5.577,5.703,5.846,5.998,6.164,6.268,6.427,6.553,6.677,6.847,7.145,7.245,7.410,7.549,7.713,8.163,8.332,8.481,8.646,8.742,8.896,9.013,9.146,9.300,9.418,9.591,9.763,9.897,10.033,10.298,
1,69,0.436,0.608,0.752,0.899,1.051,1.210,1.399,1.555,1.706,1.859,2.016,2.201,2.439,2.624,3.041,3.199,3.400,3.549,3.767,3.947,4.100,4.287,4.486,4.666,4.848,5.037,5.208,5.384,5.542,5.710,5.902,6.042,6.206,
1,70,0.085,0.296,0.466,0.646,0.786,0.957,
1,71,0.206,0.398,
1,72,0.202,0.464,0.639,0.821,1.022,1.187,1.375,1.586,1.789,1.979,2.171,2.343,2.502,2.728,2.900,3.089,3.273,3.449,3.723,
1,73,0.033,0.245,0.437,
1,74,0.170,0.311,0.543,
1,75,0.169,0.343,0.483,0.702,0.920,1.170,1.437,1.610,1.800,2.020,2.200,2.468,
1,76,0.098,0.292,0.479,0.661,0.846,1.030,1.225,1.418,1.619,1.839,2.054,2.269,2.480,2.695,2.885,3.075,3.328,3.526,3.727,3.929,4.102,4.195,4.345,4.588,
1,77,0.086,0.266,0.475,0.664,0.876,1.077,1.249,1.516,1.699,1.900,2.095,2.277,2.500,2.712,2.912,3.101,3.296,3.479,3.551,3.767,3.970,4.173,4.373,4.557,4.751,
1,78,0.145,0.349,0.558,0.752,0.949,1.150,1.328,1.517,1.703,1.884,
1,79,0.101,0.318,0.533,0.736,0.917,1.150,1.338,1.481,1.808,1.993,2.274,2.457,2.651,2.853,3.040,3.229,
1,80,0.138,0.360,0.702,0.877,1.029,1.205,
1,81,0.050,0.267,0.452,0.650,0.828,1.027,
1,82,0.103,0.273,0.453,0.626,0.817,1.000,
1,83,0.097,0.291,0.464,0.641,0.811,1.075,1.144,1.323,1.524,1.720,1.906,2.108,2.316,2.525,2.700,2.906,3.098,3.285,3.468,3.654,3.831,4.009,4.330,4.476,4.920,5.106,5.289,5.475,5.660,5.893,6.086,6.289,6.491,6.689,6.897,7.092,7.283,7.477,7.661,7.847,8.047,8.239,8.426,
1,84,0.123,0.316,0.461,0.685,0.868,1.054,1.248,1.435,1.641,1.829,2.031,2.151,2.312,2.499,2.745,2.916,3.196,3.402,
1,85,0.059,0.293,0.416,0.540,0.653,0.783,0.917,1.016,1.153,1.400,1.517,1.650,1.874,
1,86,0.183,0.323,0.431,0.555,0.701,0.806,0.934,1.060,
1,87,0.110,0.298,0.438,0.604,0.773,0.946,1.147,1.276,1.432,1.597,1.745,1.913,2.091,2.250,2.341,2.529,2.704,2.867,3.050,3.219,
1,88,0.064,0.351,0.465,0.627,
1,89,0.198,0.399,0.563,0.816,0.971,1.196,1.353,1.592,1.773,2.017,2.160,2.410,2.532,2.672,2.798,2.945,3.056,3.314,3.411,3.593,3.712,3.843,3.957,4.106,4.207,4.367,4.467,4.586,4.725,4.862,4.975,5.226,
1,90,0.073,0.234,0.578,0.758,1.028,
1,91,0.051,0.219,0.421,0.571,0.752,0.943,1.107,1.272,1.447,1.625,1.801,1.988,2.274,2.488,2.676,2.835,3.000,3.179,3.362,3.543,3.716,3.898,4.066,4.207,4.398,4.648,4.819,4.998,5.179,5.359,5.532,5.658,
1,92,0.405,0.588,0.774,0.939,1.112,1.289,1.446,1.640,1.850,
1,93,0.272,0.430,0.620,0.794,0.987,1.179,1.368,1.557,1.751,1.933,2.103,2.279,2.465,2.659,2.862,3.062,3.273,3.465,3.650,3.842,4.043,4.248,4.444,4.558,
1,94,0.091,0.296,0.498,0.696,0.899,1.114,1.329,1.555,1.737,1.917,2.266,2.456,2.650,2.845,3.020,3.197,3.449,
1,95,0.090,0.305,0.424,0.552,0.669,0.803,0.929,1.050,1.201,1.298,1.439,1.566,1.686,1.948,2.206,2.342,2.475,2.602,2.726,2.872,2.986,3.109,3.269,3.386,3.520,3.636,3.773,4.020,4.158,4.276,4.420,4.684,4.785,4.922,5.052,5.186,5.324,5.604,5.707,5.823,5.995,6.244,6.416,6.683,6.835,6.918,7.100,7.373,7.645,7.837,8.022,8.173,8.330,8.522,8.772,8.957,9.139,9.331,9.501,9.651,9.921,
1,96,0.268,0.732,0.824,0.991,1.152,
1,97,0.266,0.451,0.691,0.900,
1,98,0.159,0.346,0.526,0.703,0.900,1.087,1.266,1.439,1.612,1.773,1.942,2.117,2.289,2.466,2.650,2.828,3.017,3.185,3.353,3.532,3.833,4.097,
1,99,0.136,0.311,0.520,0.691,0.887,1.074,1.243,1.420,1.598,1.780,1.954,2.144,2.387,2.547,2.771,2.939,3.195,3.396,3.594,3.788,3.990,4.188,4.388,4.609,4.813,4.999,5.190,5.389,5.534,5.794,
1,100,0.112,0.320,0.516,0.677,0.987,1.171,1.367,1.562,1.765,1.966,2.152,2.283,2.539,2.724,2.913,3.152,3.363,3.556,3.739,3.950,4.183,4.397,4.601,4.806,5.013,5.153,5.373,5.697,
1,101,0.103,0.318,0.515,0.700,0.905,1.098,
1,102,0.046,0.265,0.427,0.618,0.814,1.019,1.205,1.405,1.594,1.798,
1,103,0.151,0.478,
1,104,0.141,0.311,0.484,0.664,0.838,1.025,1.200,1.392,1.569,1.751,1.936,2.142,2.325,2.511,2.690,2.869,3.065,3.259,3.434,3.600,3.759,4.012,
1,105,0.031,0.240,0.458,0.679,0.847,1.018,1.176,1.362,1.538,1.712,1.898,2.068,2.165,2.360,2.482,2.648,2.768,2.957,3.155,
1,106,0.356,0.541,
1,107,0.035,0.215,0.399,0.654,0.847,
1,108,0.138,0.451,0.639,0.838,1.022,1.214,1.421,1.603,
1,109,0.081,0.267,0.428,0.608,0.787,0.965,1.307,1.530,1.735,1.921,2.161,2.358,2.560,2.769,2.941,3.135,3.288,3.471,3.709,3.903,
1,110,0.104,0.309,0.527,0.715,0.899,1.075,1.269,1.408,1.666,1.849,2.025,2.222,2.403,2.587,2.766,2.931,3.114,3.288,3.529,3.718,3.903,4.085,4.267,4.437,4.617,
1,111,0.300,0.482,0.669,0.877,1.100,1.298,1.502,1.701,1.900,2.100,2.296,2.590,2.786,2.979,3.192,3.401,3.595,3.785,3.984,4.200,4.401,4.560,4.768,4.977,5.174,5.368,
1,112,0.143,0.318,0.517,0.696,0.900,1.075,1.267,1.449,1.653,1.831,2.017,2.190,2.367,2.559,2.651,2.831,3.018,3.200,3.392,3.581,3.768,3.948,4.140,4.341,4.518,4.663,4.853,5.065,5.251,5.436,5.640,5.837,6.026,6.180,6.352,
1,113,0.150,0.311,0.483,0.654,0.859,1.049,1.197,1.364,1.535,1.768,2.018,2.186,2.450,2.681,2.928,3.164,3.485,3.703,3.993,4.184,4.427,4.677,4.886,5.107,5.311,5.498,5.716,5.908,6.127,6.304,6.474,6.637,6.799,6.957,7.108,7.270,
1,114,0.150,0.284,0.415,0.545,0.670,0.831,0.900,1.182,1.401,1.617,1.812,
1,115,0.180,0.395,0.585,0.779,0.996,1.205,1.410,1.596,1.786,2.000,2.205,2.401,2.596,2.777,2.953,3.150,3.345,3.533,3.730,3.915,4.109,4.306,4.491,4.663,4.858,5.034,5.224,5.403,5.588,5.780,
1,116,0.168,0.364,0.527,0.724,0.904,1.081,1.282,1.472,1.669,1.861,
1,117,0.092,0.270,0.459,0.650,0.820,0.997,1.201,1.400,1.593,1.784,1.979,2.185,2.377,2.577,2.771,2.948,3.134,3.268,3.365,3.661,3.831,3.990,4.178,4.385,4.562,4.733,4.904,5.065,5.202,5.519,5.698,5.899,6.075,6.279,6.458,6.657,6.851,7.023,7.206,7.387,
1,118,0.121,0.302,0.474,0.600,0.777,0.957,1.134,1.333,1.518,1.655,1.802,1.979,2.164,2.311,2.429,2.597,2.745,2.922,3.074,3.242,3.412,3.577,3.746,3.946,4.124,4.289,4.431,4.698,4.867,5.044,5.218,
1,119,0.417,0.539,0.657,0.748,0.883,
1,120,0.149,0.399,0.650,0.803,1.023,1.199,1.400,1.650,1.806,
1,121,0.056,0.235,0.410,0.569,0.738,0.911,1.073,1.245,1.421,1.588,1.765,1.931,2.106,2.270,2.436,2.607,2.781,2.944,3.123,3.301,3.474,3.645,3.812,3.971,4.146,4.315,4.483,4.658,4.843,5.020,5.185,5.343,5.513,5.696,5.838,
1,122,0.025,0.112,0.233,0.358,0.466,0.581,0.817,0.914,1.057,1.186,1.297,1.424,1.548,1.662,1.779,1.915,2.045,2.146,2.284,2.407,2.524,2.643,2.767,3.197,3.415,3.539,3.668,3.784,3.923,4.039,4.170,4.298,4.435,4.678,4.814,4.945,5.075,5.213,5.485,5.860,6.115,
1,123,0.200,0.365,0.525,0.847,1.031,1.208,1.395,1.553,1.728,1.907,2.029,2.175,2.413,2.605,2.720,2.877,3.048,3.212,3.368,
1,124,0.025,0.259,0.426,0.601,
1,125,0.185,0.364,0.540,0.705,0.891,1.145,1.365,1.513,1.740,1.931,2.297,2.470,2.646,2.824,3.002,3.184,3.466,3.617,3.779,3.925,4.197,4.374,4.622,4.808,5.017,5.297,
1,126,0.164,0.277,0.428,0.579,0.665,0.860,1.018,1.197,1.358,1.515,1.682,1.862,2.171,2.329,2.533,2.706,2.899,3.085,3.289,3.468,3.649,3.800,3.983,4.188,4.356,4.455,4.608,4.900,5.066,5.240,5.427,5.606,5.782,5.955,
1,127,0.048,0.223,0.396,0.575,0.776,0.971,1.172,1.365,1.510,1.677,1.945,2.183,2.375,2.583,2.791,3.011,3.210,
1,128,0.037,0.228,0.396,0.720,0.911,1.100,1.289,1.484,1.654,1.838,2.024,2.203,2.480,2.654,2.841,3.038,3.225,3.409,3.579,3.769,3.963,4.143,4.333,4.519,4.686,4.888,5.090,5.273,5.466,
1,129,0.062,0.214,0.400,0.592,0.776,0.956,1.146,1.318,1.520,1.720,1.912,2.110,2.307,2.471,2.704,2.890,3.084,3.277,3.452,3.646,3.854,4.065,4.248,4.435,4.638,4.813,4.999,5.191,5.327,5.722,5.914,
1,130,0.212,0.438,0.721,0.907,1.058,1.308,1.478,1.617,1.857,2.042,2.212,2.395,2.581,2.809,2.981,3.200,3.392,
1,131,0.214,0.413,0.600,0.779,0.972,1.095,1.353,1.576,1.790,2.001,2.166,2.363,2.562,2.742,2.944,3.169,3.363,
1,132,0.185,0.375,0.595,0.802,1.021,1.204,1.395,1.588,1.772,1.966,2.155,2.335,2.525,2.725,2.916,3.112,3.310,
1,133,0.169,0.355,0.518,0.711,
1,134,0.033,0.234,0.420,0.608,0.791,0.959,
1,135,0.196,0.390,0.556,0.743,0.935,1.102,1.293,1.566,1.742,1.925,2.112,2.299,2.494,2.850,2.960,3.148,
1,136,0.191,0.393,0.558,0.732,0.893,1.107,
1,137,0.053,0.270,0.439,0.622,0.785,1.000,1.187,1.360,1.547,1.770,1.960,2.158,2.360,2.553,2.771,2.934,3.104,3.251,3.470,3.674,3.874,4.034,4.272,4.461,4.940,
1,138,0.076,0.277,0.466,0.652,0.831,1.022,1.217,1.399,1.555,1.730,1.915,2.107,2.303,2.490,2.698,2.900,3.087,3.276,3.446,3.650,3.917,4.117,4.326,4.517,4.706,4.901,5.083,5.287,5.469,5.653,5.846,6.064,
