0,1,0.243,0.465,0.678,0.909,1.147,1.397,1.601,1.838,2.077,2.313,2.542,2.733,2.919,3.148,3.376,3.607,3.873,4.168,4.398,4.648,4.853,5.106,5.365,5.612,5.861,6.124,6.375,6.616,6.869,7.112,7.359,7.595,7.845,8.065,8.328,8.593,8.836,9.094,9.340,9.591,9.843,10.086,
0,1,0.116,0.307,0.533,0.798,1.018,1.268,1.519,1.743,1.968,2.201,2.434,2.679,2.918,3.155,3.386,3.617,3.861,4.093,4.319,4.549,4.787,5.065,5.307,5.530,5.771,6.021,6.249,6.484,6.723,6.967,7.211,7.456,7.692,7.940,8.174,8.405,8.642,8.889,9.113,9.356,9.598,9.826,10.070,10.356,
0,1,0.204,0.486,0.724,0.955,1.212,1.438,1.695,2.035,2.237,2.498,
0,1,0.089,0.305,0.536,
2,1,0.146,0.278,0.519,0.763,1.023,1.263,1.513,1.775,2.053,2.313,2.546,2.779,3.014,3.227,3.468,3.711,3.954,4.202,4.437,4.687,4.927,5.170,5.413,5.648,5.899,
2,2,0.091,0.315,0.523,0.740,0.973,1.187,1.425,1.650,1.900,2.108,2.333,2.527,2.741,2.952,3.171,3.399,3.613,3.868,4.087,4.298,4.538,4.768,4.970,5.178,5.347,
2,3,0.200,0.428,0.656,0.888,1.138,1.362,1.582,1.859,2.120,2.345,2.571,2.792,3.034,3.276,
2,4,0.034,0.264,0.490,0.718,0.978,1.223,1.466,1.699,1.937,2.177,2.413,2.661,2.898,3.127,3.370,3.619,3.846,4.069,4.315,4.550,4.788,5.023,5.252,5.485,5.715,5.936,6.180,6.418,6.677,6.900,
2,5,0.052,0.266,0.516,0.766,0.980,1.219,1.427,1.662,1.900,2.122,2.350,2.590,2.833,3.064,3.294,
2,6,0.039,0.251,0.480,0.709,0.948,1.171,1.412,1.640,1.857,2.086,2.318,2.548,2.774,3.024,3.274,3.494,3.733,3.957,4.197,4.423,4.650,4.873,5.086,5.334,5.552,5.775,5.968,6.176,6.392,
2,7,0.232,0.478,0.708,0.948,1.186,1.427,1.672,1.939,2.185,2.432,2.682,2.922,3.173,3.418,3.666,3.913,4.176,4.412,4.642,4.901,5.135,5.366,5.597,5.838,6.085,6.327,6.565,6.802,7.026,7.247,
2,8,0.101,0.352,0.563,0.784,0.990,1.278,1.531,1.789,2.055,2.319,2.566,2.834,3.109,3.377,3.640,3.890,4.140,4.376,4.601,4.864,5.121,5.390,5.654,5.937,
2,9,0.035,0.268,0.518,0.752,0.980,1.228,1.454,1.705,1.968,2.198,2.434,2.660,2.886,3.118,3.370,
2,10,0.205,0.441,0.686,0.909,1.149,1.399,1.575,1.798,2.016,2.267,2.517,2.767,3.020,3.289,
2,11,0.144,0.374,0.600,0.844,1.091,
2,12,0.141,0.385,0.618,0.869,1.112,1.342,1.584,1.847,2.100,2.340,2.592,2.863,3.115,3.358,3.615,3.861,4.103,4.368,4.613,4.859,5.116,5.366,5.626,5.888,
2,13,0.150,0.403,0.650,0.872,1.119,1.355,1.617,1.870,2.117,2.376,2.634,2.889,3.146,3.384,3.623,3.859,4.106,4.342,4.573,4.806,5.046,5.295,5.541,5.818,6.075,6.333,6.580,6.845,7.098,7.333,7.569,
2,14,0.213,0.467,0.715,0.956,1.189,1.422,1.669,1.905,2.157,2.412,2.655,2.919,3.153,3.403,3.643,3.872,4.110,4.355,4.594,4.833,5.086,5.334,5.574,5.824,6.075,6.310,6.582,6.830,
2,15,0.087,0.321,0.573,0.829,1.064,1.289,1.535,1.775,
2,16,0.097,0.320,0.548,0.783,1.038,
2,17,0.144,0.363,0.596,0.845,1.082,
2,18,0.143,0.393,
2,19,0.059,0.281,0.523,0.767,0.998,1.238,1.493,1.730,1.984,2.249,2.476,2.731,2.968,3.205,3.445,3.688,3.949,4.208,4.475,4.734,4.972,5.196,5.414,5.613,
2,20,0.073,0.314,0.581,0.832,1.064,1.302,1.557,1.802,2.050,2.310,2.548,2.810,3.060,3.301,3.541,3.779,4.022,4.237,4.485,4.736,4.976,5.248,5.493,5.748,6.020,6.249,6.496,6.719,6.947,7.154,7.373,7.544,7.683,
2,21,0.088,0.337,0.604,0.866,1.124,1.388,1.638,1.891,2.142,2.388,2.638,2.875,3.118,3.401,3.639,3.898,4.161,4.434,4.703,4.978,5.245,5.496,5.773,6.023,6.274,6.524,6.774,7.024,7.274,7.527,7.774,
2,22,0.116,0.365,0.607,0.852,1.107,1.375,1.617,1.873,2.134,2.401,2.664,2.919,3.193,3.453,3.720,3.973,4.223,4.492,4.734,4.993,5.240,5.519,5.769,6.019,6.269,6.498,6.718,
2,23,0.080,0.331,0.658,0.889,1.151,1.384,1.621,1.851,2.099,2.337,2.599,2.846,3.102,3.355,
2,24,0.055,0.297,0.550,0.792,1.025,1.278,1.512,1.751,1.966,2.200,2.439,2.679,2.930,3.173,3.408,3.646,3.858,4.072,4.277,4.502,4.730,4.987,5.226,5.451,5.672,
2,25,0.081,0.315,0.521,0.704,0.912,1.117,1.347,1.591,1.825,2.060,2.274,2.510,2.706,2.923,3.144,3.338,3.558,3.780,4.011,4.215,4.425,4.644,4.842,5.045,5.247,
2,26,0.263,0.484,0.737,0.988,
2,27,0.072,0.326,0.596,0.833,1.095,1.360,1.615,1.873,2.142,2.375,2.609,2.871,3.123,3.364,3.609,3.852,4.102,4.330,4.580,4.833,5.068,5.305,5.537,5.760,5.976,6.200,6.397,6.576,
2,28,0.058,0.298,0.521,0.749,0.975,
2,29,0.083,0.314,0.540,0.772,1.030,1.261,1.495,1.730,
2,30,0.231,0.478,0.711,0.949,1.190,1.430,1.663,1.906,2.161,2.399,2.625,2.858,3.096,3.341,
2,31,0.038,0.271,0.482,0.713,0.946,1.186,1.436,1.672,
2,32,0.248,0.467,0.700,0.948,1.187,1.426,1.649,1.860,2.097,2.352,2.580,2.785,2.997,3.240,3.478,3.721,3.968,4.224,4.486,4.736,4.991,5.233,5.465,5.710,5.960,6.207,6.455,6.701,6.953,7.205,7.466,7.721,7.975,8.228,8.469,8.720,8.962,9.174,
2,33,0.205,0.458,0.691,
2,34,0.041,0.292,0.518,0.734,0.984,1.250,1.485,1.725,1.963,2.228,2.475,2.740,2.964,3.202,3.449,3.696,3.942,4.179,4.417,4.647,4.906,5.136,5.353,
2,35,0.182,0.418,0.653,0.913,
2,36,0.106,0.388,0.645,0.897,1.160,1.427,1.670,1.940,2.211,2.489,2.752,3.023,3.273,
2,37,0.269,0.523,0.800,1.046,1.267,1.517,1.736,1.979,2.209,2.435,2.685,2.950,3.197,3.426,3.646,3.901,4.135,4.365,4.594,4.844,5.070,5.299,5.525,5.750,5.975,
2,38,0.041,0.277,0.531,0.791,1.034,1.291,1.525,1.775,
2,39,0.032,0.277,0.515,
2,40,0.179,0.419,0.650,0.873,1.111,1.352,1.582,1.824,2.073,2.350,2.600,2.828,3.073,3.305,3.540,3.790,4.032,4.271,4.533,4.772,5.028,5.268,5.429,
2,41,0.108,0.353,0.608,0.858,1.082,1.302,1.530,1.783,2.027,2.273,2.524,2.751,3.024,3.230,3.454,3.691,3.930,4.148,4.409,4.651,4.898,5.142,5.373,5.621,5.853,6.074,6.331,6.548,
2,42,0.143,0.393,0.643,0.893,1.144,1.394,1.627,1.870,
2,43,0.201,0.459,0.694,0.933,1.171,1.424,1.688,1.935,2.172,2.419,2.652,2.876,3.111,3.354,3.575,3.815,4.039,4.277,4.524,4.736,4.960,5.177,5.420,5.645,5.860,6.059,
2,44,0.038,0.324,0.545,0.789,1.032,1.278,1.492,1.720,1.949,2.184,2.424,2.659,2.922,3.164,3.403,3.621,3.859,4.073,4.279,4.483,4.675,4.824,5.032,
2,45,0.036,0.276,0.465,0.714,0.935,1.150,1.390,1.601,1.836,2.057,2.274,2.490,2.719,2.947,3.190,3.454,3.682,3.940,4.166,4.388,4.594,4.796,5.002,5.198,5.413,5.612,5.828,
2,46,0.152,0.392,0.602,0.825,1.056,1.279,1.546,1.779,
2,47,0.201,0.448,0.658,0.898,1.148,1.408,1.666,
2,48,0.100,0.356,0.592,0.836,1.075,1.313,1.561,1.835,2.095,2.333,2.579,2.840,3.081,3.316,3.552,3.785,3.999,4.222,4.404,4.626,4.832,5.057,5.295,5.518,5.727,5.910,
2,49,0.213,0.407,0.581,0.782,
2,50,0.065,0.276,0.476,
2,51,0.194,0.400,0.582,0.776,0.981,1.187,1.400,1.588,1.782,1.977,2.176,2.363,2.554,2.739,2.948,3.144,3.339,
2,52,0.497,0.674,
2,53,0.043,0.235,0.430,0.607,0.792,0.967,1.151,1.317,1.497,1.680,1.887,2.062,2.249,2.443,2.652,2.859,3.072,3.271,3.442,3.627,3.840,4.025,
2,54,0.201,0.420,0.615,
2,55,0.077,0.282,0.461,0.657,0.836,
2,56,0.145,0.315,0.479,0.649,0.828,1.029,1.197,1.370,1.565,1.745,1.940,2.146,2.318,2.516,2.705,2.900,3.092,3.288,3.498,3.706,3.871,4.048,4.201,
2,57,0.030,0.228,0.431,0.647,0.844,1.034,1.242,
2,58,0.086,0.285,0.480,0.687,0.899,1.104,1.315,1.521,1.732,1.939,2.164,2.388,2.594,2.808,3.022,3.235,3.425,3.614,3.794,3.974,4.158,4.304,4.462,4.617,4.772,4.893,
2,59,0.170,0.396,0.570,
2,60,0.119,0.326,0.525,0.714,0.921,1.142,1.356,1.582,1.801,
2,61,0.228,0.437,0.653,0.854,1.056,1.237,1.469,1.665,1.870,2.061,2.292,2.534,2.772,2.992,3.193,3.392,3.596,3.790,4.002,4.215,4.436,4.655,4.873,5.106,5.335,5.558,5.759,5.956,6.143,
2,62,0.208,0.411,0.649,0.844,1.069,1.281,1.500,1.714,1.927,2.150,2.359,2.568,2.771,2.977,3.178,3.389,3.596,3.804,4.018,4.203,4.401,4.567,
2,63,0.209,0.403,0.626,0.816,1.039,1.267,1.476,1.721,1.947,2.173,2.368,2.584,2.794,3.018,3.222,3.440,3.639,3.854,4.091,4.307,4.522,4.745,4.953,5.162,5.376,5.580,5.789,5.969,6.188,6.386,
2,64,0.252,0.451,0.649,0.860,1.061,1.276,1.473,1.687,1.900,2.087,2.301,2.527,2.746,2.959,3.182,3.410,3.740,3.990,4.186,4.406,4.635,4.863,5.088,5.312,5.536,5.769,5.942,
2,65,0.126,0.336,0.551,0.760,0.981,1.198,1.394,1.627,1.820,2.020,
2,66,0.206,0.425,0.641,0.843,1.046,1.237,1.448,1.654,1.861,2.067,2.275,2.466,2.671,2.892,3.087,3.297,3.499,3.726,3.934,4.164,4.371,4.605,4.825,5.026,5.264,5.471,5.697,5.955,6.192,6.418,6.644,6.894,7.091,7.314,7.517,7.728,7.938,8.166,8.398,8.621,8.822,8.990,9.177,
2,67,0.050,0.226,0.420,0.615,0.807,0.999,1.193,1.401,1.634,1.844,2.061,2.292,2.478,2.699,2.891,3.113,3.291,3.519,3.716,3.944,4.162,4.364,4.585,4.801,5.038,5.270,5.441,5.636,5.811,
2,68,0.191,0.402,0.584,
2,69,0.194,0.395,0.588,0.763,0.962,1.157,1.356,1.557,1.761,1.953,2.152,2.371,2.573,2.776,2.978,3.182,
2,70,0.076,0.282,0.490,0.698,0.901,1.094,1.298,1.501,1.700,1.901,2.098,2.301,2.488,2.687,2.895,3.095,3.308,3.512,3.692,3.896,4.087,4.286,4.489,4.690,4.863,5.013,
2,71,0.073,0.289,0.491,0.670,0.870,1.073,1.268,1.484,1.705,1.919,2.135,2.351,2.555,2.768,2.948,3.161,3.352,3.549,3.751,3.943,4.136,4.328,4.522,4.685,4.855,
2,72,0.036,0.263,0.467,0.671,0.873,1.074,1.285,1.513,1.733,1.951,2.179,2.409,2.647,2.838,3.058,3.274,3.500,3.724,3.952,4.185,4.425,4.624,4.832,5.046,5.246,5.465,5.698,5.899,6.114,6.399,6.617,6.815,7.034,7.266,7.483,7.696,
2,73,0.084,0.300,0.521,0.711,0.923,1.119,1.330,1.536,1.750,1.973,2.170,2.371,2.573,2.772,2.973,3.188,
2,74,0.156,0.354,0.571,
2,75,0.029,0.246,0.474,0.688,0.907,1.120,1.330,1.533,1.721,1.926,
2,76,0.041,0.244,0.450,0.651,0.873,1.096,1.310,1.504,1.727,1.943,2.148,2.339,2.538,2.772,2.973,3.198,3.400,3.615,3.841,4.059,4.272,4.477,4.686,4.889,5.105,5.329,5.526,5.703,
2,77,0.112,0.323,0.520,0.721,0.912,1.120,1.335,1.560,1.777,1.982,2.197,2.387,2.601,2.825,3.043,3.245,3.446,3.650,3.844,4.057,4.272,4.441,4.642,4.831,5.034,5.225,5.389,5.526,5.738,5.908,
2,78,0.116,0.339,0.556,0.776,0.993,1.210,1.427,1.660,1.898,2.081,2.321,2.542,2.772,2.986,3.204,
2,79,0.042,0.260,0.471,0.681,0.904,1.144,1.372,1.599,1.809,2.011,2.208,2.417,2.645,2.856,3.072,3.278,3.512,3.714,3.942,4.145,4.325,4.512,4.728,4.942,5.146,5.366,5.591,5.814,6.056,6.289,6.479,6.708,6.943,7.147,
2,80,0.132,0.337,0.528,0.715,0.911,1.099,1.308,1.516,1.709,1.914,2.108,2.323,2.541,2.767,2.993,3.224,3.445,3.656,3.852,4.061,4.271,4.489,4.709,4.933,5.134,5.285,5.460,5.625,
2,81,0.150,0.333,0.517,0.718,0.933,1.127,1.336,1.552,1.749,
2,82,0.034,0.267,0.459,
2,83,0.114,0.333,0.562,0.775,0.987,1.213,1.474,1.731,1.960,2.205,2.438,2.646,2.835,3.038,3.226,3.429,3.643,3.862,4.078,4.301,4.524,4.741,4.960,5.195,5.447,
2,84,0.263,0.481,0.676,0.897,1.014,
2,85,0.035,0.248,0.464,0.681,0.899,1.099,1.327,1.548,1.766,1.983,2.206,2.407,2.612,2.811,3.020,3.217,3.417,3.622,3.840,4.063,4.279,4.481,4.685,4.898,5.076,5.248,5.440,5.639,5.846,6.047,6.218,
2,86,0.031,0.207,0.377,0.581,0.775,0.940,1.149,1.359,1.569,1.766,2.016,2.210,2.424,2.649,2.857,3.082,3.273,3.500,3.724,3.945,4.160,4.400,4.610,4.816,5.037,5.251,5.471,5.681,5.892,6.112,6.329,6.530,6.720,6.973,
2,87,0.191,0.417,0.619,
2,88,0.158,0.391,0.594,0.827,1.042,1.270,1.525,1.744,1.965,2.181,2.392,2.557,2.773,2.992,3.221,3.446,3.605,3.818,4.001,4.160,
2,89,0.167,0.372,0.593,0.800,1.016,1.234,1.443,1.675,1.906,2.124,2.354,2.579,2.819,3.051,3.279,3.527,3.723,3.941,4.160,4.384,4.592,4.812,5.045,5.240,5.426,5.635,5.832,
2,90,0.211,0.432,0.643,0.849,1.051,1.269,1.485,1.706,1.925,2.155,2.370,2.574,2.799,3.027,3.270,3.476,3.685,3.903,4.137,4.346,4.567,4.790,5.021,5.229,5.424,5.581,
2,91,0.271,0.494,
2,92,0.163,0.395,
2,93,0.147,0.351,0.572,0.792,1.027,
2,94,0.200,0.448,0.652,0.861,1.275,1.475,1.667,1.847,2.049,2.276,2.479,2.692,2.922,3.140,3.350,3.564,3.777,3.998,4.209,4.430,4.637,4.854,5.069,5.285,5.485,5.646,
2,95,0.111,0.339,0.559,0.784,0.990,1.216,1.425,1.641,1.862,2.076,2.304,2.550,2.775,2.958,3.159,3.374,3.583,3.788,4.009,4.215,4.406,4.595,4.808,4.976,5.182,5.393,
2,96,0.229,0.446,0.684,0.903,
2,97,0.097,0.335,0.558,0.766,1.013,1.215,1.436,1.646,
2,98,0.196,0.403,0.600,0.806,1.041,1.279,1.498,1.734,1.981,2.202,2.420,2.610,2.809,2.980,3.178,3.358,3.564,3.980,4.171,4.373,4.608,4.813,5.033,5.245,5.483,5.687,5.849,
2,99,0.158,0.355,0.573,0.807,1.045,1.254,1.520,1.749,2.021,2.229,2.475,2.708,2.912,3.144,3.355,3.575,3.815,4.054,4.279,4.467,4.668,4.889,5.110,5.312,5.522,5.704,5.933,6.110,6.276,
2,100,0.069,0.292,0.517,0.742,0.977,1.220,1.480,1.732,1.951,2.187,2.415,2.654,2.902,3.148,3.398,3.622,3.848,4.096,4.346,4.562,4.802,5.022,5.200,5.416,
2,101,0.064,0.302,0.531,0.750,0.975,
2,102,0.024,0.244,0.470,0.704,0.936,1.195,1.419,1.675,1.926,2.172,2.414,2.649,2.896,3.149,3.393,3.643,3.859,4.095,4.335,4.556,4.923,5.156,5.348,5.536,
2,103,0.174,0.407,0.640,0.869,1.085,1.313,1.568,1.777,1.994,2.209,2.445,2.677,2.903,3.141,3.365,3.588,3.789,4.025,4.232,4.455,4.642,4.859,5.070,5.240,
2,104,0.229,0.464,0.704,0.917,1.168,1.407,1.651,1.865,2.103,2.329,2.562,2.804,3.018,3.241,
2,105,0.141,0.348,0.572,0.819,1.025,1.252,1.480,1.708,1.934,
2,106,0.105,0.336,0.576,0.815,1.084,1.312,1.538,1.773,
2,107,0.084,0.327,0.565,0.818,1.046,1.284,1.519,1.769,1.996,2.228,2.459,2.699,2.922,3.144,
2,108,0.150,0.361,0.591,0.832,1.075,1.305,1.541,1.789,2.017,2.225,2.450,2.675,2.916,3.134,
2,109,0.152,0.400,0.597,0.825,1.058,1.308,1.563,1.804,2.066,2.294,2.537,2.774,3.017,3.224,3.452,3.693,3.916,4.154,4.371,4.579,4.768,4.951,
2,110,0.034,0.271,0.484,0.702,0.918,1.119,1.297,1.485,1.635,1.885,2.104,2.272,2.519,2.721,2.927,3.145,3.352,3.595,3.825,4.088,4.335,4.542,4.777,4.993,5.150,
2,111,0.159,0.374,0.603,0.835,1.064,1.278,1.495,1.747,
2,112,0.246,0.494,0.726,0.960,1.215,1.474,1.732,1.958,2.188,2.439,2.682,2.927,3.188,3.436,3.665,3.905,4.139,4.389,4.603,
2,113,0.221,0.452,0.702,0.936,1.161,1.361,1.601,1.809,2.024,2.268,2.477,2.693,2.924,3.152,3.369,3.589,3.822,4.059,4.291,4.519,4.721,
2,114,0.032,0.251,0.477,0.713,0.936,1.156,1.399,1.612,1.817,2.050,2.252,2.463,2.686,2.914,3.150,3.362,3.571,3.818,4.039,4.251,
2,115,0.095,0.317,0.545,0.799,1.038,1.266,1.500,1.732,1.981,2.239,2.477,2.707,2.942,3.182,3.423,3.621,3.823,
2,116,0.477,0.644,0.831,1.028,1.261,1.490,1.723,1.970,2.179,2.398,2.603,2.812,3.061,3.285,3.515,3.731,3.967,4.202,4.435,4.658,4.867,5.085,5.302,5.479,5.688,5.844,6.032,6.216,6.406,6.571,
2,117,0.140,0.368,0.567,0.946,1.204,1.427,1.650,1.867,
2,118,0.046,0.276,0.523,0.736,0.969,
2,119,0.179,0.429,0.653,0.900,1.133,1.369,1.622,1.862,2.090,2.348,2.585,2.828,3.076,3.326,
2,120,0.140,0.369,0.585,0.813,1.031,
2,121,0.209,0.451,0.682,0.928,1.165,
2,122,0.206,0.400,0.610,
2,123,0.041,0.272,0.491,0.717,0.947,1.189,1.413,1.639,1.889,2.125,2.339,2.562,2.788,3.002,3.229,3.458,3.689,3.910,4.124,4.340,4.579,4.806,5.024,
2,124,0.199,0.437,0.650,0.840,1.051,
2,125,0.032,0.280,0.526,0.766,1.022,1.278,1.523,1.766,2.016,2.266,2.502,2.736,2.959,3.175,3.400,3.615,3.843,
2,126,0.188,0.434,0.669,0.908,1.140,1.390,1.641,1.877,2.121,2.340,2.573,2.824,3.075,3.302,3.492,
2,127,0.230,0.449,0.667,0.917,1.136,1.400,1.603,1.828,2.079,2.326,2.564,2.794,3.030,3.279,
2,128,0.085,0.328,0.545,0.770,0.976,1.199,1.435,1.655,1.891,2.121,2.352,2.597,2.828,3.052,3.288,3.522,3.772,4.022,4.222,
2,129,0.079,0.350,0.580,0.823,1.063,1.323,1.588,1.812,2.036,2.271,2.517,2.744,2.977,3.210,3.411,
2,130,0.139,0.389,0.605,0.821,1.036,1.331,1.562,1.788,
2,131,0.191,0.449,0.684,0.920,1.165,1.407,1.670,
2,132,0.169,0.412,0.645,0.895,1.145,1.359,1.588,1.826,2.034,2.263,2.489,2.734,2.950,3.191,
2,133,0.039,0.279,0.529,0.773,1.023,
2,134,0.186,0.436,0.684,0.953,1.216,1.478,1.729,1.988,2.236,2.468,2.711,2.979,3.207,3.430,3.667,3.909,
2,135,0.025,0.231,0.456,0.701,0.939,1.201,1.432,1.646,1.874,2.105,2.338,2.580,2.821,3.078,3.302,3.542,3.787,4.013,4.213,
2,136,0.068,0.299,0.515,0.731,0.959,1.211,1.440,1.678,1.916,2.169,2.416,2.666,2.903,3.150,3.364,
2,137,0.113,0.361,0.587,
2,138,0.214,0.429,0.648,0.871,1.097,1.314,1.527,1.765,1.972,2.192,2.423,2.649,2.875,3.096,3.322,3.557,3.730,3.939,4.149,4.308,4.480,4.669,4.875,5.090,5.277,5.466,5.664,5.840,
2,139,0.075,0.350,0.570,0.798,1.027,
2,140,0.069,0.284,0.520,0.767,0.986,
2,141,0.121,0.349,0.568,0.818,1.068,1.298,1.539,1.786,
2,142,0.085,0.330,0.558,
2,143,0.044,0.242,0.455,0.655,0.870,1.091,1.310,1.528,1.745,1.983,2.228,2.453,2.706,2.938,3.180,
2,144,0.038,0.271,0.495,0.719,0.937,1.174,1.398,1.622,1.858,2.091,2.301,2.535,2.773,3.002,3.203,3.404,3.579,
2,145,0.201,0.432,0.678,0.920,1.165,1.425,1.668,1.911,
2,146,0.244,0.497,0.744,0.978,1.240,1.500,1.748,1.993,2.236,2.496,2.731,2.953,
2,147,0.053,0.295,0.526,
2,148,0.046,0.283,0.543,0.790,1.036,1.275,1.525,1.745,1.980,2.202,2.427,2.682,2.912,3.083,
2,149,0.092,0.326,0.567,0.814,1.062,1.319,1.564,1.799,2.033,2.250,2.499,2.720,2.922,3.116,3.330,3.541,3.739,3.937,4.189,4.395,4.576,
2,150,0.033,0.282,0.510,0.737,0.969,1.237,1.485,1.723,1.965,2.223,2.490,2.740,2.976,3.209,3.442,3.680,3.920,4.160,4.406,4.652,4.906,5.146,5.330,
2,151,0.193,0.417,0.650,0.835,1.060,1.293,1.526,1.743,1.966,
2,152,0.101,0.347,0.563,0.784,1.000,
2,153,0.244,0.477,0.703,0.933,1.163,1.399,1.649,1.870,2.080,
3,1,0.148,0.373,0.604,0.837,1.077,1.298,1.523,1.746,1.979,2.199,2.425,2.657,2.886,3.106,
3,2,0.186,0.394,
3,3,0.117,0.330,0.539,0.749,0.996,1.229,1.450,1.680,1.924,
3,4,0.171,0.370,0.589,0.831,1.063,1.297,1.518,1.744,
3,5,0.180,0.406,0.650,0.872,1.095,1.307,1.518,1.723,1.940,2.171,2.394,2.613,2.832,3.051,3.275,3.493,3.722,3.931,4.118,4.281,4.456,
3,6,0.209,0.430,0.650,0.896,1.146,1.350,1.567,1.805,2.035,2.263,2.478,2.733,2.971,3.193,
3,7,0.175,0.400,0.640,0.861,1.096,1.327,1.555,1.781,1.999,2.243,2.483,2.722,2.935,3.158,3.388,3.571,
3,8,0.163,0.372,0.617,0.851,1.079,1.305,1.547,1.785,2.018,2.250,2.485,2.724,2.963,3.209,3.426,3.622,
3,9,0.108,0.338,0.557,0.761,0.985,1.212,1.456,1.689,1.927,2.160,2.364,2.570,2.798,3.021,3.192,3.432,3.612,3.794,
3,10,0.121,0.337,0.553,
3,11,0.123,0.347,0.572,0.794,1.026,1.264,1.475,1.704,1.939,2.170,2.405,2.648,2.858,3.074,3.265,3.448,3.649,
3,12,0.102,0.333,0.554,0.767,0.968,
3,13,0.118,0.342,0.566,0.784,1.015,1.248,1.491,1.704,1.913,2.148,2.363,2.589,2.807,3.022,3.243,3.470,
3,14,0.161,0.373,0.608,0.851,1.096,1.337,1.574,1.828,2.051,2.266,2.496,2.722,2.933,3.146,3.356,3.573,3.772,
3,15,0.183,0.417,0.666,0.909,1.146,1.370,1.602,1.845,2.072,2.310,2.549,2.780,3.024,3.245,3.463,3.667,
3,16,0.211,0.440,0.672,0.905,1.151,1.377,1.615,1.845,2.088,2.321,2.549,2.775,2.998,3.223,3.438,3.676,3.912,4.146,
3,17,0.205,0.439,0.684,0.936,1.167,1.401,1.621,1.862,2.096,2.308,2.536,2.779,3.015,3.247,3.476,3.717,3.952,4.207,4.442,4.671,4.906,5.149,5.359,5.582,5.798,6.019,6.238,6.449,6.665,6.872,7.093,7.321,7.554,7.789,8.029,8.267,8.489,8.724,8.945,9.166,9.389,
3,18,0.114,0.340,0.566,0.807,1.046,1.284,1.520,1.752,1.984,2.237,2.482,2.718,2.954,3.191,3.426,3.659,3.904,4.164,4.398,4.648,4.898,5.148,
3,19,0.265,0.495,0.735,0.985,1.197,1.441,1.667,1.973,
3,20,0.037,0.275,0.492,0.725,0.974,1.240,1.463,1.710,1.934,2.182,2.434,2.684,2.930,3.153,3.375,
3,21,0.189,0.403,0.614,0.856,1.094,1.305,1.517,1.767,1.988,2.214,2.440,2.685,2.918,3.134,
3,22,0.199,0.405,0.650,0.860,
3,23,0.089,0.347,0.581,0.800,1.040,1.272,1.501,1.745,1.971,2.205,2.436,2.661,2.889,3.140,3.390,
3,24,0.094,0.315,0.537,0.725,0.925,1.150,1.342,1.578,1.806,
3,25,0.091,0.312,0.547,0.761,0.973,
3,26,0.235,0.448,0.683,0.923,1.147,1.392,1.625,1.870,
3,27,0.151,0.358,0.589,0.802,1.035,1.268,1.497,1.703,1.909,2.126,2.357,2.563,2.769,2.991,3.204,3.435,3.677,3.896,4.108,4.331,4.572,4.792,4.998,5.207,5.410,5.601,5.814,
3,28,0.187,0.417,0.639,0.889,1.114,1.329,1.559,1.795,2.023,2.235,2.466,2.683,2.890,3.110,3.364,
3,29,0.047,0.273,0.526,0.741,0.952,1.170,1.393,1.608,1.836,2.061,2.282,2.510,2.746,2.973,3.202,3.416,3.644,3.858,4.076,4.302,4.540,4.771,5.011,5.230,5.444,
3,30,0.203,0.422,0.624,0.837,1.059,
3,31,0.046,0.273,0.523,0.743,0.939,1.155,1.390,1.640,1.864,2.099,2.331,2.568,2.801,3.039,3.282,3.525,3.747,3.990,4.212,4.428,4.625,4.824,5.057,
3,32,0.032,0.266,0.491,0.740,0.970,1.204,1.466,1.703,1.956,2.199,2.451,2.673,2.900,3.110,3.355,3.593,3.826,4.057,4.300,4.540,4.768,4.963,5.175,
3,33,0.033,0.266,0.473,0.696,0.915,1.150,1.372,1.590,1.823,
3,34,0.100,0.327,0.549,
3,35,0.211,0.400,0.615,0.821,1.032,
3,36,0.135,0.385,0.604,0.810,1.025,
3,37,0.235,0.483,0.722,0.949,1.187,1.575,1.784,1.999,2.203,2.411,2.620,2.831,3.062,3.283,3.530,3.775,3.985,4.179,
3,38,0.185,0.409,
3,39,0.140,0.347,0.552,0.773,0.991,1.194,1.417,1.641,1.862,2.080,2.291,2.524,2.739,2.957,3.171,3.391,3.596,3.797,4.025,4.220,4.438,4.652,
3,40,0.206,0.448,0.666,0.873,1.104,
3,41,0.150,0.337,0.551,0.740,
3,42,0.192,0.407,
3,43,0.236,0.452,0.675,0.917,1.139,1.358,1.577,1.805,2.033,2.271,2.478,2.703,2.932,3.166,
3,44,0.113,0.335,0.539,0.745,0.979,1.191,1.400,1.614,1.833,2.054,2.272,2.484,2.705,2.918,3.166,3.389,3.621,3.914,4.146,4.363,4.570,
3,45,0.183,0.408,0.641,0.872,1.109,1.331,1.569,1.818,
3,46,0.148,0.369,0.593,0.831,1.057,1.281,1.515,1.737,1.955,2.171,2.419,2.649,2.873,3.095,3.323,3.541,3.766,3.977,
3,47,0.054,0.291,0.521,0.738,0.953,1.173,1.408,1.642,1.889,2.096,2.289,2.482,2.674,2.889,3.083,3.273,3.470,3.640,3.805,
3,48,0.221,0.439,0.663,0.904,1.150,1.401,1.608,1.828,2.046,2.282,2.502,2.718,2.917,3.116,3.337,3.550,3.781,4.002,4.216,
3,49,0.102,0.340,0.553,0.770,0.998,1.222,1.441,1.670,1.907,2.146,2.368,2.588,2.798,3.021,3.243,3.465,3.681,3.870,
3,50,0.066,0.300,0.521,0.749,0.965,1.184,1.402,1.624,1.861,2.094,2.335,2.563,2.788,3.019,3.240,3.453,3.655,3.854,4.073,4.270,
3,51,0.062,0.288,0.516,0.750,0.968,1.176,1.400,1.612,1.833,2.058,2.279,2.498,2.767,3.024,3.222,3.413,3.623,3.824,4.018,4.201,4.384,4.560,
3,52,0.107,0.341,0.554,0.778,1.025,1.245,1.460,1.652,1.866,2.076,2.295,2.526,2.737,2.967,3.189,3.414,
3,53,0.179,0.416,0.623,0.841,1.054,1.280,1.511,1.730,1.959,2.177,2.405,2.645,2.858,3.075,3.297,3.512,3.700,3.918,4.146,4.346,4.608,4.872,5.072,
3,54,0.081,0.309,0.501,0.718,0.922,1.126,1.305,1.514,1.723,1.947,2.160,2.374,2.599,2.823,3.049,3.269,3.491,3.707,3.923,4.143,4.367,4.597,4.830,5.047,5.261,5.485,5.717,5.934,6.159,6.394,6.613,6.821,7.045,7.265,7.488,7.704,7.934,8.163,8.371,8.570,8.776,8.988,9.202,9.413,9.625,9.836,10.031,10.210,10.400,10.589,10.763,10.941,11.147,11.341,11.538,11.740,
