0,1,0.174,0.425,0.646,0.816,1.146,1.341,1.525,1.742,1.991,2.217,2.432,2.647,2.853,3.079,3.314,3.542,3.774,3.995,4.197,4.429,4.654,4.898,5.122,5.341,5.541,5.747,5.983,6.206,6.432,6.649,6.858,7.087,7.320,7.535,7.766,7.969,8.184,8.410,8.621,8.826,9.037,9.267,9.489,9.693,9.907,10.109,10.355,
0,1,0.111,0.328,0.546,0.769,0.968,1.194,1.418,1.617,1.839,2.064,2.287,2.519,2.713,2.920,3.136,3.362,3.587,3.804,4.030,4.270,4.520,4.716,4.943,5.161,5.387,5.613,5.842,6.066,6.271,6.497,6.737,6.948,7.183,7.402,7.621,7.853,8.084,8.306,8.537,8.772,8.993,9.224,9.444,9.672,9.910,10.140,
0,1,0.225,0.433,0.650,0.885,1.114,1.351,1.571,
0,1,0.221,0.439,0.642,0.853,1.065,
2,1,0.107,0.357,0.591,0.805,1.023,1.242,1.453,1.671,1.897,2.118,2.349,2.592,2.833,3.058,3.298,3.536,3.764,3.989,4.214,4.440,4.677,4.918,5.160,5.398,5.655,5.870,6.109,
2,2,0.151,0.345,0.554,0.776,0.989,1.187,1.421,1.639,1.795,2.023,2.191,2.369,2.527,2.707,2.871,3.056,3.234,3.430,3.607,3.749,3.964,4.141,4.321,4.488,4.671,4.848,5.031,5.205,5.391,5.552,5.729,5.895,6.069,6.251,
2,3,0.177,0.400,0.536,0.726,0.922,1.092,1.282,1.467,1.665,1.859,2.044,2.251,2.448,2.644,2.826,3.017,3.193,3.401,3.572,3.768,3.985,4.155,4.349,
2,4,0.035,0.212,0.417,0.606,0.772,0.963,1.135,1.323,1.501,1.689,1.874,2.073,2.276,2.471,2.662,2.864,3.057,3.237,3.418,3.617,3.832,4.048,4.270,4.446,4.649,4.841,5.021,5.213,5.402,5.593,5.778,5.954,6.148,6.357,6.536,6.743,6.930,7.138,7.313,7.522,7.697,7.875,8.055,8.272,8.454,8.654,8.854,9.055,9.249,9.462,9.654,9.851,10.060,10.273,10.442,
2,5,0.033,0.229,0.419,0.619,0.808,1.013,1.206,1.412,1.598,1.794,1.998,2.194,2.397,2.590,2.801,3.014,3.182,3.398,3.594,3.802,4.027,4.230,4.430,4.648,4.858,5.065,5.282,5.481,5.686,5.906,6.119,6.330,6.526,6.736,6.947,7.156,7.366,7.576,7.789,7.990,8.215,8.444,8.650,8.859,9.076,9.289,9.490,9.713,9.899,10.114,10.322,10.538,10.768,10.974,11.192,11.412,11.617,11.845,12.045,12.240,12.449,12.657,12.846,13.061,13.282,13.492,13.697,13.913,14.124,
2,6,0.146,0.322,0.545,0.763,0.954,1.164,1.345,1.546,1.764,1.959,2.179,2.341,2.542,2.744,2.953,3.175,3.398,3.607,3.814,4.022,4.232,4.437,4.648,4.852,5.052,5.286,5.516,5.728,5.924,6.149,6.358,6.569,6.780,6.994,7.215,7.432,7.650,7.867,8.071,8.287,8.497,8.710,8.923,9.151,9.358,9.572,9.790,9.993,10.220,
2,7,0.098,0.314,0.536,0.747,0.929,1.147,1.312,1.495,1.689,1.862,2.040,2.227,
2,8,0.111,0.326,0.531,0.709,0.908,1.106,1.299,1.520,1.697,1.891,2.092,2.305,2.520,2.719,2.929,3.137,3.350,3.574,3.744,3.957,4.165,4.376,4.594,4.786,5.021,5.204,5.407,5.615,5.822,6.042,6.252,6.465,6.681,6.889,7.103,7.319,7.529,7.747,7.960,8.186,8.396,8.593,8.800,8.996,9.203,9.415,9.640,9.863,10.080,
2,9,0.142,0.317,0.526,0.692,0.875,1.067,1.246,1.417,1.613,1.787,1.984,2.163,2.353,2.546,2.724,2.907,3.098,3.304,3.487,3.676,3.877,4.072,4.278,
2,10,0.344,0.502,0.701,1.041,1.273,1.455,1.653,1.836,2.020,2.215,2.407,2.633,2.800,2.990,3.192,3.376,3.581,3.800,3.974,4.181,4.384,4.576,4.801,4.983,5.163,5.353,5.552,5.771,5.975,6.339,6.540,6.728,6.939,7.135,7.331,7.554,7.769,7.941,8.155,8.357,8.558,8.769,8.968,9.182,9.398,9.607,9.823,10.020,10.217,10.411,10.613,10.812,11.021,11.223,11.424,11.638,11.814,12.036,12.243,12.448,12.650,12.852,13.076,13.272,13.466,13.674,13.889,14.082,14.297,14.522,14.724,14.950,15.164,15.375,15.579,15.792,16.023,16.213,
2,11,0.275,0.472,0.661,0.850,1.031,1.226,1.426,1.599,1.782,1.975,2.154,2.352,2.521,2.714,2.904,3.079,3.249,3.437,3.645,3.822,4.015,4.236,
2,12,0.164,0.370,0.562,0.749,0.942,1.121,1.310,1.490,1.679,1.862,2.056,2.259,
2,13,0.060,0.282,0.483,0.673,0.860,1.054,1.246,1.443,1.634,1.836,2.035,2.229,
2,14,0.053,0.270,0.458,0.649,0.851,1.060,1.237,1.435,1.613,1.813,2.024,2.207,2.387,2.585,2.771,2.974,3.159,3.332,3.528,3.712,3.923,4.095,4.301,4.499,4.684,4.889,5.082,5.282,5.502,5.695,5.889,6.090,6.302,6.523,6.717,6.919,7.096,
2,15,0.054,0.261,0.449,0.654,0.843,1.047,1.227,1.417,1.603,1.793,1.986,2.177,
2,16,0.066,0.251,0.434,0.623,0.827,1.033,1.225,1.422,1.616,1.811,2.017,2.203,2.413,2.605,2.808,2.991,3.194,3.374,3.579,3.774,3.989,4.213,4.404,4.604,4.802,4.996,5.204,5.385,5.594,5.803,6.018,6.226,6.434,6.653,6.855,7.056,7.281,7.478,
2,17,0.184,0.389,0.579,0.772,0.975,1.179,1.389,1.609,1.817,2.023,2.226,2.435,2.640,2.832,3.043,3.239,3.435,
2,18,0.083,0.293,0.471,0.674,0.875,1.069,1.280,1.487,1.691,1.890,2.078,2.277,2.489,2.702,2.920,3.126,3.325,3.534,3.736,3.927,4.141,
2,19,0.042,0.252,0.441,0.649,0.822,1.016,1.219,1.414,1.615,1.820,2.020,2.227,2.442,2.622,2.823,3.029,3.234,3.435,3.650,3.864,4.064,4.267,4.469,4.678,4.876,5.077,5.305,5.497,5.715,5.917,6.111,
2,20,0.039,0.239,0.438,0.624,0.816,1.023,1.200,1.402,1.585,1.780,1.969,2.177,2.393,2.589,2.778,2.985,3.187,3.375,3.573,3.774,3.950,4.151,4.336,4.538,4.728,4.943,5.141,5.329,5.540,5.740,5.953,6.159,6.371,6.573,6.775,6.971,7.182,7.405,7.617,
2,21,0.110,0.310,0.525,0.704,0.892,1.075,1.266,1.461,1.655,1.855,2.073,2.283,2.479,2.675,2.868,3.059,3.252,3.458,3.675,3.894,4.092,4.295,4.502,4.701,4.894,5.095,5.277,5.490,5.686,5.894,
2,22,0.273,0.476,0.650,0.836,1.029,1.219,1.413,1.584,1.802,1.988,2.186,2.384,2.575,2.777,2.985,3.187,3.394,3.580,3.775,3.985,4.176,4.373,4.575,4.769,4.958,5.151,5.386,5.534,
2,23,0.116,0.304,0.518,0.701,0.885,1.065,1.242,1.437,1.635,1.830,2.029,2.236,
2,24,0.102,0.281,0.463,0.649,0.832,1.016,1.183,1.399,1.590,1.790,1.988,2.196,2.409,2.603,2.803,3.027,3.248,3.454,3.661,3.858,4.059,4.250,4.471,4.683,4.889,5.121,5.335,5.554,5.749,5.965,6.174,6.414,6.635,6.848,7.063,7.281,7.502,7.714,7.918,8.143,
2,25,0.150,0.351,0.548,0.748,0.948,1.167,1.367,1.577,1.774,1.979,2.173,2.377,2.585,2.787,2.988,3.198,3.416,3.622,3.852,4.055,4.268,4.483,4.683,4.885,5.087,5.308,5.534,5.769,5.975,6.184,
2,26,0.215,0.445,0.641,0.841,1.044,1.242,1.433,1.634,1.835,2.028,2.238,
2,27,0.181,0.394,0.593,0.798,1.026,1.245,1.449,1.652,1.852,2.078,2.292,2.488,2.710,2.915,3.145,3.356,3.569,3.777,3.997,4.203,
2,28,0.121,0.352,0.568,0.777,0.992,1.194,1.405,1.644,1.891,2.100,2.304,2.528,2.736,2.931,3.168,3.392,3.616,3.832,4.055,
2,29,0.270,0.465,0.677,0.868,1.062,1.270,1.452,1.670,1.871,2.045,2.290,2.521,2.718,2.929,3.127,3.357,3.590,3.796,4.021,4.227,4.465,4.699,4.915,5.139,5.339,5.559,5.795,6.022,6.226,6.439,6.656,6.864,7.076,7.290,7.523,7.716,7.911,8.107,8.291,8.657,8.890,9.071,9.274,9.432,9.641,9.813,10.034,
2,30,0.476,0.640,0.817,1.023,1.234,1.407,1.592,1.780,1.966,2.156,2.334,2.524,2.685,2.877,3.057,3.275,3.439,3.641,3.817,4.025,4.211,4.455,4.654,4.849,5.028,5.232,5.426,5.642,5.833,6.032,6.238,6.465,6.660,6.831,7.051,7.230,7.436,7.655,7.869,8.072,8.270,8.510,8.722,8.941,9.156,9.373,9.597,9.807,10.011,
2,31,0.067,0.266,0.456,0.659,0.848,1.058,1.249,1.466,1.656,1.831,2.026,2.249,2.442,2.650,2.849,3.055,3.282,3.517,3.717,3.918,4.141,4.336,4.545,4.745,4.962,5.218,5.426,5.635,5.924,
2,32,0.027,0.222,0.423,0.615,0.863,1.027,1.265,1.513,1.744,1.943,2.144,2.312,2.511,2.726,2.905,3.114,3.314,3.540,3.740,3.954,4.180,4.395,4.588,4.788,5.021,5.230,5.478,5.690,5.911,6.121,6.360,6.600,6.836,7.042,7.263,7.498,7.722,7.944,8.160,8.397,8.624,8.835,9.064,9.289,9.490,9.717,9.948,10.158,10.373,10.615,10.898,11.180,11.399,11.588,11.807,12.022,12.176,12.399,12.600,12.837,13.048,13.266,13.447,13.662,13.849,14.096,
2,33,0.219,0.442,0.636,0.869,1.086,1.309,1.526,1.741,1.946,2.165,2.395,2.620,2.827,3.035,3.270,3.479,3.683,3.913,4.168,4.394,4.624,4.827,5.056,5.284,5.476,5.738,5.945,6.160,6.392,6.610,6.853,7.044,7.282,7.470,
2,34,0.187,0.390,0.610,0.822,1.041,1.275,1.496,1.714,1.927,2.138,2.352,2.559,2.784,3.002,3.241,3.450,3.641,3.867,4.101,4.323,4.538,4.751,4.967,5.183,5.421,5.638,5.853,6.059,6.275,6.495,6.702,6.922,7.145,7.355,7.579,7.822,8.039,
2,35,0.206,0.422,0.625,0.798,1.017,1.207,1.410,1.606,1.802,2.017,2.183,2.416,2.623,2.824,3.050,3.419,3.687,3.871,4.159,4.366,4.590,4.819,5.019,5.218,5.425,5.654,5.867,6.102,6.331,6.562,6.789,
2,36,0.157,0.360,0.567,0.796,1.036,1.227,1.441,1.648,1.862,2.080,
2,37,0.266,0.446,0.669,0.873,1.087,1.269,1.495,1.680,1.903,2.085,2.304,2.517,2.720,2.920,3.143,3.353,3.561,3.789,4.017,4.241,4.438,4.701,4.889,5.121,5.354,5.589,5.810,6.022,6.244,6.461,6.674,6.904,7.135,7.353,7.566,7.789,
2,38,0.115,0.306,0.541,0.745,0.962,1.158,1.398,1.583,1.772,2.015,2.220,2.452,2.649,2.899,3.083,3.317,3.533,3.766,3.990,4.229,4.449,4.656,4.900,5.117,5.329,5.571,5.804,6.017,
2,39,0.226,0.424,0.623,0.808,1.016,1.200,1.403,1.590,1.809,2.024,2.200,2.426,2.650,2.854,3.074,3.280,3.501,3.698,3.916,4.134,4.384,4.574,4.785,4.996,5.208,5.446,5.674,5.885,6.088,6.272,6.500,6.740,6.972,7.193,7.400,7.620,7.854,8.064,8.302,8.520,8.740,8.974,9.221,9.462,9.712,9.912,10.137,
2,40,0.101,0.290,0.491,0.706,0.917,1.111,1.336,1.553,1.786,2.017,2.235,2.459,2.692,2.920,3.150,3.411,3.608,3.831,4.080,4.325,4.528,4.768,
2,41,0.221,0.444,0.668,0.875,1.087,1.307,1.539,1.743,1.957,2.206,2.423,2.652,2.857,3.052,3.295,3.525,3.768,3.974,4.201,4.445,4.665,4.885,
2,42,0.199,0.363,0.565,0.791,0.988,1.175,1.400,1.600,1.816,2.017,2.230,2.440,2.669,2.907,3.151,3.334,3.552,3.780,3.998,4.236,4.464,4.697,
2,43,0.182,0.391,0.584,0.801,1.029,1.234,1.452,1.661,1.884,2.082,2.302,2.528,2.768,3.001,3.189,3.397,3.614,3.860,4.088,4.315,4.546,4.779,5.026,5.269,5.519,5.733,5.965,6.238,6.459,6.702,6.945,7.188,7.430,7.656,7.875,8.115,8.357,8.573,8.813,9.072,9.322,9.556,9.789,10.028,10.272,10.472,10.751,10.988,11.225,11.436,11.681,11.909,12.127,12.389,12.611,12.862,13.080,13.312,13.527,13.773,13.993,14.243,
2,44,0.062,0.306,0.513,0.723,0.917,1.121,1.336,1.550,1.774,2.014,2.207,2.454,2.662,2.898,3.105,3.336,3.558,3.787,4.015,4.223,4.424,4.674,4.905,5.122,5.369,5.613,5.849,6.072,
2,45,0.142,0.322,0.538,0.769,0.966,1.177,1.399,1.611,1.835,2.061,2.298,2.527,2.760,2.991,3.212,3.423,3.653,3.909,4.144,4.394,4.605,4.832,5.062,5.290,5.497,5.736,6.001,6.278,6.523,6.716,6.977,7.197,7.469,7.690,7.930,8.167,8.411,8.622,8.877,9.111,9.353,9.605,9.850,10.094,10.360,10.604,10.839,11.049,11.298,11.534,11.746,11.995,12.229,12.436,12.619,12.898,13.098,13.321,13.552,13.765,14.015,14.229,14.456,14.696,14.914,15.149,15.399,15.604,15.845,16.072,
2,46,0.259,0.476,0.685,0.900,1.111,1.331,1.544,1.760,1.962,2.176,2.401,2.627,2.841,3.065,3.279,3.511,3.761,3.980,4.197,4.395,4.645,4.867,5.089,5.330,5.550,5.804,6.032,6.251,6.488,6.727,
2,47,0.169,0.406,0.658,0.852,1.092,1.307,1.532,1.770,1.972,2.202,2.437,2.671,2.891,3.141,3.359,3.599,3.805,4.021,4.251,
2,48,0.136,0.352,0.566,0.789,0.992,1.221,1.452,1.680,1.896,2.118,2.360,2.602,2.817,3.033,3.274,3.521,3.730,3.961,4.204,4.457,4.673,4.910,5.168,5.401,5.657,5.889,6.153,6.371,6.626,6.889,7.139,7.350,7.611,7.854,
2,49,0.203,0.420,0.636,0.855,1.080,1.292,1.483,1.705,1.939,2.151,2.375,2.613,2.822,3.062,3.317,3.637,3.970,4.154,4.364,4.548,4.714,4.904,5.060,
2,50,0.028,0.189,0.349,0.515,0.682,0.837,0.985,1.145,1.298,1.457,1.616,1.769,1.943,2.104,2.269,2.444,2.611,2.779,2.945,3.123,3.285,3.452,3.646,3.787,3.955,4.123,4.292,4.470,4.647,
2,51,0.174,0.340,0.516,0.679,0.859,1.043,1.253,1.414,1.593,1.780,1.966,2.150,2.316,2.501,2.680,2.865,3.046,3.228,3.418,3.607,3.797,3.985,4.185,4.373,4.560,4.745,4.941,5.145,5.332,5.525,5.715,5.915,6.122,6.320,6.522,6.714,6.929,7.113,7.311,7.519,7.708,7.912,8.102,8.296,8.485,8.697,8.907,9.104,9.305,9.520,
2,52,0.077,0.286,0.480,0.669,0.865,1.064,1.267,1.452,1.627,1.812,2.017,2.209,2.401,2.597,2.781,2.979,3.161,3.363,3.550,3.748,3.938,4.140,4.344,4.551,4.769,4.952,5.157,5.361,5.578,5.769,5.966,6.167,6.367,6.559,6.769,6.962,7.157,7.358,7.569,7.799,8.020,8.213,8.433,8.646,8.856,9.082,9.305,9.521,9.737,9.935,10.148,
2,53,0.144,0.342,0.555,0.731,0.935,1.141,1.318,1.495,1.678,1.853,2.034,2.201,
2,54,0.039,0.216,0.401,0.573,0.773,0.943,1.127,1.327,1.526,1.728,1.922,2.096,2.280,2.468,2.662,2.871,3.038,3.225,3.410,3.590,3.794,3.959,4.147,4.333,4.524,4.702,4.870,5.045,5.233,5.406,5.599,
2,55,0.116,0.302,0.491,0.668,0.866,1.064,1.274,1.457,1.644,1.842,2.038,2.237,2.441,2.654,2.850,3.042,3.275,3.485,3.691,3.914,4.125,4.336,4.541,4.728,4.914,5.085,5.276,5.466,5.665,5.871,6.062,6.276,6.454,6.653,6.856,7.072,7.284,7.510,7.725,
2,56,0.035,0.218,0.412,0.604,0.795,0.978,1.174,1.364,1.561,1.772,1.958,2.159,2.352,2.544,2.738,2.951,3.176,3.373,3.566,3.773,3.981,4.202,4.409,4.616,4.807,5.020,5.236,5.454,5.654,5.861,6.092,6.308,6.521,6.737,6.943,7.186,7.398,7.597,7.816,8.028,8.240,8.462,8.684,8.909,9.125,9.361,
2,57,0.068,0.280,0.463,0.664,0.896,1.078,1.293,1.495,1.707,1.903,2.111,2.314,2.528,2.746,2.961,3.172,3.415,3.648,3.898,4.085,4.306,4.501,4.724,4.925,5.148,5.343,5.565,5.769,5.964,6.198,6.430,6.649,6.854,7.082,7.308,7.526,7.744,7.956,8.153,8.371,8.593,8.820,9.052,9.270,9.517,9.714,9.944,10.195,10.445,10.676,10.913,11.155,11.387,11.614,11.852,12.089,
2,58,0.206,0.436,0.652,0.892,1.099,1.301,1.526,1.731,1.954,2.187,2.410,2.650,2.910,3.126,3.362,3.601,3.852,4.085,
2,59,0.126,0.323,0.527,0.744,0.965,1.180,1.401,1.610,1.814,2.039,2.268,2.482,2.698,2.919,3.152,3.385,3.587,3.798,4.051,4.269,4.493,4.723,4.948,5.190,5.418,5.645,5.896,6.127,
2,60,0.088,0.292,0.525,0.721,0.968,1.194,1.419,1.645,1.873,2.070,2.308,2.536,2.759,2.996,3.229,3.465,3.704,3.930,4.165,4.393,4.643,4.893,5.144,5.394,5.608,5.846,6.099,6.330,6.545,6.810,7.066,7.298,7.545,
2,61,0.032,0.235,0.431,0.649,0.823,1.027,1.213,1.400,1.594,1.811,2.017,2.236,2.437,2.650,2.850,3.042,3.292,3.468,3.717,3.906,4.116,4.354,4.576,4.800,4.994,5.240,5.465,5.689,5.909,6.135,6.349,6.576,6.801,7.029,7.228,7.454,7.694,7.928,8.178,8.403,8.620,8.846,9.106,9.344,
2,62,0.025,0.191,0.367,0.539,0.703,0.892,1.084,1.251,1.462,1.642,1.822,2.039,2.219,2.396,2.586,2.786,2.967,3.150,3.326,3.497,3.680,3.862,4.040,4.210,4.394,4.573,4.752,4.939,5.144,5.332,5.521,5.711,5.895,6.063,6.250,6.442,6.645,
2,63,0.040,0.226,0.401,0.578,0.740,0.901,1.073,1.267,1.445,1.634,1.804,2.001,2.178,2.357,2.542,2.735,2.918,3.135,3.306,3.528,3.737,3.938,4.157,4.367,4.551,4.769,4.981,5.186,5.398,5.603,
2,64,0.148,0.326,0.532,0.708,0.852,1.065,1.238,1.429,1.603,1.788,1.999,2.176,2.350,2.540,2.740,2.930,3.150,3.324,3.533,3.734,3.945,4.150,4.341,4.534,4.733,4.924,5.109,5.299,5.489,5.695,5.876,6.068,6.268,6.463,6.658,6.864,7.058,7.278,7.484,7.684,7.890,8.073,8.272,8.470,8.684,8.900,9.120,9.321,9.536,9.740,9.936,10.123,10.316,10.520,10.700,10.887,11.087,11.280,11.469,11.680,11.896,12.098,12.310,12.550,12.771,12.968,13.166,13.374,13.595,13.806,14.022,14.197,14.399,14.585,14.779,14.972,15.172,15.375,15.560,15.772,15.946,
2,65,0.092,0.283,0.466,0.654,0.819,0.986,1.182,1.531,1.727,1.928,2.123,2.324,2.525,2.718,2.904,3.108,3.310,3.508,3.711,3.914,4.142,4.329,4.526,4.714,4.924,5.143,5.342,5.551,5.764,5.970,6.190,
2,66,0.135,0.304,0.487,0.677,0.860,1.052,1.234,1.412,1.591,1.770,1.959,2.155,2.363,2.567,2.773,3.151,3.521,3.698,3.869,4.087,4.242,4.420,4.595,4.771,4.948,5.159,5.328,5.521,5.697,5.877,6.052,6.238,
2,67,0.190,0.354,0.519,0.688,0.859,1.022,1.191,1.361,1.550,1.723,1.903,2.070,2.247,2.421,2.615,2.784,2.957,3.136,3.332,3.524,3.686,3.886,4.062,4.267,4.450,4.651,4.819,5.001,5.198,5.384,5.587,5.788,5.973,6.155,6.347,6.552,6.732,6.925,7.119,7.304,7.486,7.672,7.868,8.056,8.241,8.446,8.639,8.841,9.034,
2,68,0.083,0.250,0.437,0.622,0.799,0.984,1.157,1.321,1.524,1.690,1.854,2.042,2.216,2.401,2.557,2.737,2.941,3.123,3.322,3.498,3.694,3.892,4.079,4.272,
2,69,0.146,0.345,0.540,0.725,0.919,1.109,1.307,1.513,1.686,1.874,2.089,2.273,2.459,2.647,2.829,3.000,3.191,3.401,3.622,3.820,4.018,4.209,4.401,4.648,4.842,5.032,5.229,5.448,5.667,5.903,6.126,
2,70,0.183,0.373,0.555,0.770,0.964,1.148,1.352,1.549,1.767,1.977,2.192,2.407,2.647,2.850,3.072,3.277,3.479,3.698,3.901,4.121,4.327,4.538,4.768,4.976,5.196,5.417,5.625,5.845,6.046,6.243,6.459,6.655,6.860,7.073,7.311,7.544,7.776,7.994,8.227,8.427,8.647,8.887,9.137,9.374,9.596,9.827,
2,71,0.124,0.330,0.564,0.774,0.955,1.168,1.370,1.607,1.841,2.034,2.252,2.445,2.648,2.859,3.091,3.293,3.525,3.710,3.907,4.123,4.330,4.571,4.776,4.978,5.198,5.406,5.612,5.826,6.032,6.244,6.485,6.688,6.901,7.117,7.364,7.579,7.818,8.028,8.224,
2,72,0.122,0.338,0.518,0.725,0.932,1.145,1.342,1.531,1.752,1.995,2.191,2.436,2.618,2.826,3.062,3.279,3.520,3.722,3.959,4.168,4.387,4.603,4.834,5.060,5.280,5.521,5.732,5.945,6.179,6.429,6.655,6.873,7.127,7.355,7.563,7.799,8.072,8.309,8.569,8.911,
2,73,0.144,0.376,0.576,0.782,0.994,1.203,1.423,1.623,1.854,2.070,
2,74,0.124,0.316,0.522,0.722,0.906,1.093,1.340,1.614,1.836,2.032,2.219,
2,75,0.107,0.300,0.484,0.690,0.913,1.102,1.311,1.494,1.698,1.913,2.108,2.318,2.518,2.745,2.919,3.140,3.346,3.551,3.768,3.981,4.162,4.385,4.586,4.818,5.019,5.240,5.439,5.660,5.871,6.088,
2,76,0.204,0.398,0.576,0.796,1.015,1.215,1.597,1.808,2.015,2.184,2.399,2.589,2.800,3.032,3.232,3.416,3.649,3.830,4.065,
2,77,0.073,0.270,0.499,0.693,0.920,1.134,1.352,1.576,1.797,2.018,2.219,2.461,2.697,2.911,3.135,3.334,3.568,3.786,4.051,4.286,4.526,4.769,5.019,5.269,5.487,5.736,5.989,6.270,6.523,6.737,6.952,7.171,7.615,7.842,8.043,8.241,8.443,8.660,
2,78,0.156,0.317,0.513,0.705,0.918,1.116,1.332,1.530,1.730,1.929,2.145,
2,79,0.233,0.430,0.592,0.794,0.996,1.178,1.408,1.601,1.798,2.017,2.208,2.409,2.592,2.808,2.988,3.202,3.428,3.657,3.869,4.093,4.293,4.519,4.769,4.961,5.157,5.360,5.605,5.818,6.032,6.269,6.478,6.690,6.911,7.115,7.370,7.581,7.787,8.000,
2,80,0.164,0.351,0.553,0.769,0.929,1.138,1.340,1.578,1.796,2.019,2.221,2.444,2.677,2.898,3.136,3.361,3.562,3.812,4.046,4.226,
2,81,0.051,0.241,0.453,0.643,0.821,1.032,1.237,1.438,1.780,2.050,2.267,2.461,2.664,2.894,3.122,3.324,3.531,3.761,3.982,4.194,4.412,4.613,4.840,5.045,5.287,5.524,5.725,5.979,6.161,6.377,6.605,6.802,7.039,7.269,7.500,7.726,7.951,8.174,
2,82,0.221,0.400,0.616,0.794,0.963,1.171,1.389,1.593,1.792,2.022,2.252,2.435,2.652,2.846,3.059,3.273,3.490,3.703,3.927,4.140,4.340,4.563,4.801,5.024,5.244,5.466,5.668,5.891,6.091,6.299,6.524,6.710,6.908,7.123,7.345,7.562,7.787,8.026,8.225,8.478,8.726,8.927,9.122,9.320,9.546,9.761,9.970,
2,83,0.037,0.225,0.407,0.611,0.794,1.021,1.231,1.425,1.610,1.827,2.025,2.272,2.439,2.697,2.902,3.121,3.342,3.559,3.772,4.022,4.229,
2,84,0.086,0.292,0.525,0.716,0.917,1.119,1.325,1.525,1.715,1.902,2.118,2.326,2.534,2.750,2.955,3.160,3.355,3.577,3.827,4.037,4.249,4.455,4.668,4.897,5.144,5.360,5.577,5.800,6.018,6.226,6.446,6.691,6.944,7.192,7.395,7.624,7.872,8.110,8.314,8.569,8.853,9.119,9.372,9.611,9.834,
2,85,0.206,0.422,0.615,0.816,1.012,1.229,1.450,1.672,1.895,2.104,2.318,2.530,2.776,2.971,3.180,3.396,3.618,3.831,4.065,4.283,4.526,4.745,4.963,5.186,5.409,5.647,5.838,6.071,6.264,6.489,6.715,6.932,7.160,7.398,7.605,7.831,8.052,8.300,
2,86,0.146,0.315,0.516,0.735,0.909,1.110,1.336,1.569,1.764,1.973,2.211,2.407,2.647,2.829,3.052,3.264,3.481,3.675,3.898,4.112,4.343,4.543,4.765,4.961,5.184,5.434,5.666,5.899,6.075,6.272,6.492,6.721,6.949,7.167,7.400,7.650,7.840,8.086,8.326,8.548,8.767,8.993,9.212,9.463,9.707,9.938,10.158,10.421,
2,87,0.041,0.229,0.406,0.563,0.711,0.868,1.023,1.193,1.357,1.495,1.656,1.810,1.959,2.104,2.263,2.414,2.536,2.674,2.793,2.929,3.085,3.228,3.397,3.527,3.677,3.825,3.990,4.154,4.316,4.470,4.648,4.787,4.952,5.122,5.282,5.445,5.607,5.765,5.911,6.063,6.226,6.376,6.525,6.671,6.827,6.979,7.149,7.293,7.456,7.615,7.766,7.922,8.092,8.245,8.403,8.567,8.730,
2,88,0.102,0.267,0.423,0.573,0.725,0.886,1.052,1.210,1.377,1.530,1.690,1.853,2.018,2.169,2.347,2.518,2.676,2.834,3.018,3.178,3.360,3.525,3.716,3.895,4.084,4.288,4.456,4.635,4.798,4.970,5.143,5.319,5.467,5.636,5.821,5.994,6.165,6.344,6.520,6.707,6.895,7.072,7.251,7.426,7.606,7.788,7.963,8.137,
2,89,0.173,0.346,0.515,0.702,0.899,1.053,1.225,1.399,1.553,1.723,1.899,2.064,2.234,2.407,2.580,2.766,2.927,3.103,3.274,3.445,3.620,3.798,3.984,4.160,4.329,4.486,4.654,4.814,4.988,5.171,5.344,5.518,5.691,5.861,6.030,6.201,6.359,6.528,6.711,6.885,7.066,7.238,7.407,7.581,7.769,7.931,8.114,
2,90,0.180,0.344,0.521,0.670,0.832,0.997,1.161,1.327,1.480,1.647,1.818,1.994,2.171,2.336,2.521,2.694,2.843,3.022,3.180,3.328,3.494,3.672,3.836,4.032,4.213,4.389,4.554,4.719,4.911,5.084,5.249,5.418,5.600,5.773,5.929,6.105,6.283,6.464,6.673,6.813,6.980,7.140,7.298,7.472,7.650,7.830,8.031,8.207,8.370,8.542,8.716,8.891,9.054,9.230,
2,91,0.161,0.346,0.517,0.676,0.877,1.085,1.277,1.441,1.645,1.795,1.994,2.190,2.395,2.582,2.800,2.995,3.168,3.342,3.512,3.705,3.896,4.071,4.263,4.470,4.650,4.853,5.055,5.263,5.448,5.647,5.833,6.030,6.249,6.461,6.664,6.877,7.101,7.310,7.523,7.733,7.948,8.154,8.353,8.559,8.752,8.949,9.163,9.398,
2,92,0.149,0.339,0.543,0.751,0.941,1.149,1.325,1.531,1.733,1.946,2.150,2.347,2.556,2.767,2.947,3.205,3.425,3.656,3.876,4.074,4.280,4.518,4.721,4.931,5.150,5.352,5.579,5.790,6.018,6.231,6.456,
2,93,0.172,0.378,0.587,0.773,0.971,1.177,1.395,1.571,1.765,1.969,2.163,2.348,2.547,2.740,2.938,3.146,3.263,3.426,3.568,3.702,3.854,3.995,4.146,4.276,4.419,4.565,4.708,4.850,4.989,5.147,5.271,5.407,5.553,5.696,5.834,5.979,6.125,6.264,6.410,6.565,6.712,6.858,7.014,7.165,7.324,7.474,7.620,7.765,7.913,8.064,8.219,
2,94,0.072,0.226,0.368,0.529,0.682,0.842,0.985,1.145,1.295,1.453,1.610,1.776,1.928,2.088,2.263,2.417,2.564,2.741,2.916,3.086,3.250,3.406,3.558,3.717,3.896,4.057,4.220,4.397,4.546,4.710,4.897,5.032,5.212,5.397,5.541,5.733,5.907,6.086,
2,95,0.074,0.248,0.414,0.580,0.751,0.912,1.075,1.242,1.398,1.571,1.721,1.895,2.058,2.219,2.395,2.558,2.721,2.896,3.071,3.224,3.408,3.594,3.766,3.932,4.103,4.269,4.440,4.592,4.763,4.912,5.077,5.245,5.429,5.615,5.796,5.969,6.147,6.344,6.526,6.687,6.898,7.044,7.242,7.455,7.617,7.802,7.987,8.179,
2,96,0.081,0.268,0.452,0.651,0.819,1.000,1.171,1.347,1.538,1.707,1.885,2.068,2.249,
