0,1,0.037,0.199,0.324,0.456,0.571,0.693,0.834,0.953,1.082,1.210,1.339,1.463,1.598,1.739,1.862,2.236,2.368,2.709,2.870,3.014,3.148,3.285,3.425,3.558,3.687,3.817,3.932,4.056,4.176,4.285,4.403,4.527,4.710,4.992,5.149,5.265,5.399,5.524,5.649,5.793,5.914,6.021,6.149,6.249,6.521,6.693,6.825,6.966,7.093,7.205,7.343,7.468,7.591,7.717,7.848,7.999,8.150,8.275,8.418,8.541,8.662,8.776,8.901,9.002,9.113,9.227,9.340,9.451,9.571,9.704,9.836,9.960,10.094,10.268,10.394,10.523,10.669,10.818,10.950,11.103,11.237,11.377,11.518,
0,1,0.119,0.233,0.352,0.473,0.584,0.709,0.827,0.941,1.056,1.156,1.268,1.401,1.484,1.600,1.704,1.923,2.046,2.183,2.303,2.425,2.562,2.673,2.806,2.936,3.068,3.202,3.331,3.477,3.597,3.746,3.886,4.036,4.152,4.291,4.418,4.538,4.668,4.790,4.932,5.083,5.225,5.357,5.489,5.624,5.770,5.903,6.045,6.184,6.330,6.476,6.615,6.771,6.914,7.061,7.204,7.348,7.485,7.638,7.771,7.907,8.049,8.195,8.333,8.466,8.604,8.736,8.873,9.022,9.162,9.291,9.419,9.559,9.686,9.825,9.966,10.105,10.272,10.569,
0,1,,
0,1,0.128,0.316,0.421,0.585,0.704,0.833,0.932,1.040,1.156,1.286,1.401,1.475,1.595,1.703,1.780,1.910,2.046,2.182,2.320,2.439,2.562,2.679,2.815,2.936,3.062,3.192,3.324,3.463,3.601,3.732,3.870,3.993,4.118,4.252,4.386,4.524,4.653,4.794,4.943,5.096,5.239,5.387,5.524,5.656,5.817,5.951,6.102,6.223,6.339,6.471,6.611,6.749,6.887,7.021,7.145,7.271,7.395,7.536,7.677,7.814,7.959,8.097,8.232,8.359,8.496,8.642,8.783,8.932,9.081,9.210,9.388,
2,1,0.029,0.146,0.280,0.408,0.536,0.670,0.792,0.919,1.068,1.208,1.361,1.513,1.647,1.789,1.936,2.078,2.203,2.329,2.473,2.614,2.745,3.065,3.159,3.518,3.648,3.764,3.860,4.014,4.153,4.292,4.434,4.564,4.701,4.821,5.174,5.354,5.455,5.557,5.682,5.809,5.942,6.077,6.265,6.366,6.454,6.561,6.930,7.058,7.193,7.540,7.674,7.814,8.027,8.300,8.440,8.588,8.725,8.865,8.999,9.128,9.267,9.441,9.502,9.618,9.771,9.909,10.048,10.194,10.327,10.458,10.626,
2,2,0.051,0.198,0.335,0.473,0.735,
2,3,0.091,0.253,0.386,0.531,0.680,0.823,0.966,
2,4,0.104,0.497,0.637,0.775,0.907,1.044,1.186,1.323,1.457,1.586,1.715,1.852,1.977,2.117,2.271,2.401,2.558,2.702,2.838,2.984,3.286,3.414,3.571,3.709,3.850,4.022,4.168,4.315,4.446,4.590,4.732,4.889,5.037,5.166,5.287,5.432,5.591,5.749,5.860,5.999,6.116,6.273,6.404,6.560,6.700,6.853,7.023,7.158,7.307,7.446,7.582,7.728,7.890,8.024,8.174,8.326,8.483,8.625,8.774,8.949,9.102,9.253,9.425,9.555,9.705,9.867,10.024,10.172,10.321,10.475,10.618,10.784,10.925,11.088,11.204,11.333,11.464,11.610,11.744,11.892,12.031,12.349,12.489,12.642,12.787,12.945,13.079,13.231,13.407,13.569,13.705,13.848,14.170,14.314,14.460,14.603,14.785,14.893,15.027,15.162,15.311,15.449,15.579,15.706,15.835,16.001,16.144,16.268,16.409,16.571,16.694,16.778,17.043,17.175,17.318,17.462,17.603,17.733,17.863,17.999,18.149,18.281,18.410,18.525,18.657,18.800,18.932,19.058,19.201,19.325,19.452,19.579,19.720,19.871,20.017,20.151,20.289,20.427,20.573,20.718,20.914,
2,5,0.114,0.250,0.399,0.524,0.815,0.952,1.096,1.271,1.417,1.562,1.715,1.864,2.034,2.174,2.328,2.461,2.650,2.775,2.937,3.078,3.231,3.400,3.538,3.676,3.820,3.975,4.127,4.279,4.428,4.589,4.749,4.906,5.055,5.197,5.352,5.518,5.651,5.805,5.964,6.110,6.283,6.442,6.616,6.773,6.936,7.099,7.269,7.452,7.593,7.769,7.923,8.075,8.251,8.424,8.591,8.747,8.931,9.088,9.270,9.408,9.585,9.749,9.910,10.074,10.245,10.406,10.567,10.726,10.907,11.080,11.243,11.414,11.605,
2,6,0.029,0.195,0.327,0.479,0.646,0.803,0.971,1.146,1.280,1.450,1.607,1.768,1.912,2.069,2.230,2.369,2.542,2.716,2.897,3.027,3.177,
2,7,0.230,0.406,0.559,0.736,0.902,1.043,1.223,1.366,1.537,1.822,1.994,2.145,2.325,2.462,2.627,2.825,2.985,3.186,3.351,
2,8,0.171,0.321,0.491,0.669,0.822,0.969,1.151,1.296,1.473,1.651,1.789,1.960,2.119,2.236,2.433,2.592,2.773,2.917,3.091,3.248,3.407,3.571,3.737,3.912,4.049,4.208,4.390,4.667,4.838,5.019,5.186,5.361,5.519,5.700,
2,9,0.192,0.386,0.491,0.681,0.844,0.958,
2,10,0.196,0.374,0.545,0.697,0.872,1.020,1.187,1.347,1.502,1.653,1.818,1.990,2.149,2.318,2.485,2.645,2.810,2.959,3.127,3.297,3.458,3.645,3.803,3.985,4.145,4.326,4.493,4.665,4.854,5.150,5.326,5.485,5.646,5.796,5.956,6.103,6.433,6.753,6.870,7.000,7.147,7.310,7.420,7.596,7.723,7.874,8.014,8.147,8.330,8.573,8.706,8.852,9.014,9.201,9.352,9.487,9.648,9.789,9.973,10.148,10.286,
2,11,0.059,0.215,0.368,0.526,0.695,0.844,1.012,1.170,1.332,1.488,1.664,1.807,1.981,2.116,2.274,2.416,2.584,2.741,2.897,3.062,3.219,3.397,3.563,3.713,3.897,4.060,4.224,4.397,4.556,4.738,4.898,5.066,5.229,5.416,5.592,5.752,6.042,6.214,6.352,6.515,6.648,6.797,6.940,7.106,7.228,7.333,7.495,7.649,7.800,7.942,8.101,8.242,8.550,8.681,8.832,8.980,9.150,9.292,9.460,9.650,9.798,9.969,10.125,10.297,10.469,10.621,10.784,10.941,11.088,11.245,11.428,11.583,11.767,11.922,12.073,12.268,12.406,12.587,12.799,12.935,
2,12,0.163,0.305,0.445,0.592,0.726,0.899,1.043,1.176,1.312,1.464,1.616,1.766,1.920,
2,13,0.144,0.302,0.478,0.649,0.808,0.963,1.125,1.307,1.466,1.645,1.794,1.957,2.145,2.307,2.467,2.645,2.822,2.988,3.170,3.335,
2,14,0.128,0.309,0.498,0.691,0.854,1.033,1.212,1.395,1.555,1.725,1.895,2.068,2.252,2.423,2.602,2.785,2.973,3.164,3.352,3.531,3.722,3.896,4.069,4.243,4.424,4.609,4.797,4.987,5.177,5.359,5.555,5.763,5.952,6.147,6.320,6.514,6.698,6.897,7.066,7.264,7.442,7.615,7.803,7.979,8.156,8.333,8.514,8.695,8.865,9.148,9.356,9.561,9.746,9.970,10.173,10.399,10.591,10.790,10.987,11.186,11.399,11.609,11.800,12.016,12.203,12.400,
2,15,0.033,0.233,0.574,0.766,0.959,
2,16,0.172,0.369,0.565,0.775,0.951,1.147,1.338,1.525,1.732,1.920,2.106,2.294,2.493,2.692,2.893,3.092,3.317,3.526,3.709,3.898,4.102,4.314,4.500,4.696,4.898,5.088,5.280,5.472,5.675,5.870,6.068,6.274,6.473,6.677,6.876,7.078,7.288,7.498,7.701,7.904,8.111,8.327,8.528,8.732,8.925,9.122,9.323,9.529,9.747,9.951,10.161,10.396,
2,17,0.123,0.331,0.515,0.695,0.899,1.059,1.253,1.441,1.649,1.835,2.016,2.202,2.400,2.592,2.786,3.017,3.175,3.366,3.576,3.772,3.972,4.165,4.375,4.583,4.773,4.970,5.150,5.333,5.522,5.714,5.900,6.090,6.277,6.474,6.660,6.869,7.068,7.269,7.455,7.656,7.850,8.056,8.253,8.452,8.642,8.835,9.028,9.229,9.428,9.636,9.829,10.037,10.225,10.428,10.637,10.833,11.037,11.233,11.423,11.637,11.827,12.021,12.205,12.409,
2,18,0.032,0.209,0.394,0.574,
2,19,0.113,0.336,0.550,0.753,0.954,1.150,1.351,1.541,1.736,1.927,2.136,2.370,2.564,2.770,2.950,3.151,
2,20,0.169,0.401,0.589,0.784,0.978,
2,21,0.068,0.284,0.477,0.691,0.902,1.100,1.302,1.522,1.706,1.916,2.113,2.315,2.522,2.716,2.918,3.120,3.332,3.527,3.725,3.921,4.120,4.320,4.528,4.732,4.943,5.145,5.352,5.552,5.774,
2,22,0.158,0.365,0.563,0.778,0.981,1.175,1.400,1.582,1.775,1.976,2.181,2.401,2.589,2.795,2.995,3.201,3.401,3.622,3.818,4.018,4.227,4.429,4.652,4.833,5.033,5.243,5.436,5.613,5.819,6.019,6.269,6.386,6.594,6.803,7.020,7.201,7.412,
2,23,0.171,0.374,0.579,0.795,1.024,1.210,1.441,1.658,
2,24,0.146,0.333,0.548,0.749,0.959,1.155,1.372,1.584,1.801,2.014,2.200,2.406,2.615,2.837,3.048,3.265,3.464,3.682,3.903,4.117,4.321,4.536,4.752,4.950,5.160,5.365,5.581,5.790,5.997,6.215,6.433,6.658,6.900,7.102,7.296,7.517,7.725,7.932,8.149,8.367,8.589,8.795,9.001,9.216,9.406,
2,25,0.186,0.396,0.594,0.803,1.003,1.212,1.420,1.622,1.827,2.029,2.234,2.445,2.647,2.857,3.066,3.268,3.466,3.663,3.867,4.073,4.282,4.488,4.703,4.906,5.117,5.343,5.555,5.781,5.991,6.214,6.421,6.649,6.859,7.062,7.270,7.461,
2,26,0.182,0.374,0.564,0.743,0.946,1.148,1.340,1.526,1.696,1.871,2.043,2.202,2.388,2.565,2.744,2.925,3.110,3.290,3.469,
2,27,0.068,0.268,0.459,
2,28,0.048,0.252,0.450,0.654,0.873,1.076,1.291,1.496,1.697,1.903,2.102,2.308,2.524,2.725,2.931,3.141,3.337,3.537,3.739,3.949,4.164,4.366,4.575,4.780,4.976,5.176,5.392,5.597,5.803,6.026,6.245,6.459,6.671,6.893,7.090,7.300,7.526,7.721,7.917,8.143,8.342,8.559,8.779,8.985,9.190,9.394,9.580,9.774,9.973,10.175,10.376,10.578,10.780,10.973,
2,29,0.124,0.324,0.532,
2,30,0.072,0.301,
2,31,0.063,0.263,0.452,0.661,0.897,1.088,1.279,1.470,1.665,1.864,2.056,2.250,2.443,2.648,2.846,3.045,3.245,3.435,3.648,3.824,4.015,4.215,4.403,4.612,4.827,5.030,5.233,5.435,5.661,5.859,6.071,6.271,6.473,6.668,6.875,7.084,7.288,7.487,7.696,7.908,8.124,8.332,8.535,8.732,8.923,9.122,9.327,9.529,9.742,9.941,10.151,10.319,
2,32,0.146,0.327,0.528,0.725,0.939,1.147,1.348,1.548,1.764,1.950,2.147,2.347,2.544,2.748,2.951,3.148,3.341,3.533,3.742,3.929,4.120,4.320,4.524,4.727,4.941,5.149,5.343,5.546,5.766,5.961,6.154,6.358,6.559,6.771,6.968,7.154,7.353,7.535,
2,33,0.028,0.216,0.419,0.609,0.807,1.002,1.214,1.409,1.598,1.795,1.983,2.192,2.396,2.595,2.792,2.987,3.183,
2,34,0.199,0.410,0.611,0.833,1.048,1.252,1.486,1.677,1.875,2.074,2.271,2.477,2.646,2.856,3.065,3.270,3.484,3.694,3.897,4.106,4.312,4.519,4.721,4.922,5.118,5.330,5.539,5.735,5.941,6.153,6.351,6.549,6.745,6.950,7.148,
2,35,0.076,0.271,0.475,0.677,0.866,1.063,1.250,1.453,1.650,1.839,
2,36,0.178,0.377,0.581,0.796,0.992,1.179,1.373,1.575,1.766,1.958,2.164,2.368,2.570,2.782,3.003,3.201,3.405,3.609,3.820,4.018,4.207,4.405,4.604,4.815,5.018,5.230,5.431,5.647,5.847,6.047,6.264,6.457,6.656,6.849,7.041,7.265,7.460,7.657,7.871,8.073,8.277,8.492,8.701,8.928,9.154,9.465,9.664,9.868,10.077,10.278,10.481,10.709,10.915,11.120,11.320,11.521,11.735,11.925,12.150,12.348,12.551,12.751,12.950,
2,37,0.150,0.336,0.551,0.767,0.966,1.181,1.401,1.605,1.814,2.022,2.216,2.413,2.621,2.827,3.034,3.268,3.455,3.663,3.866,4.081,4.290,4.502,4.703,4.907,5.119,5.325,5.543,5.769,5.968,6.171,6.386,6.585,6.781,6.998,7.204,7.400,7.601,7.839,
2,38,0.058,0.261,0.468,0.672,0.872,1.085,1.278,1.479,1.682,1.895,2.082,2.281,2.479,2.679,2.895,3.089,3.292,3.493,3.700,3.923,4.146,4.330,4.540,4.751,4.962,5.177,5.397,5.608,5.819,6.028,6.249,6.463,6.681,6.897,
2,39,0.103,0.314,0.544,0.749,
2,40,0.032,0.237,0.446,
2,41,0.446,0.636,0.809,1.003,1.193,1.403,1.594,1.799,2.020,2.203,2.434,2.627,2.842,3.055,3.275,3.482,3.691,3.919,4.121,4.323,4.521,4.720,4.925,5.142,5.356,5.575,5.776,
2,42,0.100,0.303,0.522,0.740,0.945,1.151,1.357,1.564,1.776,1.971,2.174,2.396,2.599,2.798,3.013,3.218,
2,43,0.070,0.304,0.494,0.684,0.894,1.089,1.295,1.527,1.735,
2,44,0.058,0.241,0.437,0.642,0.828,1.059,1.220,1.423,1.623,1.816,2.026,2.218,2.424,2.647,2.845,3.060,3.241,3.449,3.658,3.851,4.051,4.252,4.459,4.668,4.865,5.061,5.277,5.463,5.656,5.856,
2,45,0.166,0.364,0.577,0.777,0.973,1.177,1.372,1.581,1.774,1.973,2.167,2.365,2.565,2.769,2.986,3.164,3.360,3.550,3.731,3.927,4.136,4.332,4.533,4.730,4.934,5.144,5.348,5.560,5.770,5.987,6.182,6.387,6.586,6.798,6.992,7.196,7.395,7.588,7.796,8.021,8.224,8.424,8.638,8.847,9.056,9.250,9.458,9.653,9.853,10.050,
2,46,0.063,0.273,0.464,0.663,0.870,1.053,1.246,1.433,1.624,1.826,2.023,2.224,2.427,2.645,2.842,3.051,3.238,3.434,3.641,3.834,4.029,4.222,4.417,4.618,4.824,5.025,5.226,5.435,5.646,5.866,6.072,6.275,6.467,6.676,6.870,7.072,7.276,7.467,7.690,7.893,8.107,8.307,8.526,8.743,8.934,9.143,9.339,9.526,9.712,9.921,
2,47,0.120,0.322,0.538,0.717,0.920,1.127,1.323,1.523,1.715,1.914,2.126,2.323,2.541,2.752,2.956,3.159,3.367,3.573,3.786,3.998,4.184,4.400,4.625,4.813,5.025,5.224,5.438,5.642,5.850,6.058,6.275,6.451,6.654,6.892,7.096,7.297,7.526,7.724,7.930,8.148,8.358,8.570,8.777,8.985,9.190,9.418,9.627,9.833,10.042,10.241,10.447,10.649,10.856,11.055,11.261,11.476,11.661,11.869,12.072,12.269,12.468,
2,48,0.166,0.392,0.582,0.780,0.967,1.192,1.397,1.604,1.816,2.026,2.217,2.417,2.643,2.833,3.035,3.228,3.430,3.627,3.827,4.032,4.235,4.431,4.628,4.815,5.027,5.216,5.412,5.604,5.813,
2,49,0.162,0.357,0.537,0.743,0.956,1.162,1.376,1.582,1.784,1.991,2.204,2.398,2.593,2.794,2.995,3.198,3.403,3.611,3.813,4.020,4.235,4.451,4.667,4.874,5.091,5.297,5.516,5.730,5.943,6.154,6.375,6.563,6.778,6.981,7.189,7.400,7.597,7.804,8.017,8.225,8.425,8.634,8.851,9.048,9.248,9.454,9.663,9.862,
2,50,0.095,0.288,0.503,0.667,0.867,1.037,1.217,1.373,1.565,1.735,1.945,2.123,2.335,2.523,2.711,2.910,3.119,3.326,3.532,3.736,3.941,4.108,4.304,4.494,4.671,4.868,5.061,5.248,5.450,5.641,5.830,
2,51,0.102,0.311,0.511,0.700,0.910,1.106,1.299,1.511,1.709,
2,52,0.102,0.300,0.497,0.665,0.850,1.076,1.267,1.466,1.651,1.826,
2,53,0.138,0.336,0.522,0.712,0.901,1.098,
2,54,0.201,0.400,0.600,0.788,1.022,
2,55,0.115,0.302,0.502,0.701,0.899,1.103,1.301,1.516,1.712,1.917,2.119,2.319,2.521,2.718,2.918,3.108,
2,56,0.183,0.378,0.574,0.775,0.966,1.162,1.353,1.534,1.734,1.941,2.142,2.335,2.530,2.744,2.917,3.110,3.301,3.526,3.698,3.893,4.079,4.292,4.489,4.699,4.867,5.058,5.277,5.460,5.671,5.878,6.077,6.284,6.501,6.684,6.864,7.071,7.271,7.466,7.663,7.863,8.070,8.281,8.480,8.679,8.895,9.073,9.294,
2,57,0.050,0.236,0.423,0.619,0.813,1.019,
2,58,0.149,0.338,0.537,0.741,0.937,1.150,1.337,1.517,1.716,
2,59,0.117,0.309,0.503,0.699,0.904,1.094,1.294,1.491,1.684,1.875,2.085,2.288,2.481,2.703,2.871,3.073,3.276,3.482,3.704,3.910,4.111,4.305,4.535,4.733,4.932,5.120,5.315,5.491,5.692,5.907,6.152,6.341,6.540,6.747,6.963,7.161,7.363,7.583,7.770,7.976,8.159,8.570,8.775,8.975,9.185,9.387,9.589,9.792,
2,60,0.170,0.367,0.567,0.767,0.962,1.158,1.355,1.545,1.763,1.950,2.159,2.358,2.542,2.764,2.950,3.159,3.367,3.578,3.794,4.003,4.210,4.422,4.619,4.821,5.025,5.227,5.442,5.653,5.856,
2,61,0.121,0.310,0.503,
2,62,0.149,0.325,0.520,0.721,0.930,1.149,1.312,1.516,1.715,1.914,2.126,2.313,2.517,2.709,2.900,3.101,3.299,3.498,3.693,3.900,4.102,4.311,4.539,4.751,4.954,5.160,5.371,5.561,5.768,5.973,6.189,6.385,6.587,6.809,7.019,7.230,7.442,7.652,7.850,8.044,8.247,8.455,8.667,8.873,9.076,9.281,9.472,9.668,9.868,10.057,10.270,
2,63,0.218,0.399,0.607,0.807,1.016,1.222,1.408,1.610,1.804,2.017,2.208,2.431,2.650,2.830,3.030,3.219,3.397,3.599,3.795,3.997,4.217,4.404,4.596,4.802,5.023,5.230,5.426,5.652,5.846,6.059,6.269,6.455,6.661,6.859,7.060,7.269,7.465,7.668,7.873,8.088,8.298,8.497,8.698,8.904,9.106,9.323,9.529,9.729,9.933,10.124,10.308,
2,64,0.174,0.369,0.554,0.751,0.953,1.156,1.345,1.564,1.764,1.968,2.172,2.398,2.582,2.784,2.983,3.176,3.398,3.600,3.793,3.971,4.167,4.363,4.567,4.766,4.962,5.154,5.347,5.550,5.744,5.927,6.123,6.305,6.516,6.716,6.927,7.159,7.339,7.545,7.739,7.942,8.151,8.347,8.552,8.768,8.957,9.160,9.364,9.561,9.768,9.961,10.160,10.354,10.555,10.769,10.968,11.186,11.377,11.616,11.784,11.987,12.186,12.403,12.582,
2,65,0.119,0.319,0.536,0.752,0.946,1.168,1.362,1.559,1.772,1.973,2.176,2.388,2.594,2.790,2.986,3.186,3.394,3.588,3.797,3.990,4.185,4.373,4.560,4.750,4.946,5.145,5.329,5.532,5.773,5.958,6.170,6.390,6.583,6.774,6.969,7.159,7.362,
2,66,0.088,0.289,0.490,0.694,0.896,1.096,1.302,1.477,1.664,1.864,2.078,2.286,2.483,2.674,2.867,3.074,3.264,3.450,3.652,3.855,4.066,4.286,4.467,4.672,4.864,5.067,5.276,5.479,5.688,5.898,
2,67,0.154,0.349,0.550,0.900,1.104,1.291,1.479,1.662,1.864,2.057,2.238,2.432,2.647,2.847,3.048,3.268,3.458,3.656,3.846,4.049,4.242,4.442,4.635,4.843,5.106,5.283,5.484,5.685,5.895,
2,68,0.077,0.273,0.474,0.670,0.890,1.095,1.302,1.501,1.692,
2,69,0.183,0.377,
2,70,0.164,0.360,0.558,0.743,0.933,1.110,1.313,1.516,1.709,
2,71,0.171,0.389,0.580,0.803,1.000,1.202,1.398,1.594,1.810,2.001,2.195,2.404,2.608,2.814,3.023,3.231,3.443,3.649,3.862,4.058,4.274,4.457,4.657,4.861,5.068,5.279,5.486,5.675,5.908,6.084,6.287,6.489,6.685,6.913,7.126,7.328,7.537,7.776,7.967,8.157,8.477,8.670,8.868,9.060,9.276,9.470,9.667,9.865,10.073,10.267,10.468,10.665,10.872,
2,72,0.110,0.273,0.467,0.670,0.842,
2,73,0.153,0.349,
2,74,0.153,0.331,0.530,0.720,0.942,1.120,1.319,1.528,1.735,1.943,2.123,2.316,2.526,2.714,2.924,3.126,3.320,3.523,3.728,3.943,4.144,4.352,4.552,4.760,4.956,5.175,5.394,5.590,5.797,6.011,6.215,6.427,6.645,6.872,7.075,7.269,7.480,7.717,7.910,8.111,8.327,8.539,8.736,8.950,9.146,9.345,9.533,9.744,9.958,10.155,
2,75,0.053,0.252,0.457,0.646,0.852,1.065,1.275,1.454,1.651,1.856,2.075,2.276,2.487,2.692,2.927,3.143,3.349,3.551,3.763,3.972,4.187,4.393,4.602,4.810,5.010,5.184,5.369,5.539,5.777,5.979,6.185,6.394,6.587,6.796,7.011,7.217,7.422,7.645,7.823,8.019,8.214,8.400,8.607,8.801,8.991,9.189,9.372,
2,76,0.042,0.248,0.457,0.638,0.837,1.043,1.272,1.469,1.665,
2,77,0.166,0.354,
2,78,0.134,0.330,0.539,0.742,0.961,1.151,1.347,1.549,1.744,1.942,2.152,2.331,2.543,2.749,2.939,3.120,3.344,3.550,3.748,3.953,4.152,4.351,4.566,4.774,4.963,5.178,5.387,5.595,5.807,
2,79,0.029,0.221,0.420,0.646,0.837,1.032,1.228,1.422,1.622,1.829,2.030,2.223,2.446,2.647,2.828,3.002,3.203,3.409,3.647,3.834,4.045,4.264,4.462,4.661,4.858,5.070,5.245,5.477,5.682,5.874,6.066,6.251,6.448,6.664,6.861,7.065,7.266,7.455,7.658,7.844,
2,80,0.092,0.459,0.658,0.840,1.035,1.225,1.421,1.605,1.805,2.020,2.221,2.423,2.624,2.827,3.021,3.219,3.408,3.589,3.776,3.972,4.176,4.375,4.575,4.784,4.989,5.190,5.400,5.603,5.806,6.001,6.211,6.398,6.604,6.821,7.001,7.191,7.394,7.573,7.782,8.114,
2,81,0.033,0.242,0.431,0.659,0.863,1.054,1.267,1.460,1.663,1.846,2.029,2.235,2.422,2.621,2.811,3.001,3.201,3.385,3.584,3.768,3.968,4.167,4.360,4.565,4.742,4.939,5.136,5.325,5.519,5.712,
2,82,0.226,0.421,0.627,0.820,1.024,1.209,1.405,1.600,1.798,1.994,2.187,2.399,2.593,2.799,2.999,3.200,3.396,3.588,3.775,3.966,4.160,4.356,4.566,4.775,4.974,5.178,5.377,5.576,5.766,5.960,6.161,6.369,6.576,6.798,6.994,7.193,7.393,7.612,7.826,8.032,8.234,8.421,8.623,8.837,9.094,9.281,
2,83,0.143,0.263,0.450,0.674,0.869,1.039,1.222,
2,84,0.104,0.287,0.469,0.657,0.860,1.028,1.209,1.394,1.579,1.775,1.970,2.162,2.352,2.719,2.925,3.123,3.314,3.811,3.994,4.174,4.359,4.558,4.739,4.924,5.112,5.287,5.466,5.647,5.833,6.031,6.222,6.406,6.597,6.797,6.992,7.172,7.363,7.557,7.741,7.920,8.120,8.316,8.495,8.702,8.914,
2,85,0.071,0.274,0.458,0.641,0.828,1.025,1.210,1.409,1.587,1.775,1.948,2.125,2.302,2.466,2.642,2.838,3.034,3.222,3.397,3.582,3.776,3.949,4.152,4.316,4.493,4.671,4.858,5.029,5.206,5.371,5.527,5.702,5.894,
2,86,0.110,0.300,0.497,0.697,0.889,1.085,1.272,1.467,1.655,1.837,2.027,2.201,2.401,2.567,2.733,2.928,3.115,3.305,3.483,3.674,3.856,4.049,4.226,4.426,4.610,4.790,4.971,5.176,5.349,5.546,5.718,5.895,6.085,6.269,6.449,6.643,6.841,7.034,7.228,7.408,7.596,7.785,7.972,8.172,8.370,8.557,8.741,8.922,9.115,9.286,9.471,
2,87,0.153,0.337,0.528,0.714,0.898,1.085,1.280,1.488,1.660,1.869,2.059,2.266,2.453,2.664,2.863,3.053,3.237,3.424,3.615,3.792,3.988,4.178,4.383,4.576,4.775,4.994,5.190,5.400,5.576,5.776,5.989,6.172,6.384,6.564,6.745,6.929,7.109,7.289,7.480,
2,88,0.188,0.388,
2,89,0.123,0.310,0.497,0.687,0.900,1.067,1.250,1.449,1.621,1.817,1.994,2.179,2.367,2.552,2.748,2.938,3.135,3.331,3.523,3.726,3.926,4.135,4.318,4.498,4.673,4.886,5.376,5.566,5.769,5.956,6.165,6.351,6.531,6.725,6.970,
2,90,0.203,0.398,0.569,0.764,0.950,1.148,1.324,1.500,1.688,1.898,2.087,2.293,2.493,2.686,2.875,3.068,3.251,3.455,3.649,3.835,4.021,4.201,4.399,4.585,4.791,4.995,5.193,5.400,5.603,5.794,5.998,
2,91,0.085,0.302,0.477,
2,92,0.088,0.291,0.475,0.677,0.889,1.070,1.272,1.454,1.639,
2,93,0.149,0.351,0.548,0.766,0.964,1.165,1.364,1.563,1.767,1.944,2.150,2.342,2.543,2.735,2.950,3.137,3.352,3.541,3.742,3.948,4.151,4.350,4.555,4.768,4.964,5.166,5.337,5.532,5.773,5.964,6.164,6.360,6.575,6.769,6.969,7.165,7.357,7.563,7.770,7.962,8.152,8.345,
2,94,0.085,0.280,0.472,0.655,0.847,1.043,1.236,1.421,1.622,1.807,
2,95,0.107,0.302,0.497,0.686,0.896,1.071,
2,96,0.054,0.273,0.450,0.644,0.850,1.048,1.242,1.445,1.656,1.860,2.067,2.279,2.488,2.700,2.891,3.108,3.296,
2,97,0.193,0.402,0.602,0.798,0.981,1.181,1.399,1.596,1.793,2.011,2.220,2.438,2.645,2.844,3.049,3.262,3.454,3.657,3.866,4.066,4.266,4.467,4.667,4.878,5.086,5.292,5.490,5.696,5.896,6.092,6.280,6.487,6.724,6.924,7.147,7.362,7.581,7.787,7.991,8.191,8.402,8.592,8.792,
2,98,0.038,0.215,0.419,0.627,0.831,
2,99,0.199,0.405,0.617,0.823,1.028,1.222,1.422,1.637,1.845,2.045,2.245,2.442,2.642,2.862,3.071,3.271,3.477,3.688,3.912,4.138,4.343,4.559,4.796,5.022,5.225,5.437,5.658,5.889,
2,100,0.208,0.427,0.650,
2,101,0.226,0.450,0.655,0.870,1.080,1.288,1.518,1.717,1.926,2.151,2.337,2.530,2.724,2.940,3.152,3.341,3.552,3.753,3.968,4.183,4.402,4.601,4.822,5.079,5.288,5.520,5.726,5.951,6.171,6.387,6.579,6.794,7.020,7.223,7.432,
2,102,0.158,0.370,0.580,0.794,0.994,1.195,1.403,1.594,1.798,1.989,2.208,2.409,2.611,2.827,3.041,3.253,3.451,3.647,3.850,4.052,4.271,4.488,4.690,4.897,5.110,5.322,5.534,5.749,5.953,6.172,6.389,6.597,6.816,7.027,
2,103,0.214,0.427,0.645,0.848,1.060,1.262,1.474,1.683,1.905,2.116,2.328,2.533,2.750,2.968,3.174,
2,104,0.139,0.331,0.553,0.772,0.977,1.182,1.394,1.617,1.823,2.035,2.273,2.462,2.670,2.871,3.082,3.314,3.524,3.751,3.966,4.191,4.412,4.641,4.843,5.055,5.275,5.465,5.663,5.875,6.091,6.312,6.525,6.736,6.943,
2,105,0.089,0.290,0.518,0.732,0.955,1.162,1.364,1.565,1.769,1.976,2.197,2.402,2.624,2.824,3.045,3.270,
2,106,0.084,0.296,0.525,
2,107,0.065,0.306,0.494,0.699,0.912,1.123,1.341,1.552,1.767,1.971,2.184,2.401,2.599,2.820,3.039,3.268,
2,108,0.201,0.408,0.650,0.832,1.035,1.225,1.418,1.617,1.820,2.022,2.230,2.431,2.651,2.852,3.068,3.280,3.484,3.695,3.901,4.097,4.296,4.518,4.714,4.923,5.152,5.325,5.532,5.730,5.930,6.126,6.312,6.503,6.707,6.918,7.119,7.316,7.520,7.738,7.947,8.159,8.358,8.557,
2,109,0.210,0.418,0.647,0.835,1.047,1.251,1.457,1.675,1.878,2.110,2.298,2.531,2.739,2.954,3.166,
2,110,0.072,0.283,0.492,0.711,0.913,
2,111,0.035,0.239,0.458,0.667,0.885,1.092,1.303,1.519,1.727,1.933,2.136,2.335,2.549,2.770,2.965,3.181,3.405,3.623,3.840,4.051,4.270,4.486,4.705,4.921,5.137,5.355,5.564,5.789,5.998,6.209,6.414,6.638,7.059,7.272,7.462,7.683,7.889,8.081,
2,112,0.184,0.391,0.594,0.805,1.024,1.207,1.396,1.593,1.802,2.025,2.213,2.419,2.642,2.831,3.034,3.239,3.451,3.665,3.873,4.088,4.296,4.488,4.689,4.901,5.106,5.343,5.535,5.744,5.944,6.152,6.361,6.576,6.795,7.010,7.213,7.409,7.609,7.862,8.058,8.261,8.447,
2,113,0.190,0.413,0.610,0.811,1.022,
2,114,0.033,0.320,0.517,0.713,0.918,
2,115,0.067,0.276,0.500,0.709,0.915,1.121,1.332,1.544,1.745,
2,116,0.136,0.348,0.563,0.774,0.968,1.169,1.390,1.600,1.807,2.020,2.236,2.480,2.705,2.919,3.119,3.330,3.571,3.786,3.995,4.205,4.421,4.638,4.859,5.099,5.302,5.530,5.737,5.950,6.174,6.393,6.613,6.812,7.031,7.235,7.454,
2,117,0.045,0.270,0.482,0.681,0.892,1.099,1.333,1.532,1.751,
2,118,0.109,0.322,0.534,0.742,0.948,1.168,1.368,1.577,1.799,
2,119,0.150,0.357,0.570,0.778,0.985,1.176,1.377,1.580,1.776,1.976,2.179,2.378,2.580,2.776,2.973,3.176,
