1,1,1.000,53,10.201,10.217,10.988,11.988,5,5
1,2,13.690,54,32.000,NaN,11.049,24.738,0,5
1,3,26.740,10,1.604,1.619,2.521,29.261,5,10
1,4,30.963,29,5.672,5.683,6.287,37.251,5,15
1,5,38.952,3,0.276,0.296,1.209,40.161,5,20
1,6,41.867,52,18.128,NaN,11.165,53.032,0,20
1,7,55.034,48,10.201,10.226,10.927,65.960,5,25
1,8,67.661,54,18.128,NaN,12.609,80.270,0,25
1,9,82.271,6,0.759,0.780,1.649,83.920,5,30
1,10,85.621,2,0.276,0.298,1.326,86.947,5,35
1,11,88.649,2,3.083,NaN,1.027,89.676,0,35
1,12,91.677,4,1.604,NaN,1.360,93.037,0,35
1,13,95.037,3,32.000,NaN,1.219,96.256,0,35
1,14,98.258,50,18.128,NaN,10.845,109.103,0,35
1,15,111.105,36,32.000,NaN,8.399,119.504,0,35
1,16,121.505,35,32.000,NaN,8.305,129.809,0,35
1,17,131.811,1,0.276,0.297,0.921,132.732,5,40
1,18,134.434,2,0.276,0.292,1.059,135.493,5,45
1,19,137.194,0,0.759,NaN,0.502,137.696,0,45
1,20,139.697,9,1.604,1.615,2.405,142.103,5,50
1,21,143.804,16,3.083,3.094,3.763,147.567,5,55
1,22,149.268,5,0.759,0.782,1.650,150.919,5,60
1,23,152.620,24,5.672,NaN,5.636,158.255,0,60
1,24,160.257,27,5.672,5.684,6.328,166.585,5,65
1,25,168.286,5,0.759,0.789,1.641,169.928,5,70
1,26,171.629,5,0.759,0.782,1.498,173.127,5,75
1,27,174.828,48,32.000,NaN,11.127,185.955,0,75
1,28,187.955,4,0.759,0.780,1.398,189.353,5,80
1,29,191.055,40,18.128,NaN,9.653,200.708,0,80
1,30,202.709,35,18.128,NaN,8.521,211.230,0,80
1,31,213.232,25,5.672,5.684,6.245,219.478,5,85
1,32,221.179,37,32.000,NaN,9.794,230.973,0,85
1,33,232.975,38,10.201,NaN,9.744,242.718,0,85
1,34,244.720,25,5.672,5.694,6.396,251.116,5,90
1,35,252.817,0,3.083,NaN,0.502,253.319,0,90
1,36,255.321,14,3.083,3.097,3.750,259.071,5,95
1,37,260.772,33,10.201,NaN,8.070,268.842,0,95
1,38,270.844,0,0.276,0.297,0.501,271.345,5,100
1,39,273.046,34,32.000,NaN,8.831,281.877,0,100
1,40,283.879,25,5.672,5.688,6.328,290.207,5,105
1,41,291.909,24,10.201,NaN,6.472,298.381,0,105
1,42,300.383,14,3.083,3.090,3.729,304.112,5,110
1,43,305.812,23,5.672,5.681,6.225,312.038,5,115
1,44,313.739,28,18.128,NaN,7.586,321.325,0,115
1,45,323.326,13,3.083,3.107,3.823,327.149,5,120
1,46,328.849,2,0.276,0.286,1.080,329.929,5,125
1,47,331.629,23,5.672,5.693,6.196,337.825,5,130
1,48,339.527,7,1.604,1.613,2.240,341.767,5,135
1,49,343.468,8,1.604,1.624,2.291,345.759,5,140
1,50,347.461,5,0.759,0.783,1.619,349.080,5,145
1,51,350.780,13,3.083,3.100,3.718,354.498,5,150
1,52,356.200,25,18.128,NaN,6.843,363.044,0,150
1,53,365.045,7,1.604,1.625,2.233,367.278,5,155
1,54,368.980,24,18.128,NaN,6.490,375.469,0,155
1,55,377.470,2,0.276,0.288,1.104,378.574,5,160
1,56,380.275,8,1.604,1.619,2.436,382.711,5,165
1,57,384.412,2,0.276,0.299,0.950,385.362,5,170
1,58,387.065,27,10.201,NaN,6.959,394.024,0,170
1,59,396.025,4,0.759,0.776,1.428,397.453,5,175
1,60,399.155,28,10.201,NaN,7.402,406.557,0,175
1,61,408.558,7,1.604,1.616,2.229,410.787,5,180
1,62,412.488,24,10.201,NaN,6.056,418.544,0,180
1,63,420.544,24,10.201,NaN,6.219,426.763,0,180
1,64,428.765,4,0.759,0.784,1.415,430.180,5,185
1,65,431.882,19,32.000,NaN,5.302,437.184,0,185
1,66,439.185,14,3.083,3.104,3.857,443.043,5,190
1,67,444.744,21,32.000,NaN,5.494,450.239,0,190
1,68,452.239,9,1.604,1.622,2.602,454.841,5,195
1,69,456.543,0,0.759,NaN,0.502,457.045,0,195
1,70,459.046,8,1.604,1.618,2.322,461.368,5,200
1,71,463.069,9,1.604,1.613,2.405,465.474,5,205
1,72,467.176,42,18.128,NaN,10.398,477.573,0,205
1,73,479.574,1,0.276,0.299,0.952,480.526,5,210
1,74,482.227,0,0.276,0.297,0.501,482.728,5,215
1,75,484.430,6,0.759,0.779,1.647,486.077,5,220
1,76,487.779,26,5.672,5.684,6.313,494.092,5,225
1,77,495.793,37,18.128,NaN,8.728,504.522,0,225
1,78,506.523,20,18.128,NaN,5.051,511.573,0,225
1,79,513.574,15,3.083,3.099,3.849,517.423,5,230
1,80,519.125,13,3.083,3.102,3.717,522.841,5,235
1,81,524.543,27,32.000,NaN,6.691,531.233,0,235
1,82,533.235,0,18.128,NaN,0.501,533.736,0,235
1,83,535.737,26,5.672,5.682,6.437,542.174,5,240
1,84,543.876,7,1.604,1.628,2.306,546.182,5,245
1,85,547.885,3,0.276,0.287,1.166,549.050,5,250
1,86,550.751,23,5.672,5.691,5.834,556.586,5,255
1,87,558.287,27,32.000,NaN,7.174,565.461,0,255
1,88,567.463,13,3.083,3.103,3.738,571.201,5,260
1,89,572.904,4,0.759,0.781,1.616,574.519,5,265
1,90,576.221,14,3.083,3.099,3.704,579.926,5,270
1,91,581.627,23,18.128,NaN,5.899,587.526,0,270
1,92,589.527,28,32.000,NaN,7.309,596.836,0,270
1,93,598.837,2,0.276,0.293,1.041,599.877,5,275
1,94,601.578,16,18.128,NaN,4.483,606.062,0,275
1,95,608.063,0,1.604,NaN,0.501,608.564,0,275
1,96,610.565,14,3.083,3.105,3.777,614.342,5,280
1,97,616.042,0,1.604,NaN,0.502,616.544,0,280
1,98,618.545,23,5.672,5.680,5.742,624.287,5,285
1,99,625.990,34,10.201,NaN,8.392,634.381,0,285
1,100,636.383,8,10.201,NaN,2.267,638.650,0,285
1,101,640.650,25,18.128,NaN,6.399,647.049,0,285
1,102,649.050,32,10.201,NaN,7.824,656.874,0,285
1,103,658.876,8,1.604,1.616,2.342,661.217,5,290
1,104,662.919,29,32.000,NaN,7.811,670.730,0,290
1,105,672.732,24,5.672,5.685,6.222,678.953,5,295
1,106,680.655,0,3.083,NaN,0.501,681.155,0,295
1,107,683.156,37,10.201,NaN,9.150,692.306,0,295
1,108,694.309,0,0.276,0.300,0.502,694.810,5,300
1,109,696.511,7,1.604,1.615,2.154,698.665,5,305
1,110,700.366,21,10.201,NaN,5.399,705.765,0,305
1,111,707.766,0,3.083,NaN,0.502,708.268,0,305
1,112,710.270,2,0.276,0.296,0.928,711.198,5,310
1,113,712.899,6,3.083,NaN,1.936,714.835,0,310
1,114,716.837,13,5.672,NaN,3.421,720.258,0,310
1,115,722.259,5,0.759,0.779,1.595,723.854,5,315
1,116,725.555,2,0.276,0.301,1.105,726.660,5,320
1,117,728.362,17,10.201,NaN,4.015,732.378,0,320
1,118,734.379,0,5.672,NaN,0.502,734.881,0,320
1,119,736.882,3,0.276,0.297,1.057,737.939,5,325
1,120,739.640,24,32.000,NaN,5.683,745.323,0,325
1,121,747.325,14,32.000,NaN,3.521,750.846,0,325
1,122,752.847,4,0.759,0.789,1.367,754.214,5,330
1,123,755.915,15,10.201,NaN,4.025,759.941,0,330
1,124,761.943,12,32.000,NaN,3.435,765.377,0,330
1,125,767.378,15,10.201,NaN,3.926,771.304,0,330
1,126,773.305,0,10.201,NaN,0.502,773.807,0,330
1,127,775.808,13,3.083,3.090,3.429,779.237,5,335
1,128,780.937,16,18.128,NaN,4.200,785.137,0,335
1,129,787.138,4,0.759,0.781,1.448,788.587,5,340
1,130,790.288,19,18.128,NaN,4.736,795.024,0,340
1,131,797.026,12,18.128,NaN,3.125,800.150,0,340
1,132,802.152,15,3.083,3.092,3.827,805.979,5,345
1,133,807.680,13,3.083,3.100,3.775,811.455,5,350
1,134,813.156,8,1.604,1.626,2.407,815.563,5,355
1,135,817.264,19,10.201,NaN,4.734,821.998,0,355
1,136,824.000,8,1.604,1.620,2.360,826.360,5,360
1,137,828.061,2,0.276,0.294,1.109,829.171,5,365
1,138,830.875,4,0.759,0.782,1.340,832.215,5,370
1,139,833.917,4,0.759,0.775,1.498,835.415,5,375
1,140,837.116,0,1.604,NaN,0.502,837.617,0,375
1,141,839.619,8,1.604,1.626,2.252,841.871,5,380
1,142,843.572,0,32.000,NaN,0.501,844.072,0,380
1,143,846.073,15,3.083,3.092,3.655,849.729,5,385
1,144,851.430,3,0.276,0.286,1.271,852.701,5,390
1,145,854.402,14,5.672,NaN,3.385,857.787,0,390
1,146,859.789,18,5.672,NaN,4.634,864.423,0,390
1,147,866.425,5,0.759,0.782,1.420,867.845,5,395
1,148,869.546,16,3.083,3.097,3.871,873.416,5,400
1,149,875.118,10,32.000,NaN,2.667,877.785,0,400
1,150,879.786,2,0.276,0.293,1.041,880.827,5,405
1,151,882.529,9,1.604,1.620,2.376,884.905,5,410
1,152,886.606,9,18.128,NaN,2.199,888.805,0,410
1,153,890.806,8,1.604,1.612,2.224,893.030,5,415
1,154,894.731,6,0.759,0.789,1.748,896.480,5,420
2,1,1.000,0,32.000,NaN,6.290,7.290,0,420
2,2,9.292,0,10.201,NaN,6.943,16.235,0,420
2,3,18.238,0,0.759,0.781,1.276,19.514,5,425
2,4,21.516,0,0.759,0.789,1.147,22.663,5,430
2,5,24.666,0,1.604,1.624,2.001,26.666,5,435
2,6,28.669,0,18.128,NaN,8.280,36.949,0,435
2,7,38.952,0,10.201,NaN,6.025,44.977,0,435
2,8,46.981,0,32.000,NaN,7.830,54.811,0,435
2,9,56.815,0,32.000,NaN,13.612,70.427,0,435
2,10,72.430,0,0.759,0.782,1.195,73.625,5,440
2,11,75.627,0,32.000,NaN,4.708,80.335,0,440
2,12,82.339,0,1.604,1.628,2.045,84.384,5,445
2,13,86.387,0,32.000,NaN,6.951,93.338,0,445
2,14,95.339,0,3.083,3.101,3.439,98.779,5,450
2,15,100.781,0,32.000,NaN,6.983,107.763,0,450
2,16,109.766,0,18.128,NaN,5.868,115.635,0,450
2,17,117.637,0,18.128,NaN,8.152,125.789,0,450
2,18,127.793,0,0.759,0.778,1.174,128.967,5,455
2,19,130.970,0,10.201,NaN,7.297,138.266,0,455
2,20,140.269,0,10.201,NaN,6.536,146.805,0,455
2,21,148.808,0,18.128,NaN,9.400,158.208,0,455
2,22,160.209,0,0.276,0.294,0.699,160.908,5,460
2,23,162.910,0,0.759,0.778,1.198,164.108,5,465
2,24,166.113,0,0.276,0.293,0.373,166.486,5,470
2,25,168.487,0,5.672,NaN,1.307,169.793,0,470
2,26,171.796,0,18.128,NaN,0.291,172.087,0,470
2,27,174.089,0,3.083,3.105,3.456,177.545,5,475
2,28,179.549,0,5.672,5.683,6.045,185.594,5,480
2,29,187.597,0,3.083,3.104,3.522,191.119,5,485
2,30,193.121,0,3.083,3.099,3.479,196.600,5,490
2,31,198.603,0,10.201,NaN,6.023,204.626,0,490
2,32,206.628,0,3.083,3.099,3.459,210.086,5,495
2,33,212.089,0,0.276,0.289,0.708,212.797,5,500
2,34,214.800,0,1.604,1.613,2.015,216.815,5,505
2,35,218.818,0,1.604,1.613,2.148,220.967,5,510
2,36,222.970,0,10.201,NaN,7.889,230.859,0,510
2,37,232.864,0,0.276,0.291,0.723,233.587,5,515
2,38,235.589,0,0.276,0.300,0.688,236.277,5,520
2,39,238.280,0,3.083,NaN,0.395,238.675,0,520
2,40,240.679,0,18.128,NaN,6.212,246.891,0,520
2,41,248.892,0,1.604,1.620,2.138,251.031,5,525
2,42,253.031,0,0.759,0.783,1.176,254.207,5,530
2,43,256.211,0,5.672,5.691,6.088,262.298,5,535
2,44,264.301,0,10.201,NaN,6.921,271.223,0,535
2,45,273.227,0,1.604,1.614,1.974,275.201,5,540
2,46,277.202,0,5.672,5.692,6.105,283.307,5,545
2,47,285.310,0,32.000,NaN,7.735,293.044,0,545
2,48,295.046,0,0.276,0.288,0.773,295.819,5,550
2,49,297.821,0,32.000,NaN,6.389,304.211,0,550
2,50,306.213,0,5.672,5.695,6.146,312.360,5,555
2,51,314.360,0,0.276,0.299,0.806,315.166,5,560
2,52,317.167,0,18.128,NaN,8.406,325.573,0,560
2,53,327.576,0,32.000,NaN,9.222,336.798,0,560
2,54,338.800,0,5.672,5.691,6.078,344.878,5,565
2,55,346.879,0,5.672,5.682,6.078,352.957,5,570
2,56,354.959,0,0.759,0.786,1.212,356.171,5,575
2,57,358.173,0,3.083,3.092,3.416,361.589,5,580
2,58,363.592,0,1.604,1.625,1.954,365.546,5,585
2,59,367.549,0,0.276,0.286,0.646,368.195,5,590
2,60,370.198,0,10.201,NaN,8.589,378.787,0,590
2,61,380.789,0,5.672,5.688,6.082,386.871,5,595
2,62,388.873,0,1.604,1.622,2.918,391.791,5,600
2,63,393.795,0,3.083,3.103,3.549,397.344,5,605
2,64,399.345,0,0.759,0.788,2.686,402.032,5,610
2,65,404.034,0,18.128,NaN,7.442,411.476,0,610
2,66,413.478,0,5.672,5.681,6.032,419.511,5,615
2,67,421.513,0,10.201,NaN,9.503,431.016,0,615
2,68,433.017,0,10.201,NaN,7.453,440.470,0,615
2,69,442.472,0,0.276,0.298,0.736,443.207,5,620
2,70,445.210,0,5.672,NaN,5.061,450.271,0,620
2,71,452.274,0,5.672,5.687,6.044,458.318,5,625
2,72,460.322,0,3.083,3.092,3.476,463.798,5,630
2,73,465.800,0,5.672,5.683,6.083,471.883,5,635
2,74,473.884,0,0.276,0.301,0.824,474.709,5,640
2,75,476.712,0,18.128,NaN,6.145,482.857,0,640
2,76,484.860,0,0.276,0.297,0.658,485.519,5,645
2,77,487.519,0,10.201,NaN,4.729,492.248,0,645
2,78,494.251,0,0.759,0.777,1.185,495.436,5,650
2,79,497.438,0,18.128,NaN,6.229,503.667,0,650
2,80,505.669,0,18.128,NaN,12.855,518.524,0,650
2,81,520.527,0,1.604,1.615,2.016,522.543,5,655
2,82,524.546,0,5.672,5.682,6.052,530.598,5,660
2,83,532.600,0,32.000,NaN,6.996,539.596,0,660
2,84,541.600,0,3.083,3.102,3.624,545.224,5,665
2,85,547.228,0,0.759,0.776,1.191,548.419,5,670
2,86,550.421,0,10.201,NaN,9.557,559.978,0,670
2,87,561.979,0,1.604,1.615,2.138,564.117,5,675
2,88,566.118,0,3.083,3.095,3.424,569.543,5,680
2,89,571.543,0,1.604,1.622,2.038,573.581,5,685
2,90,575.583,0,32.000,NaN,8.062,583.645,0,685
2,91,585.648,0,10.201,NaN,7.702,593.350,0,685
2,92,595.352,0,18.128,NaN,7.421,602.772,0,685
2,93,604.775,0,32.000,NaN,3.968,608.743,0,685
2,94,610.745,0,18.128,NaN,6.229,616.974,0,685
2,95,618.975,0,0.759,0.779,1.212,620.187,5,690
2,96,622.188,0,0.276,0.301,0.653,622.841,5,695
2,97,624.844,0,32.000,NaN,5.970,630.814,0,695
2,98,632.816,0,1.604,1.612,1.971,634.786,5,700
2,99,636.788,0,18.128,NaN,7.057,643.845,0,700
2,100,645.849,0,10.201,NaN,3.740,649.589,0,700
2,101,651.591,0,32.000,NaN,4.091,655.682,0,700
2,102,657.685,0,32.000,NaN,4.830,662.516,0,700
2,103,664.518,0,0.276,0.291,0.709,665.226,5,705
2,104,667.230,0,1.604,1.614,1.948,669.178,5,710
2,105,671.181,0,0.759,0.781,1.240,672.421,5,715
2,106,674.422,0,1.604,1.625,1.925,676.348,5,720
2,107,678.350,0,0.276,0.299,0.648,678.998,5,725
2,108,681.000,0,3.083,3.101,3.481,684.482,5,730
2,109,686.483,0,32.000,NaN,4.986,691.469,0,730
2,110,693.473,0,0.759,0.783,1.182,694.655,5,735
2,111,696.657,0,0.759,0.784,1.167,697.825,5,740
2,112,699.827,0,3.083,3.100,3.375,703.201,5,745
2,113,705.203,0,3.083,3.093,3.395,708.598,5,750
2,114,710.602,0,10.201,NaN,4.105,714.707,0,750
2,115,716.708,0,5.672,NaN,4.478,721.187,0,750
2,116,723.190,0,18.128,NaN,5.133,728.324,0,750
2,117,730.326,0,3.083,3.098,3.590,733.916,5,755
2,118,735.919,0,0.276,0.291,0.642,736.561,5,760
2,119,738.565,0,0.276,0.295,0.625,739.190,5,765
2,120,741.193,0,0.759,0.786,1.149,742.342,5,770
2,121,744.343,0,32.000,NaN,6.997,751.341,0,770
2,122,753.344,0,10.201,NaN,3.804,757.148,0,770
2,123,759.150,0,3.083,3.105,3.483,762.633,5,775
2,124,764.635,0,18.128,NaN,7.519,772.154,0,775
2,125,774.157,0,5.672,5.690,6.089,780.246,5,780
2,126,782.248,0,1.604,1.617,2.301,784.549,5,785
2,127,786.552,0,1.604,1.615,2.017,788.569,5,790
2,128,790.570,0,10.201,NaN,5.487,796.057,0,790
2,129,798.060,0,3.083,3.097,3.403,801.462,5,795
2,130,803.466,0,3.083,3.094,3.424,806.890,5,800
2,131,808.892,0,0.276,0.285,0.643,809.535,5,805
2,132,811.538,0,0.759,0.774,1.098,812.636,5,810
2,133,814.638,0,5.672,NaN,4.869,819.507,0,810
2,134,821.510,0,0.759,0.790,1.235,822.746,5,815
2,135,824.748,0,5.672,NaN,5.249,829.997,0,815
2,136,831.999,0,32.000,NaN,7.839,839.839,0,815
2,137,841.840,0,18.128,NaN,4.240,846.081,0,815
2,138,848.082,0,0.759,0.781,1.208,849.290,5,820
2,139,851.292,0,0.759,0.789,1.160,852.452,5,825
2,140,854.454,0,18.128,NaN,6.496,860.949,0,825
2,141,862.953,0,3.083,3.101,3.481,866.435,5,830
2,142,868.438,0,0.759,0.784,1.189,869.628,5,835
2,143,871.631,0,10.201,NaN,7.804,879.435,0,835
2,144,881.437,0,1.604,1.625,2.035,883.472,5,840
2,145,885.474,0,0.276,0.289,0.619,886.094,5,845
3,1,1.001,16,3.083,3.101,3.744,4.745,5,850
3,2,6.445,0,5.672,NaN,0.502,6.947,0,850
3,3,8.948,29,18.128,NaN,6.442,15.391,0,850
3,4,17.392,35,18.128,NaN,7.895,25.287,0,850
3,5,27.288,37,10.201,NaN,8.161,35.449,0,850
3,6,37.451,29,32.000,NaN,6.415,43.866,0,850
3,7,45.868,9,1.604,1.621,2.450,48.318,5,855
3,8,50.019,25,5.672,5.690,6.275,56.295,5,860
3,9,57.996,28,5.672,5.684,6.385,64.382,5,865
3,10,66.083,15,3.083,3.100,3.849,69.932,5,870
3,11,71.633,39,32.000,NaN,8.474,80.107,0,870
3,12,82.109,21,18.128,NaN,4.946,87.055,0,870
3,13,89.056,0,1.604,NaN,0.500,89.556,0,870
3,14,91.557,27,32.000,NaN,6.305,97.861,0,870
3,15,99.864,0,0.276,0.300,0.502,100.365,5,875
3,16,102.066,16,3.083,3.100,3.905,105.971,5,880
3,17,107.672,2,0.276,0.296,1.024,108.696,5,885
3,18,110.397,3,0.276,0.288,0.997,111.395,5,890
3,19,113.097,20,32.000,NaN,4.663,117.760,0,890
3,20,119.761,24,5.672,NaN,5.599,125.361,0,890
3,21,127.362,1,0.276,0.298,0.900,128.262,5,895
3,22,129.964,19,10.201,NaN,4.851,134.815,0,895
3,23,136.816,2,0.276,0.299,1.066,137.882,5,900
3,24,139.584,21,5.672,NaN,5.019,144.603,0,900
3,25,146.605,19,32.000,NaN,4.728,151.332,0,900
3,26,153.333,0,10.201,NaN,0.501,153.834,0,900
3,27,155.835,9,1.604,1.623,2.319,158.154,5,905
3,28,159.861,0,0.276,0.298,0.500,160.361,5,910
3,29,162.062,5,0.759,0.781,1.459,163.521,5,915
3,30,165.223,13,32.000,NaN,3.242,168.465,0,915
3,31,170.466,5,0.759,0.782,1.517,171.983,5,920
3,32,173.685,15,3.083,3.099,3.726,177.411,5,925
3,33,179.113,4,0.759,0.789,1.465,180.578,5,930
3,34,182.279,8,1.604,1.625,2.165,184.444,5,935
3,35,186.145,15,3.083,3.094,3.658,189.804,5,940
3,36,191.505,14,3.083,3.104,3.829,195.334,5,945
3,37,197.035,28,10.201,NaN,6.770,203.804,0,945
3,38,205.805,4,0.759,0.776,1.492,207.297,5,950
3,39,208.999,21,5.672,NaN,5.069,214.068,0,950
3,40,216.069,7,1.604,1.617,2.238,218.307,5,955
3,41,220.022,20,10.201,NaN,5.459,225.481,0,955
3,42,227.482,13,3.083,3.094,3.811,231.293,5,960
3,43,232.995,9,1.604,1.616,2.735,235.730,5,965
3,44,237.430,4,0.759,0.783,1.463,238.893,5,970
3,45,240.594,18,18.128,NaN,4.227,244.822,0,970
3,46,246.823,15,3.083,3.096,3.897,250.720,5,975
3,47,252.421,34,18.128,NaN,7.969,260.390,0,975
3,48,262.392,2,0.276,0.299,0.973,263.365,5,980
3,49,265.065,20,18.128,NaN,4.610,269.676,0,980
3,50,271.677,10,5.672,NaN,2.732,274.409,0,980
3,51,276.410,19,10.201,NaN,4.391,280.801,0,980
3,52,282.803,18,18.128,NaN,4.355,287.158,0,980
3,53,289.159,5,0.759,0.778,1.396,290.556,5,985
3,54,292.256,5,0.759,0.782,1.421,293.677,5,990
3,55,295.378,3,0.276,0.295,1.047,296.425,5,995
