0,1,,
0,1,0.287,0.496,0.700,0.921,1.149,1.341,1.537,1.728,1.918,2.104,2.288,2.475,2.662,2.849,3.042,3.227,3.421,3.604,3.789,3.978,4.165,4.359,4.543,4.731,4.917,5.103,5.289,5.472,5.650,5.836,6.020,6.199,6.387,6.564,6.750,6.941,7.127,7.310,7.492,7.676,7.852,8.038,8.220,8.412,8.572,8.771,8.960,9.165,9.354,9.532,9.708,9.907,10.088,10.272,10.433,10.603,
0,1,0.035,0.193,0.356,0.518,0.658,0.820,0.980,1.135,1.286,1.439,1.602,1.769,1.911,2.065,2.231,2.391,2.553,2.702,2.869,3.020,3.167,3.321,3.479,3.643,3.799,3.959,4.109,4.279,4.435,4.609,4.774,4.942,5.122,5.304,5.464,5.637,5.812,5.991,6.168,6.345,6.536,6.730,6.902,7.080,7.251,7.441,7.623,7.799,7.971,8.145,8.321,8.522,8.668,8.854,9.029,9.210,9.360,9.523,9.678,9.851,10.023,10.169,10.327,
0,1,0.151,0.309,0.460,0.615,0.774,0.938,1.093,1.268,1.417,1.570,1.715,1.864,2.019,2.165,2.269,2.388,2.548,
1,1,0.146,0.294,0.435,0.590,0.742,0.900,1.050,1.215,1.376,1.528,1.676,1.822,1.973,2.127,
1,2,0.104,0.250,0.399,0.548,0.707,0.854,1.016,1.156,1.320,1.485,1.650,1.808,1.961,2.119,
1,3,0.067,0.220,0.371,0.526,0.686,0.847,0.990,1.165,1.320,1.470,1.625,1.771,1.924,2.081,2.224,2.398,2.559,2.721,2.898,3.061,3.228,3.418,3.596,3.765,3.948,4.149,4.317,4.499,4.669,4.844,5.026,5.191,5.369,5.538,5.713,5.900,6.048,6.228,6.410,6.583,6.767,6.913,7.080,7.267,7.430,7.595,7.767,7.952,8.120,8.299,8.479,8.656,8.821,8.999,9.162,9.324,9.436,
1,4,0.035,0.207,0.377,0.557,0.726,0.898,1.062,1.224,1.370,1.562,1.748,1.929,2.067,2.266,2.433,2.614,2.793,2.977,3.161,3.335,3.516,3.704,3.842,4.029,4.219,4.417,4.578,4.750,4.942,5.098,5.271,5.449,5.615,5.767,5.891,6.071,6.250,6.421,6.591,6.778,6.953,7.135,7.307,7.484,7.681,7.861,8.048,8.240,8.420,8.577,8.747,8.920,9.090,9.272,9.429,9.610,9.776,9.966,10.148,10.343,10.523,10.721,10.905,11.089,11.274,11.461,11.643,11.839,12.020,12.215,
1,5,0.043,0.235,0.417,0.613,0.800,0.990,1.169,1.349,1.524,1.687,1.890,2.072,2.274,2.434,2.590,2.781,2.860,3.046,3.226,3.408,3.586,3.775,3.955,4.141,4.309,4.496,4.684,4.861,5.047,5.247,5.446,5.642,5.824,6.072,6.276,6.433,6.626,6.971,7.170,7.362,7.525,7.709,8.051,8.260,8.445,8.647,8.830,9.018,9.205,9.411,9.589,9.787,9.965,10.156,10.353,10.538,10.728,10.914,11.114,11.308,11.502,11.713,11.908,12.117,12.311,12.515,12.717,12.915,
1,6,0.041,0.233,0.427,0.621,0.811,0.990,1.172,1.347,1.566,1.721,1.922,2.102,2.284,2.469,2.648,2.833,3.022,3.175,3.363,3.562,3.715,3.905,4.091,4.283,4.470,4.659,4.851,5.050,5.235,5.419,5.617,5.803,5.978,6.160,
1,7,0.045,0.239,0.444,0.622,0.827,0.990,1.186,1.344,1.530,1.696,1.856,2.033,2.187,2.366,2.540,2.721,2.910,3.075,3.274,3.427,3.624,3.801,3.989,4.170,4.363,4.554,4.741,4.953,5.148,5.329,5.525,5.698,5.892,6.074,6.275,
1,8,0.056,0.266,0.441,0.649,0.817,1.016,1.201,1.376,1.573,1.767,1.952,2.150,2.343,2.532,2.731,2.943,3.139,3.343,3.552,3.768,3.979,4.200,4.407,4.603,4.802,4.999,5.198,5.400,5.604,5.805,6.019,6.213,6.412,6.617,6.828,7.039,7.251,7.459,7.660,7.870,8.066,8.280,
1,9,0.123,0.320,0.526,0.708,0.905,1.097,1.277,1.451,1.623,1.793,1.986,2.177,
1,10,0.149,0.343,0.540,0.734,0.916,1.116,1.295,1.478,1.647,1.823,1.992,2.397,2.553,2.726,2.897,3.036,3.230,3.401,3.582,3.738,3.939,4.084,4.271,4.439,4.618,4.774,4.989,5.182,5.365,5.542,5.698,5.839,5.988,6.156,6.326,6.483,6.649,6.829,7.016,7.207,7.403,7.586,7.766,7.968,8.156,8.367,8.526,
1,11,0.172,0.358,0.534,0.687,0.865,1.044,1.214,1.433,1.579,1.743,1.904,2.069,2.275,
1,12,0.182,0.370,0.568,0.744,0.918,1.105,1.292,1.465,1.667,1.843,2.018,2.246,2.406,2.594,2.768,3.150,3.354,3.543,3.732,3.926,4.135,4.323,4.526,4.706,4.886,5.051,5.269,5.459,5.651,5.836,6.032,6.219,
1,13,0.125,0.329,0.538,0.744,0.941,1.162,1.354,1.565,1.731,1.907,2.092,2.293,2.478,2.661,2.860,3.184,3.372,3.549,3.716,3.907,4.311,4.474,4.644,4.834,5.030,5.228,5.425,5.637,5.819,5.996,6.178,6.387,6.589,6.788,6.981,7.179,7.350,7.547,7.747,7.941,8.138,8.321,8.534,8.724,8.916,9.120,9.321,9.526,9.725,9.929,10.120,10.322,10.523,10.710,10.902,11.096,11.302,11.523,11.701,11.893,12.097,12.303,12.524,12.705,12.900,13.102,13.296,13.469,13.670,13.855,14.024,14.188,
1,14,0.230,0.421,0.604,0.798,1.021,1.395,1.619,1.801,2.022,2.216,2.433,2.638,2.872,3.066,3.279,3.492,3.698,3.902,4.118,4.331,4.550,4.773,4.999,5.216,5.432,5.652,5.873,6.094,6.315,6.524,6.746,6.917,7.141,7.348,7.578,7.809,8.024,8.229,8.465,8.678,8.898,9.126,9.334,9.538,9.775,9.985,10.189,10.392,10.609,10.815,11.024,11.241,11.449,11.667,11.893,12.121,12.352,12.567,12.777,12.981,13.202,13.435,13.668,13.894,14.101,
1,15,0.203,0.407,0.615,0.808,1.024,1.218,1.420,1.622,1.808,2.010,2.204,2.413,2.611,2.818,3.020,3.225,3.418,3.612,3.804,4.013,4.213,4.416,4.618,4.804,5.024,5.215,5.419,5.598,5.814,6.012,6.231,
1,16,0.074,0.295,0.496,0.711,0.910,1.101,1.302,1.512,1.709,1.917,2.129,2.325,2.515,2.717,2.913,3.146,3.357,3.562,3.782,3.980,4.186,4.396,4.595,4.805,5.017,5.213,5.403,5.598,5.807,6.017,6.221,6.427,6.648,6.860,7.060,7.282,7.488,7.690,7.898,8.101,8.302,8.501,8.715,8.926,9.149,9.332,9.522,9.722,9.919,10.133,10.330,10.553,10.750,10.966,11.177,11.370,11.583,11.767,11.969,12.134,
1,17,0.177,0.360,0.549,0.731,0.918,1.127,1.324,1.517,1.730,1.935,2.142,2.339,2.545,2.749,2.961,3.159,3.374,3.599,3.805,4.019,4.221,4.427,4.644,4.852,5.070,5.273,5.500,5.717,5.936,6.143,6.390,6.584,6.807,7.032,7.244,7.449,7.680,7.896,8.137,8.387,8.565,8.775,8.990,9.206,9.420,9.638,9.845,10.071,10.299,10.522,10.739,10.939,11.151,11.360,11.576,11.805,12.022,12.235,12.456,12.671,12.890,13.103,13.312,13.523,13.741,13.968,14.187,
1,18,0.122,0.341,0.547,0.771,0.962,1.149,1.592,1.746,1.953,2.156,2.350,2.571,2.735,2.930,3.157,3.327,3.498,3.695,3.892,4.091,4.290,4.489,4.676,4.866,5.057,5.242,5.441,5.643,5.832,6.038,6.210,6.480,6.692,6.833,6.984,7.105,7.245,7.375,7.493,7.641,7.742,7.910,8.059,8.188,8.311,8.468,8.563,8.723,8.835,8.983,9.099,9.242,9.345,9.484,9.597,9.739,9.895,10.028,10.188,10.325,10.448,10.585,10.718,10.862,10.989,11.142,11.276,11.412,11.538,11.670,11.786,11.942,12.105,12.223,12.345,12.494,12.618,12.762,12.893,13.051,13.179,13.330,13.459,13.616,13.760,13.911,14.027,14.193,14.299,14.455,14.587,14.736,14.856,15.011,15.094,15.264,15.394,15.554,15.666,15.834,15.991,16.127,
1,19,0.162,0.270,0.424,0.516,0.682,0.789,0.952,1.233,1.340,1.524,1.650,1.828,1.922,2.090,2.199,2.375,2.496,2.666,2.817,2.962,3.090,3.243,3.401,3.547,3.739,3.892,4.033,4.191,4.351,4.484,4.622,4.768,4.919,5.069,5.194,5.332,5.486,5.615,5.769,5.907,6.034,6.167,6.279,6.448,6.743,7.044,7.316,7.415,7.637,7.734,7.930,8.065,8.205,8.319,8.520,8.618,8.822,8.906,9.160,9.394,9.655,9.850,9.948,10.169,10.310,10.480,10.638,10.784,10.907,11.066,11.200,11.369,11.488,11.683,11.923,12.163,12.287,12.421,12.565,12.708,12.842,12.956,13.139,13.431,13.664,13.893,14.026,14.140,14.295,14.540,14.773,15.030,15.288,15.555,15.832,16.101,
1,20,0.060,0.233,0.411,0.604,0.802,0.960,1.162,1.337,1.521,1.701,1.897,2.092,2.298,2.479,2.676,2.872,3.066,3.272,3.460,3.681,3.868,4.066,4.272,4.468,4.659,4.857,5.052,5.273,5.451,5.649,5.859,6.057,6.273,6.481,6.680,6.890,7.077,7.274,7.486,7.680,7.873,8.090,
1,21,0.168,0.364,0.567,0.766,0.949,1.150,1.340,1.539,1.726,1.929,2.120,2.323,2.517,2.692,2.872,3.054,3.241,3.445,3.634,3.829,4.050,4.251,4.468,4.662,4.885,5.092,5.298,5.490,5.701,5.895,6.104,6.301,6.486,6.682,6.912,7.100,7.299,7.523,7.724,7.932,8.146,
1,22,0.069,0.271,0.455,0.659,1.036,1.236,1.422,1.612,1.828,2.034,2.251,2.445,2.651,2.855,3.066,3.272,3.475,3.671,3.872,4.094,4.277,4.495,4.681,4.890,5.107,5.305,5.524,5.704,5.910,6.122,
1,23,0.066,0.292,0.495,0.708,0.924,1.140,1.364,1.560,1.785,1.995,2.226,2.441,2.655,2.886,3.127,3.350,3.571,3.789,4.020,4.202,4.408,4.637,4.847,5.035,5.270,5.476,5.705,5.918,6.150,6.352,6.563,6.788,6.996,7.204,7.412,7.638,7.856,8.085,8.308,8.532,8.751,8.974,9.200,9.436,9.656,9.872,10.099,10.339,10.564,10.797,11.023,11.273,11.523,11.745,11.981,12.209,12.441,12.674,12.900,13.141,13.355,13.586,13.816,14.025,14.275,14.485,14.705,14.931,15.159,15.392,15.611,15.843,16.099,
1,24,0.115,0.341,0.544,0.765,0.994,1.215,1.461,1.681,1.897,2.122,2.354,2.590,2.800,3.028,3.268,3.495,3.762,3.964,4.184,4.420,4.655,4.895,5.146,5.331,5.576,5.796,6.016,6.263,6.496,6.717,6.945,7.188,7.413,7.656,7.897,8.116,8.351,8.574,8.780,9.014,9.233,9.498,9.721,9.949,10.195,
1,25,0.154,0.375,0.608,0.822,1.050,1.278,1.518,1.746,2.018,2.268,2.490,2.741,2.983,3.217,3.468,3.699,3.923,4.170,4.393,4.627,4.868,5.102,5.346,5.574,5.800,6.042,6.277,6.521,6.771,7.021,7.271,7.500,7.796,7.983,8.209,8.445,8.662,8.915,9.105,9.326,9.544,9.772,10.022,10.244,10.489,10.732,10.953,11.193,11.438,11.670,11.900,12.143,
1,26,0.247,0.603,0.830,1.073,1.308,1.539,1.795,2.024,2.265,2.496,2.717,2.940,3.180,3.409,3.649,3.899,4.104,4.342,4.570,4.800,5.043,5.250,5.458,5.672,5.900,6.107,6.331,6.583,6.779,6.991,7.214,7.445,7.663,7.889,8.118,8.341,8.589,8.819,9.067,9.298,9.538,9.778,10.000,10.231,10.466,10.694,10.929,11.143,11.337,11.554,11.779,12.019,12.228,12.451,12.674,12.893,13.120,13.351,13.584,13.814,14.027,14.241,14.461,14.685,14.894,15.118,15.354,15.589,15.835,16.068,16.293,
1,27,0.043,0.261,0.454,0.655,0.895,1.074,1.279,1.478,1.645,1.824,1.989,2.146,2.301,2.455,2.618,2.763,2.896,3.019,3.146,3.286,3.569,3.839,3.958,4.147,4.210,4.404,4.605,4.733,4.842,5.036,5.247,5.364,5.470,5.679,5.864,6.014,6.127,6.271,
1,28,0.032,0.184,0.275,0.444,0.565,0.694,0.837,0.970,1.088,1.247,1.400,1.543,1.687,1.945,2.279,2.532,2.821,2.965,3.101,3.260,3.413,3.552,3.680,3.872,3.970,4.156,4.292,4.443,4.589,4.778,4.948,5.092,5.225,5.419,5.511,5.805,5.967,6.145,6.312,6.412,6.599,6.704,6.899,7.028,7.194,7.320,7.483,7.606,7.779,7.896,8.087,8.239,8.403,8.588,8.735,8.896,9.050,9.185,9.346,9.488,9.676,9.829,9.970,10.119,
1,29,0.099,0.243,0.401,0.552,0.688,0.831,0.986,1.115,1.285,1.459,1.587,1.752,1.899,2.034,2.204,2.345,2.499,2.624,2.796,2.934,3.096,3.242,3.403,3.539,3.697,3.833,3.991,4.106,4.293,
1,30,0.038,0.127,0.319,0.436,0.670,0.898,1.148,1.299,1.376,1.567,1.716,1.821,2.037,2.252,
1,31,0.091,0.235,0.329,0.537,0.750,0.903,1.000,1.201,1.483,1.721,1.914,2.102,2.306,2.488,2.692,2.898,3.100,3.301,3.515,3.685,3.873,4.076,
1,32,0.121,0.299,0.476,0.660,0.846,1.042,1.223,1.419,1.589,1.783,1.968,2.149,2.339,2.543,2.741,2.932,3.138,3.335,3.528,3.716,3.909,4.104,4.308,4.522,4.706,4.895,5.095,5.287,5.466,5.654,5.822,5.992,6.183,6.371,6.560,6.773,6.951,7.140,7.310,7.523,7.674,7.864,8.060,
1,33,0.126,0.262,0.408,0.536,0.680,0.801,0.971,1.101,1.263,1.433,1.732,1.896,2.022,2.171,2.322,2.466,2.647,2.781,3.071,3.298,3.579,3.752,3.946,4.083,4.199,4.364,4.492,4.648,4.771,4.949,5.180,5.317,5.477,5.789,6.081,6.218,6.359,6.515,6.655,6.795,6.948,7.149,7.285,7.445,7.621,7.769,7.899,8.038,8.245,8.491,8.650,8.748,8.922,9.080,9.357,9.492,9.626,9.799,9.903,10.086,10.220,10.401,10.534,10.702,10.823,11.017,11.157,11.314,11.450,11.590,11.698,11.901,12.176,12.443,12.693,12.837,12.968,13.138,13.268,13.427,13.545,13.679,13.801,14.075,14.207,
1,34,0.027,0.161,0.284,0.434,0.560,0.678,0.780,0.900,1.028,1.272,1.494,1.730,2.011,2.268,2.583,2.830,3.058,3.182,3.347,3.623,3.875,4.167,4.405,4.660,4.957,5.156,5.377,5.688,5.925,6.176,6.396,6.612,6.824,7.037,7.230,7.407,7.594,7.750,7.919,8.073,8.245,
1,35,0.159,0.356,0.529,0.684,0.862,1.039,1.213,1.402,1.585,1.787,1.961,2.141,2.313,2.492,2.670,2.856,3.032,3.230,3.415,3.593,3.792,3.974,4.160,4.324,4.521,4.705,4.887,5.070,5.246,5.450,5.638,5.816,5.990,6.187,6.367,6.556,6.772,6.935,7.125,7.316,7.522,7.707,7.921,8.108,8.302,8.526,8.722,8.889,9.050,9.319,9.557,9.773,9.979,10.124,10.390,10.501,10.640,10.774,10.894,11.024,11.154,11.274,11.410,11.527,11.685,11.807,11.960,12.082,12.241,12.342,12.502,12.775,13.049,13.275,13.433,13.686,13.926,14.092,14.195,14.392,14.497,14.664,14.938,15.212,15.414,15.583,15.776,15.917,16.083,16.207,
1,36,0.036,0.216,0.403,0.579,0.890,1.089,1.270,1.462,1.654,1.851,2.047,2.228,2.429,2.623,2.832,3.038,3.223,3.411,3.580,3.784,3.970,4.138,4.299,4.478,4.656,4.830,5.022,5.175,5.363,5.554,5.746,5.946,6.146,6.339,6.526,6.720,6.909,7.101,7.300,7.493,7.686,7.890,8.097,8.283,8.483,8.692,8.891,9.081,9.274,9.444,9.665,9.855,10.054,10.241,10.427,10.623,10.814,11.025,11.208,11.408,11.587,11.779,12.166,12.366,12.565,12.762,12.961,13.143,13.333,13.526,13.794,13.957,14.146,
1,37,0.033,0.239,0.440,0.646,0.838,1.023,1.237,1.424,1.607,1.807,2.014,2.221,
1,38,0.082,0.277,0.466,0.660,0.877,1.088,1.302,1.510,1.718,1.930,2.155,2.353,2.584,2.780,2.991,3.188,3.404,3.628,3.826,4.030,4.248,4.461,4.667,4.895,5.096,5.346,5.543,5.762,5.974,6.182,6.367,6.570,6.784,7.013,7.200,7.425,7.630,7.843,8.057,
1,39,0.138,0.371,0.563,0.781,0.991,1.226,1.465,1.680,1.895,2.117,2.326,2.552,2.772,2.960,3.186,3.402,3.606,3.814,4.040,
1,40,0.091,0.295,0.516,0.715,0.899,1.109,1.324,1.520,1.736,1.927,2.110,2.333,2.546,2.767,2.982,3.204,3.408,3.616,3.814,4.024,4.232,4.445,4.662,4.871,5.101,5.310,5.522,5.736,5.946,6.164,
1,41,0.037,0.226,0.426,0.638,0.846,1.056,1.271,1.476,1.682,1.912,2.124,2.347,2.551,2.775,2.996,3.215,3.434,3.658,3.889,4.116,4.330,
1,42,0.101,0.325,0.536,0.774,0.991,1.209,1.440,1.648,1.891,2.127,2.360,2.600,2.817,3.047,3.279,3.525,3.744,3.975,4.243,4.470,4.703,4.927,5.187,5.405,5.643,5.868,6.102,6.343,6.608,6.858,7.076,7.318,7.532,7.751,7.972,8.186,8.414,8.647,8.916,9.121,9.338,9.575,9.795,10.034,10.262,10.478,10.723,10.962,11.182,11.408,11.649,11.896,12.118,12.365,12.588,12.819,13.061,13.294,13.534,13.751,13.973,14.194,
1,43,0.114,0.343,0.556,0.774,0.996,1.217,1.426,1.644,1.858,2.092,2.310,2.528,2.750,2.978,3.189,3.390,3.607,3.836,4.058,
1,44,0.184,0.414,0.645,0.871,1.080,1.293,1.527,1.729,1.947,2.163,2.361,2.579,2.763,3.019,3.205,3.396,3.599,3.860,4.049,4.263,
1,45,0.148,0.331,0.535,0.746,0.962,1.193,1.403,1.623,1.800,2.023,2.242,2.448,2.669,2.900,3.117,3.311,3.517,3.729,3.927,4.150,4.350,4.574,4.789,5.017,5.212,5.441,5.649,5.868,6.091,6.312,6.557,6.800,6.997,7.235,7.464,7.682,7.917,8.139,8.374,8.593,8.838,9.071,9.313,9.527,9.770,9.988,10.226,
1,46,0.059,0.280,0.511,0.761,0.982,1.215,1.485,1.715,1.927,2.152,2.601,2.822,3.070,3.308,3.543,3.776,4.012,4.226,4.472,4.711,4.945,5.175,5.400,5.647,5.866,6.105,
1,47,0.247,0.468,0.711,0.971,1.216,1.463,1.682,1.893,2.095,
1,48,0.051,0.321,0.566,0.794,1.015,1.265,1.497,1.742,1.992,2.220,2.445,2.688,2.948,3.171,3.403,3.650,3.828,4.043,4.267,4.500,4.735,4.961,5.190,5.401,5.651,5.875,6.084,6.268,6.472,6.678,6.892,7.119,7.324,7.540,7.768,7.997,8.211,8.451,8.679,8.900,9.117,9.345,9.546,9.784,10.019,10.235,10.478,10.706,10.934,11.168,11.390,11.620,11.843,12.083,12.310,12.550,12.771,13.000,13.234,13.443,13.668,13.900,14.138,
1,49,0.074,0.305,0.519,0.744,0.975,1.206,1.439,1.653,1.864,2.090,2.320,2.543,2.767,2.974,3.206,3.432,3.672,3.901,4.120,4.336,4.567,4.785,5.018,5.239,5.465,5.697,6.152,6.385,6.607,6.832,7.070,7.291,7.526,7.769,7.988,8.217,8.445,8.699,8.934,9.146,9.386,9.637,9.861,10.096,10.317,10.552,10.783,11.002,11.271,11.462,11.657,11.907,12.107,
1,50,0.116,0.343,0.581,0.819,1.045,1.275,1.498,1.708,1.919,2.101,2.329,2.559,2.791,3.002,3.221,3.433,3.650,3.850,4.077,4.318,4.520,4.770,4.991,5.214,5.434,5.620,5.819,6.059,6.321,6.552,6.782,7.018,7.226,7.464,7.698,7.917,8.135,8.398,8.602,8.813,9.048,9.273,9.519,9.734,9.949,10.179,
1,51,0.067,0.274,0.491,0.743,0.910,1.123,1.345,1.542,1.751,1.972,2.181,2.395,2.605,2.814,3.058,3.252,3.468,3.685,3.924,4.142,4.359,4.587,4.798,5.024,5.259,5.486,5.707,5.937,6.150,6.393,6.603,6.836,7.070,7.277,7.484,7.695,7.916,8.127,8.332,8.559,8.787,8.997,9.208,9.429,9.655,9.876,10.093,
1,52,0.059,0.295,0.518,0.768,0.999,1.223,1.449,1.667,1.885,2.119,
1,53,0.096,0.317,0.533,0.766,0.980,1.201,1.409,1.649,1.849,2.075,2.300,2.523,2.766,2.988,3.206,3.437,3.654,3.872,4.108,4.331,4.547,4.767,5.018,5.230,5.455,5.688,5.894,6.135,6.354,6.575,6.810,7.035,7.278,7.519,7.746,7.998,8.245,8.487,8.729,8.988,9.226,9.463,9.704,9.917,10.163,
1,54,0.183,0.421,0.605,0.825,1.043,1.251,1.440,1.638,1.778,1.907,2.039,2.175,2.311,2.443,2.591,2.860,3.022,3.193,3.315,3.441,3.598,3.697,3.869,3.981,4.140,4.412,4.523,4.694,4.791,4.973,5.274,5.400,5.550,5.667,5.820,5.920,6.074,6.183,6.358,6.464,6.624,6.774,6.905,7.039,7.175,7.281,7.440,7.574,7.725,7.873,8.025,8.215,8.398,8.592,8.795,8.963,9.179,9.339,9.526,9.713,9.892,10.088,10.288,10.466,10.643,10.813,10.981,11.143,11.300,11.483,11.658,11.821,12.010,12.168,12.363,12.497,12.678,12.828,13.030,13.200,13.376,13.517,13.688,13.851,14.061,14.261,
1,55,0.185,0.399,0.569,0.742,0.914,1.106,1.285,1.448,1.649,1.844,2.033,2.210,2.400,2.561,2.738,2.905,3.095,3.282,3.439,3.620,3.823,4.027,4.214,4.428,4.785,4.991,5.205,5.409,5.623,5.839,6.065,6.290,6.538,6.778,7.036,7.281,7.553,7.781,8.019,8.238,
1,56,0.235,0.469,0.708,0.962,1.191,1.400,1.620,1.834,2.064,2.280,2.462,2.675,2.869,3.096,3.282,3.489,3.688,3.916,4.152,4.395,4.635,4.856,5.088,5.323,5.548,5.781,6.031,6.282,6.519,6.744,6.968,7.172,7.417,7.625,7.843,8.046,8.246,8.469,8.683,8.887,9.094,9.305,9.521,9.747,9.948,10.158,
1,57,0.100,0.299,0.498,0.697,0.902,1.105,1.304,1.532,1.734,1.945,2.146,2.354,2.565,2.773,2.956,3.154,3.349,3.553,3.764,3.959,4.179,4.364,4.568,4.798,4.998,5.187,5.374,5.576,5.798,5.986,6.188,6.399,6.589,6.799,7.002,7.208,7.414,7.649,7.853,8.080,
1,58,0.201,0.422,0.599,0.969,1.145,1.325,1.522,1.653,1.821,1.965,2.136,2.279,2.456,2.589,2.745,2.886,3.031,3.191,3.299,3.436,3.566,3.721,3.858,4.020,4.151,4.293,4.430,4.559,4.700,4.849,4.980,5.137,5.277,5.425,5.561,5.714,5.855,6.002,6.166,6.313,6.457,6.611,6.733,6.888,7.022,7.165,7.318,7.462,7.608,7.742,7.873,8.026,8.153,8.312,8.441,8.592,8.739,8.914,9.023,9.228,9.523,9.740,9.926,10.075,10.190,10.402,10.560,10.715,10.870,11.024,11.182,11.320,11.437,11.613,11.774,11.937,12.248,
1,59,0.118,0.350,0.565,0.786,0.993,1.214,1.425,1.643,1.843,2.060,2.267,2.472,2.673,2.894,3.095,3.316,3.541,3.744,3.985,4.218,
1,60,0.095,0.321,0.549,0.773,0.987,1.205,1.434,1.663,1.890,2.092,2.317,2.565,2.774,2.986,3.211,3.454,3.657,3.891,4.111,4.358,4.574,4.814,5.031,5.275,5.489,5.707,5.926,6.169,6.404,6.642,6.849,7.080,7.295,7.509,7.738,7.966,8.209,8.444,8.669,8.908,9.143,9.373,9.613,9.841,10.068,10.282,10.502,10.735,10.943,11.169,11.394,11.603,11.826,12.052,
1,61,0.148,0.375,0.596,0.805,1.025,1.244,1.468,1.709,1.931,2.162,2.392,2.619,2.842,3.066,3.283,3.510,3.731,3.950,4.185,4.445,4.618,4.861,5.053,5.299,5.484,5.722,5.953,6.171,6.394,6.624,6.838,7.071,7.301,7.546,7.772,7.995,8.235,
1,62,0.052,0.298,0.536,0.776,1.009,1.226,1.468,1.694,1.943,2.174,2.425,2.650,2.893,3.118,3.355,3.593,3.809,4.019,4.261,4.490,4.715,4.951,5.171,5.401,5.645,5.861,6.101,6.340,6.558,6.789,6.997,7.231,7.435,7.646,7.805,8.116,8.279,8.489,8.693,8.874,9.089,9.294,9.513,9.679,9.904,10.116,10.332,10.535,10.737,10.960,11.154,11.367,11.579,11.789,12.014,12.219,12.408,12.583,12.791,12.999,13.214,13.418,13.618,13.819,14.032,14.266,14.475,14.697,14.949,15.149,15.359,15.572,15.781,15.994,16.209,
1,63,0.099,0.307,0.525,0.718,0.921,1.142,1.356,1.567,1.774,1.985,2.211,
1,64,0.235,0.440,0.665,0.898,1.096,1.331,1.538,1.765,1.965,2.176,2.406,2.606,2.815,3.036,3.249,3.451,3.682,3.900,4.117,4.296,4.517,4.724,4.935,5.150,5.365,5.617,5.831,6.032,6.272,6.485,6.703,6.909,7.121,7.331,7.548,7.768,7.963,8.199,8.405,8.607,8.825,9.039,9.251,9.457,9.657,9.867,10.090,10.304,10.526,10.740,10.966,11.156,11.349,11.569,11.788,12.001,12.210,
1,65,0.058,0.286,0.524,0.744,0.955,1.188,1.401,1.611,1.831,2.062,
1,66,0.048,0.271,0.487,0.697,0.911,1.146,1.330,1.541,1.763,1.977,2.181,2.396,2.627,2.847,3.060,3.276,3.481,3.684,3.901,4.111,4.323,4.538,4.764,4.961,5.172,5.372,5.582,5.776,5.996,6.195,6.402,6.608,6.851,7.074,7.314,7.519,7.725,7.945,8.152,8.361,8.553,8.766,8.965,9.189,9.406,9.607,9.823,10.039,10.251,
1,67,0.189,0.410,0.624,0.830,1.046,1.267,1.474,1.687,1.901,2.117,2.331,2.552,2.768,2.970,3.186,3.401,3.598,3.817,4.025,4.242,4.461,4.664,4.901,5.114,5.325,5.536,6.019,6.221,6.429,6.646,6.838,7.037,7.270,7.470,7.682,7.898,8.111,8.322,8.547,8.751,8.970,9.168,9.387,9.597,9.807,10.021,10.226,10.432,10.612,10.812,11.034,11.251,11.468,11.678,11.895,12.101,
1,68,0.183,0.387,0.589,0.795,1.021,1.207,1.429,1.638,1.850,2.070,2.286,2.522,2.724,2.949,3.180,3.389,3.603,3.817,4.022,4.228,4.448,4.657,4.889,5.067,5.276,5.490,5.705,5.910,6.113,6.320,6.536,6.742,6.944,7.140,7.328,7.530,7.725,7.940,8.165,8.398,8.588,8.792,8.992,9.200,9.421,9.593,9.808,10.045,10.275,10.490,10.690,10.904,11.119,11.344,11.512,11.737,11.934,12.170,
1,69,0.218,0.434,0.653,0.872,1.083,1.300,1.517,1.710,1.927,2.154,2.359,2.552,2.775,2.991,3.215,3.421,3.625,3.849,4.074,4.301,4.518,4.724,4.956,5.169,5.385,5.609,5.822,6.019,6.226,6.448,6.619,6.862,7.098,7.320,7.523,7.718,7.930,8.163,8.387,8.623,8.824,9.047,9.274,9.499,9.707,10.166,10.388,10.595,10.816,11.036,11.271,11.482,11.704,11.934,12.142,12.360,12.585,12.794,13.022,13.233,13.438,13.643,13.843,14.071,
1,70,0.150,0.342,0.561,0.774,1.001,1.205,1.421,1.648,1.868,2.069,2.292,2.518,2.725,2.936,3.152,3.366,3.592,3.810,4.019,4.236,
1,71,0.079,0.293,0.502,0.708,0.910,1.117,1.338,1.539,1.733,1.942,2.150,2.340,2.554,2.767,2.977,3.200,3.401,3.614,3.817,4.021,4.230,4.424,4.637,4.832,5.031,5.211,5.385,5.541,5.701,5.832,5.973,6.107,6.313,6.519,6.706,6.895,7.046,7.251,7.386,7.544,7.704,7.855,8.042,8.248,8.398,8.587,8.792,8.970,9.187,9.387,9.587,9.790,9.994,10.220,10.419,10.652,10.823,11.034,11.245,
1,72,0.123,0.327,0.548,0.750,0.973,1.172,1.392,1.592,1.798,2.016,2.221,2.437,2.643,2.865,3.064,3.287,3.496,3.700,3.916,4.144,
1,73,0.249,0.456,0.656,0.869,1.100,1.313,1.517,1.736,1.954,2.187,2.407,2.622,2.850,3.076,3.274,3.501,3.717,3.946,4.152,4.364,4.575,4.783,4.990,5.208,5.420,5.623,5.840,6.049,6.238,6.439,6.650,
1,74,0.172,0.391,0.617,0.824,1.027,1.220,1.428,1.613,1.815,2.034,2.247,2.455,2.671,2.890,3.094,3.335,3.543,3.769,3.965,4.177,
1,75,0.215,0.421,0.641,0.831,1.052,1.275,1.460,1.675,1.873,2.097,2.317,2.536,2.735,2.969,3.165,3.352,3.553,3.767,3.987,4.197,4.411,4.643,4.868,5.076,5.294,
1,76,0.221,0.437,0.656,0.859,1.069,1.308,1.517,1.719,1.925,2.150,2.362,2.583,2.804,3.017,3.236,3.448,3.651,3.853,4.079,4.290,4.497,4.745,4.961,5.168,5.374,5.577,5.781,
1,77,0.111,0.320,0.499,0.703,0.857,1.068,1.271,1.479,1.682,1.905,2.113,2.316,
1,78,0.331,0.529,0.737,0.948,1.162,1.574,1.808,2.043,
1,79,0.263,0.480,0.680,0.896,1.100,1.326,1.556,1.777,1.987,2.201,2.412,2.621,2.845,3.058,3.279,3.496,3.718,3.935,4.148,4.343,4.561,4.787,5.015,5.236,5.462,5.673,5.899,6.115,
1,80,0.184,0.400,0.593,0.799,1.017,1.224,1.445,1.651,1.848,2.040,2.268,2.453,2.664,2.901,3.082,3.288,3.440,3.670,3.905,4.084,4.288,4.502,4.717,4.889,5.110,5.323,5.544,5.770,5.966,6.188,6.414,6.642,6.866,7.072,7.295,7.520,7.721,7.927,8.137,8.327,8.533,8.747,8.949,9.174,
1,81,0.157,0.359,0.562,0.764,0.954,1.147,1.397,1.556,1.942,2.148,2.324,2.532,2.731,2.942,3.158,3.398,3.603,3.807,4.015,4.227,4.433,4.649,4.832,5.026,5.235,5.449,5.656,5.867,6.061,6.270,6.464,6.672,6.891,7.115,7.318,7.524,7.746,7.948,8.156,8.389,8.601,8.805,9.018,9.211,9.409,9.621,9.818,10.018,10.218,10.417,10.626,10.853,11.058,11.243,11.452,11.664,11.875,12.075,12.282,
1,82,0.124,0.336,0.539,0.770,0.960,1.154,1.353,1.569,1.790,2.021,2.212,2.429,2.672,2.859,3.092,3.313,3.546,3.735,3.966,4.187,4.403,4.617,4.821,5.032,5.272,5.477,5.712,5.952,6.171,6.399,6.611,6.839,7.059,7.250,7.456,7.672,7.890,8.101,8.322,8.539,8.743,8.976,9.196,9.415,9.603,9.809,10.031,10.274,
1,83,0.181,0.406,0.650,0.840,1.065,1.277,1.483,1.702,1.915,2.125,2.333,2.532,2.751,2.962,3.190,3.404,3.621,3.829,4.033,4.249,4.448,4.635,4.839,5.031,5.249,5.456,5.647,5.869,6.075,6.301,6.519,6.747,6.949,7.153,7.372,7.581,7.787,8.001,8.226,8.429,8.640,8.848,9.057,9.270,9.484,9.695,9.904,10.109,
