0,1,0.311,0.619,0.923,1.263,1.584,1.896,2.207,2.517,2.849,3.179,3.517,3.897,4.161,4.514,4.847,5.163,5.515,5.838,6.173,6.492,6.823,7.162,7.497,7.824,8.162,8.473,8.805,9.150,9.490,9.808,10.150,
0,1,0.360,0.651,0.987,1.272,1.611,1.956,2.268,2.574,2.885,3.194,3.546,3.862,4.189,4.486,4.816,5.141,5.482,5.794,6.137,6.460,6.790,7.113,7.446,7.788,8.105,8.412,8.749,9.063,9.388,9.701,10.042,
0,1,,
0,1,0.227,0.519,0.820,1.114,1.410,1.721,2.019,2.306,2.600,2.916,3.226,3.535,3.848,4.166,4.520,4.805,5.108,5.415,5.713,6.033,6.352,6.685,6.984,7.284,7.639,7.940,8.272,8.586,
2,1,0.269,0.534,0.798,1.083,1.356,1.646,1.897,2.178,2.460,2.750,3.048,3.335,3.647,3.973,4.264,4.598,4.898,5.173,5.476,5.772,6.091,
2,2,0.238,0.499,0.774,1.075,1.367,1.659,1.949,2.243,2.552,2.834,3.127,3.405,3.708,4.025,4.341,4.687,5.026,5.335,5.653,5.985,
2,3,0.354,0.647,0.951,1.243,1.541,1.855,2.173,2.441,2.775,3.059,3.392,3.657,3.986,4.303,4.643,4.934,5.260,5.543,5.850,6.166,6.472,6.764,7.096,7.423,
2,4,0.224,0.519,0.823,1.142,1.495,1.818,2.102,2.413,2.751,3.026,3.348,3.640,3.954,4.270,4.572,4.866,5.189,5.521,5.825,6.194,6.528,6.874,7.187,7.551,7.895,8.203,8.522,8.838,9.186,
2,5,0.231,0.554,0.841,1.140,1.452,1.771,2.045,2.360,2.701,3.021,3.248,3.551,3.862,4.159,4.469,4.782,5.125,5.464,5.783,6.120,
2,6,0.227,0.553,0.869,1.160,1.483,1.840,2.156,
2,7,0.245,0.512,0.830,1.146,1.441,1.739,2.059,2.367,2.673,2.987,3.294,3.594,3.944,4.221,4.517,4.839,5.147,5.475,5.784,6.148,6.442,6.734,7.064,7.416,7.765,8.060,
2,8,0.271,0.561,0.815,1.124,1.427,1.717,2.043,2.353,2.677,2.976,3.307,3.604,3.905,4.199,4.523,4.823,5.150,5.464,5.774,6.056,
2,9,0.229,0.519,0.818,1.177,1.471,1.769,2.053,2.372,2.684,3.020,3.307,3.625,3.942,4.270,4.557,4.887,5.183,5.488,5.825,6.150,6.435,6.721,6.975,7.367,7.655,7.962,8.272,8.595,8.911,9.222,9.530,9.853,10.174,10.459,10.784,
2,10,0.295,0.599,0.890,1.196,1.527,1.845,2.140,2.441,2.739,3.049,3.398,3.709,3.994,4.275,4.569,4.858,5.218,5.500,5.800,6.116,
2,11,0.222,0.525,0.795,1.125,1.413,1.718,2.026,2.342,2.646,2.964,3.260,3.566,3.862,4.165,4.489,4.780,5.076,5.394,5.705,5.989,6.365,6.676,7.011,7.322,7.655,7.998,8.302,8.646,8.964,9.278,9.621,9.940,
2,12,0.299,0.617,0.949,1.244,1.554,1.889,2.149,2.436,2.773,3.023,3.371,3.674,3.998,4.312,4.617,4.934,5.274,5.566,5.872,6.155,6.481,6.824,7.124,7.474,7.799,8.118,8.472,8.832,9.152,9.454,9.810,10.155,10.456,10.821,11.163,11.486,11.814,12.118,12.474,12.792,
2,13,0.354,0.635,0.944,1.269,1.580,1.877,2.196,2.487,2.797,3.115,3.418,3.731,4.047,4.368,4.644,4.955,5.252,5.582,5.860,6.202,6.525,6.869,7.162,7.526,7.845,8.149,8.449,8.748,9.084,9.390,9.699,10.023,
2,14,0.370,0.679,0.986,1.302,1.615,1.921,2.196,2.498,2.800,3.114,3.417,3.749,4.051,
2,15,0.266,0.563,0.900,1.186,1.488,1.789,2.110,2.407,2.771,3.069,3.401,3.719,4.054,4.392,4.727,5.072,5.422,5.772,6.055,6.377,6.724,7.019,7.313,7.658,7.959,8.276,8.598,8.906,9.232,9.550,9.858,10.121,
2,16,,
2,17,0.212,0.426,0.674,0.913,1.180,1.407,1.664,1.910,2.194,2.468,2.731,3.015,3.271,3.524,3.791,4.036,
2,18,0.262,0.526,0.741,1.016,1.263,1.544,1.784,2.013,2.263,2.513,2.764,2.997,3.250,3.490,3.721,3.971,4.264,4.535,4.816,5.113,5.398,5.668,6.019,6.338,6.649,6.933,7.294,7.581,7.899,8.179,8.461,8.742,9.036,9.365,9.636,9.925,10.197,10.481,10.727,11.018,
2,19,0.209,0.432,0.732,1.018,1.282,1.586,1.822,2.099,2.404,2.720,2.985,3.323,3.607,3.876,4.170,4.478,4.773,5.107,5.393,5.732,6.076,6.403,6.873,7.157,7.499,7.856,8.112,8.455,8.788,9.077,9.374,9.647,9.910,10.180,
2,20,0.065,0.323,0.608,0.910,1.202,1.525,1.809,2.108,2.398,2.737,2.978,3.305,3.592,3.892,4.177,4.451,4.742,5.044,5.323,5.588,5.874,6.117,6.397,6.666,6.952,7.270,7.540,7.855,8.159,8.645,8.914,9.191,9.461,9.717,9.998,10.303,10.571,10.905,
2,21,0.393,0.650,0.905,1.156,1.431,1.694,1.981,2.274,2.556,2.816,3.090,3.360,3.648,3.931,4.249,4.560,4.876,5.164,5.449,5.745,6.048,6.318,6.598,6.863,7.161,7.451,7.726,8.010,8.287,8.564,8.839,9.144,9.424,9.727,10.208,10.485,10.786,11.040,11.363,11.674,11.949,12.214,12.488,12.762,13.026,13.320,13.611,13.864,14.161,
2,22,0.422,0.687,0.954,1.214,1.517,1.767,2.072,2.401,
2,23,0.240,0.475,0.773,1.046,1.367,1.597,1.900,2.180,2.484,2.774,3.074,3.333,3.634,3.901,4.151,4.429,4.693,5.018,5.283,5.565,5.849,6.121,6.390,6.642,6.929,7.184,7.444,7.726,8.026,8.292,8.556,8.816,9.086,9.326,9.591,9.850,10.096,10.444,10.720,11.050,11.410,11.705,12.021,
2,24,0.235,0.517,0.820,1.105,1.404,1.695,1.957,2.267,2.539,2.853,3.176,3.599,3.871,4.164,4.416,4.779,5.070,5.410,5.726,6.099,6.391,6.690,7.026,7.331,7.637,7.979,8.270,8.566,8.899,9.174,9.531,9.866,10.177,
2,25,0.225,0.478,0.776,1.058,1.365,1.643,1.915,2.195,2.510,2.814,3.119,3.397,3.778,3.999,4.319,4.669,4.933,5.239,5.548,5.810,6.092,6.362,
2,26,0.319,0.649,0.899,1.173,1.479,1.714,1.992,2.335,2.572,2.900,3.150,3.453,3.739,4.032,4.400,4.723,4.998,5.321,5.611,5.916,6.208,6.518,6.793,7.109,7.427,7.714,8.019,8.279,8.548,8.850,9.136,9.401,9.703,9.981,10.270,10.552,10.817,11.168,11.435,11.836,12.145,
2,27,0.207,0.472,0.773,1.056,1.346,1.619,1.906,2.199,2.469,2.741,3.024,3.321,3.641,3.930,4.200,4.525,4.802,5.107,5.404,5.681,5.982,6.279,6.562,6.827,7.108,7.420,7.699,7.990,
2,28,0.268,0.524,0.817,1.101,1.414,1.678,1.980,2.281,2.635,2.908,3.248,3.523,3.853,4.146,4.490,4.787,5.123,5.465,5.722,6.031,6.288,6.661,7.138,7.410,7.691,7.955,8.230,
2,29,0.274,0.531,0.810,1.088,1.401,1.648,1.971,2.317,2.543,2.815,3.106,3.407,3.694,3.986,4.259,4.502,4.743,5.071,5.347,5.678,5.962,6.292,6.536,6.858,7.125,7.409,7.724,7.995,8.264,8.584,8.826,9.103,9.395,9.681,9.975,10.238,10.541,10.801,11.078,11.343,11.646,11.911,12.150,
2,30,0.245,0.521,0.840,1.108,1.411,1.688,1.974,2.250,
2,31,0.243,0.544,0.785,1.105,1.356,1.648,1.898,2.155,2.428,2.713,3.016,3.285,3.533,3.815,4.118,4.364,4.669,4.954,5.246,5.539,5.852,6.175,6.481,6.774,7.052,7.372,7.654,7.971,8.285,8.594,8.900,9.221,9.490,9.769,10.065,10.359,10.663,10.957,11.270,11.465,11.746,12.026,12.295,12.573,12.868,13.147,13.452,13.732,14.065,14.412,14.684,15.025,15.294,15.597,15.867,16.166,
2,32,0.150,0.434,0.670,0.932,1.173,1.441,1.739,1.973,2.314,
2,33,0.326,0.623,0.854,1.123,1.363,1.624,1.934,2.150,2.440,2.709,2.993,3.274,3.524,3.850,4.110,4.370,4.644,4.914,5.162,5.462,5.704,5.997,6.285,6.557,6.797,7.036,7.276,7.509,7.743,8.026,8.184,8.340,8.563,8.786,9.010,9.293,9.515,9.747,10.014,10.283,
2,34,0.261,0.497,0.804,1.095,1.417,1.771,2.081,
2,35,0.314,0.578,0.875,1.146,1.406,1.710,1.975,2.263,2.533,2.821,3.093,3.397,3.670,3.942,4.221,
2,36,0.029,0.310,0.526,0.813,1.078,1.333,1.619,1.908,2.204,2.493,2.794,3.088,3.370,3.664,3.945,4.166,4.443,4.720,5.011,5.286,5.589,5.895,6.160,6.437,6.746,7.033,7.317,7.561,7.796,8.124,8.370,8.646,8.920,9.184,9.466,9.705,9.972,10.198,10.492,10.768,11.111,11.364,11.597,
2,37,0.165,0.408,0.651,0.948,1.144,1.409,1.676,1.939,2.154,2.452,2.716,3.019,3.275,3.548,3.826,4.075,
2,38,0.248,0.525,0.750,1.052,1.283,1.557,1.842,2.097,2.361,2.611,2.845,3.017,3.286,3.527,3.820,4.090,
2,39,0.295,0.558,0.812,1.085,1.349,1.609,1.908,2.199,2.437,2.713,2.993,3.231,3.564,3.836,4.084,4.389,4.770,5.057,5.359,5.680,5.989,
2,40,0.243,0.549,0.870,1.118,1.399,1.669,1.931,2.205,2.475,2.742,3.033,3.276,3.544,3.840,4.088,4.325,4.650,4.900,5.151,5.471,5.714,6.018,6.305,6.557,6.814,7.074,7.366,7.685,7.995,8.286,8.529,8.801,9.190,9.447,9.701,9.997,10.292,10.544,10.819,11.083,11.356,11.596,11.839,12.089,12.348,12.637,12.906,13.205,13.478,13.775,14.028,14.328,14.570,14.889,15.121,15.377,15.814,16.070,
2,41,0.245,0.519,0.784,1.051,1.348,1.625,1.905,2.170,2.423,2.682,2.937,3.270,3.535,3.793,4.021,4.277,4.582,4.888,5.206,5.555,5.922,6.248,6.624,6.943,7.246,7.554,7.853,8.170,8.483,8.785,9.091,9.406,
2,42,0.094,0.369,0.650,0.900,1.184,1.468,1.743,2.024,2.314,2.600,2.886,3.167,3.413,3.698,3.985,4.252,4.531,4.785,5.033,5.294,5.560,5.842,6.097,6.386,6.661,6.944,7.220,7.469,7.746,8.020,8.289,8.586,8.858,9.148,9.447,9.783,10.043,10.314,10.587,
2,43,0.209,0.517,0.767,0.993,1.287,1.538,1.786,2.040,2.299,2.584,2.829,3.091,3.399,3.667,3.921,4.182,4.489,4.769,5.046,5.311,5.610,5.886,6.141,6.419,6.653,6.908,7.182,7.420,7.615,7.838,8.057,8.251,
2,44,0.294,0.560,0.843,1.160,1.442,1.724,1.985,2.222,2.465,2.839,3.119,3.429,3.735,4.019,
2,45,0.266,0.475,0.766,1.031,1.303,1.590,1.840,2.150,2.393,2.660,2.930,3.205,3.487,3.768,4.033,4.298,4.567,4.829,5.114,5.376,5.663,5.936,6.228,6.519,6.806,7.094,7.398,7.673,8.020,8.243,
2,46,0.103,0.416,0.693,0.992,1.275,1.570,1.859,2.173,
2,47,0.154,0.425,0.683,0.962,1.232,1.475,1.735,2.018,2.268,2.536,2.817,3.099,3.400,3.672,3.986,4.269,4.579,4.847,5.168,5.432,5.720,5.994,6.300,6.594,6.938,7.238,7.521,7.813,8.120,8.397,8.662,8.944,9.241,9.522,9.816,10.113,10.394,10.712,10.979,11.287,11.586,11.870,12.167,12.523,12.777,13.140,13.405,13.733,
2,48,0.332,0.590,0.852,1.105,1.287,1.559,1.814,2.035,2.281,2.535,2.775,3.025,3.275,3.458,3.732,3.979,4.243,4.526,4.776,4.982,5.226,5.429,5.731,5.974,6.231,6.498,6.737,7.054,7.327,7.644,7.894,8.154,8.438,8.711,8.995,9.240,9.511,9.810,10.091,10.354,10.645,10.962,11.195,11.481,11.729,11.998,12.269,
2,49,,
2,50,0.218,0.513,0.777,1.074,1.336,1.623,1.894,2.164,2.432,2.738,3.014,3.302,3.589,3.859,4.126,4.415,4.663,4.928,5.166,5.447,5.728,6.000,6.251,6.523,6.794,7.060,7.330,7.626,7.904,8.211,8.471,8.810,9.073,9.375,9.652,9.925,10.168,10.491,10.765,11.047,11.296,11.560,11.854,12.086,12.487,12.766,13.016,13.320,13.783,14.063,14.321,14.610,14.901,15.134,15.357,
2,51,0.338,0.608,0.871,1.161,1.421,1.718,1.941,2.237,2.487,2.721,3.011,3.265,3.533,3.792,4.053,4.331,4.604,4.896,5.174,5.469,5.809,6.117,6.396,6.674,6.965,7.225,7.523,7.794,8.058,8.336,8.600,8.898,9.184,9.360,9.602,9.833,10.015,10.265,10.464,
2,52,0.174,0.468,0.770,1.066,1.283,1.520,1.796,2.083,2.375,2.678,2.948,3.226,3.501,3.783,4.058,4.320,4.587,4.830,5.119,5.393,5.660,5.903,6.169,6.410,6.660,6.886,7.136,7.386,7.672,7.930,8.202,8.476,8.732,8.994,9.237,9.487,9.702,9.926,
2,53,0.100,0.372,0.663,0.953,1.220,1.441,1.725,1.977,2.239,2.495,2.776,3.052,3.341,3.613,3.867,4.149,
2,54,0.259,0.546,0.843,1.150,1.457,1.742,2.020,2.289,2.598,2.868,3.151,3.428,3.696,3.975,4.282,4.546,4.833,5.079,5.343,5.611,5.896,6.146,6.452,6.724,7.034,7.263,7.469,7.703,
2,55,0.025,0.377,0.652,0.985,1.288,1.619,1.893,2.208,2.494,2.811,3.163,3.428,3.716,3.987,4.281,4.575,4.858,5.144,5.401,5.703,6.011,6.319,6.592,6.869,7.145,7.454,7.714,7.985,8.207,8.478,8.747,9.026,9.263,9.566,9.841,10.103,10.397,10.681,10.974,11.264,11.560,11.925,12.187,
2,56,0.101,0.357,0.567,0.836,1.106,1.361,1.655,1.917,2.206,2.526,2.803,3.080,3.367,3.653,3.974,4.290,4.575,4.894,5.207,5.511,5.808,6.091,6.412,6.711,6.998,7.280,7.577,7.874,8.180,8.496,8.796,9.064,9.353,9.646,9.928,10.252,10.475,10.712,11.042,11.304,11.626,11.921,12.179,12.449,12.774,13.050,13.357,13.578,13.872,14.184,14.452,14.769,15.037,15.317,15.560,15.841,16.125,
2,57,0.285,0.529,0.797,1.045,1.312,1.599,1.929,2.277,2.560,2.897,3.174,3.458,3.717,4.024,4.281,4.559,4.841,5.105,5.392,5.655,5.946,6.223,
2,58,0.103,0.399,0.644,0.927,1.204,1.464,1.769,2.055,2.340,2.623,2.877,3.170,3.437,3.705,3.980,4.217,
2,59,0.217,0.470,0.747,1.022,1.308,1.588,1.827,2.105,
2,60,0.032,0.316,0.588,0.899,1.194,1.480,1.805,2.101,
2,61,0.209,0.471,0.745,1.037,1.368,1.615,1.908,2.155,2.472,2.707,3.015,3.312,3.625,3.916,4.235,4.545,4.841,5.119,5.400,5.699,5.964,
2,62,0.059,0.329,0.593,0.864,1.174,1.475,1.805,2.089,2.555,2.821,3.100,3.413,3.684,3.975,4.269,4.546,4.825,5.086,5.353,5.625,5.925,6.222,6.524,6.833,7.141,7.412,7.725,7.985,
2,63,0.246,0.542,0.844,1.140,1.390,1.662,1.939,2.228,2.482,2.769,3.070,3.337,3.602,3.896,4.143,4.417,4.660,4.955,5.248,5.547,5.812,6.137,6.402,6.720,6.992,7.281,7.555,7.898,8.173,8.452,8.748,9.049,9.331,9.576,9.876,10.113,
2,64,,
2,65,0.052,0.369,0.644,0.910,1.211,1.491,1.801,2.047,2.311,2.569,2.862,3.142,3.433,3.720,3.994,4.275,4.560,4.826,5.126,5.376,5.646,5.896,6.196,6.440,6.672,6.942,7.272,7.586,7.852,8.098,
2,66,0.242,0.500,0.776,1.065,1.329,1.591,1.841,2.297,2.559,2.811,3.062,3.330,3.589,3.865,4.147,4.369,4.689,4.951,5.222,5.498,5.784,6.075,6.359,6.622,6.911,7.126,7.421,7.703,7.958,8.243,
2,67,0.276,0.562,0.875,1.166,1.431,1.711,1.973,2.252,2.565,2.863,3.150,3.442,3.734,4.041,4.333,4.616,4.918,5.192,5.458,5.736,5.983,6.275,6.532,6.798,7.075,7.362,7.642,7.944,8.245,8.529,8.840,9.118,
2,68,0.177,0.427,0.682,0.968,1.274,1.524,1.778,2.058,2.364,2.645,2.921,3.198,3.500,3.804,4.081,4.374,4.657,4.929,5.220,5.526,5.805,6.090,6.350,6.624,6.893,7.153,7.440,7.703,8.032,8.326,8.603,8.933,
2,69,0.143,0.420,0.692,0.972,1.260,1.540,1.795,2.074,
2,70,0.174,0.441,0.726,0.983,1.270,1.534,1.803,2.081,2.347,2.618,2.893,3.173,3.450,3.716,4.024,4.290,4.599,4.872,5.148,5.409,5.672,5.942,6.192,6.450,6.739,6.988,7.282,7.540,7.837,8.115,8.409,8.669,8.971,9.230,9.500,9.786,10.047,10.294,10.566,10.828,
2,71,0.229,0.464,0.720,0.980,1.223,1.470,1.734,2.014,2.270,2.547,2.808,3.070,3.347,3.617,3.898,4.151,
2,72,0.283,0.488,0.722,0.997,1.237,1.494,1.767,2.023,2.283,2.561,2.830,3.103,3.347,3.604,3.870,4.148,4.410,4.707,4.943,5.192,5.448,5.698,5.984,6.269,6.551,6.824,7.095,7.359,7.650,7.932,8.225,
2,73,0.275,0.525,0.775,1.040,1.324,1.642,1.904,2.186,2.526,2.776,3.069,3.316,3.600,3.865,4.202,4.459,4.746,5.025,5.311,5.569,5.838,6.098,6.312,6.586,6.832,7.110,7.356,7.613,7.909,8.168,8.434,8.706,8.973,
2,74,0.155,0.425,0.667,0.935,1.192,1.456,1.802,2.103,2.424,2.712,3.027,3.330,3.709,4.024,4.277,4.587,4.843,5.110,5.391,5.665,6.001,6.285,6.564,6.836,7.142,7.404,7.642,7.977,8.240,
2,75,0.268,0.518,0.740,0.975,1.216,1.425,1.769,1.985,2.202,2.576,2.899,3.187,3.523,3.872,4.217,
2,76,0.070,0.384,0.607,1.017,1.267,1.724,1.918,
2,77,0.205,0.399,0.669,0.951,1.400,1.607,1.857,2.170,2.464,2.771,3.064,3.213,3.596,3.884,4.218,4.528,4.842,5.164,5.471,5.796,6.150,6.480,6.796,7.103,7.423,7.729,8.078,8.294,8.645,8.950,9.280,9.596,9.963,10.298,10.563,10.888,11.231,11.531,11.852,12.185,12.484,12.772,13.053,13.365,13.651,
2,78,0.251,0.524,0.780,1.074,1.336,1.623,1.888,2.141,2.450,2.721,3.070,3.296,3.610,3.889,4.142,4.412,4.697,4.957,5.244,5.534,5.824,6.067,6.338,6.608,6.910,7.140,7.397,7.675,7.959,8.214,8.478,8.774,
2,79,0.078,0.365,0.651,0.896,1.169,1.455,1.725,2.018,2.305,2.596,2.875,3.135,3.377,3.752,4.019,4.302,4.559,4.860,5.125,5.400,5.671,5.930,6.207,6.459,6.729,7.021,7.271,7.550,7.829,8.099,8.388,8.655,8.924,9.167,9.429,9.704,9.952,10.172,10.368,10.615,10.861,11.095,11.351,11.640,11.924,
2,80,0.452,0.713,0.980,1.266,1.577,1.856,2.149,2.400,2.696,2.976,3.246,3.539,3.865,4.150,4.437,4.710,4.998,5.268,5.532,5.783,6.050,6.300,6.577,6.822,7.050,7.335,7.582,7.854,8.109,8.372,8.648,8.937,9.231,9.529,9.797,
2,81,0.300,0.580,0.864,1.141,1.432,1.695,1.964,2.258,2.525,2.811,3.054,3.332,3.645,3.899,4.186,4.458,4.733,5.016,5.264,5.573,5.893,6.143,
2,82,0.280,0.567,0.863,1.164,1.448,1.715,2.000,2.299,2.565,2.866,3.162,3.466,3.733,4.027,4.318,4.615,4.935,5.176,5.428,5.717,6.018,6.268,6.545,6.847,7.152,7.426,7.709,7.989,8.296,8.560,8.847,9.178,9.439,9.741,10.020,10.353,10.643,10.962,11.247,11.549,11.834,12.171,12.415,12.673,12.988,13.291,13.551,13.888,14.181,14.522,14.802,15.081,15.389,
2,83,0.221,0.481,0.739,1.017,1.274,1.517,1.787,2.057,2.334,2.586,2.868,3.135,3.436,3.671,3.919,4.169,4.436,4.697,4.963,5.269,5.522,5.836,6.086,6.370,6.648,7.020,7.246,7.520,7.785,8.087,8.361,8.641,8.931,9.196,9.477,9.733,10.021,10.289,10.536,10.833,11.076,11.370,11.639,11.889,12.167,12.441,12.662,12.960,13.232,13.523,13.812,
2,84,0.151,0.439,0.701,0.970,1.247,1.524,1.778,2.047,2.293,2.567,2.840,3.121,3.403,3.680,3.950,4.240,
2,85,0.271,0.555,0.830,1.100,1.373,1.660,1.960,2.185,2.465,2.772,3.067,3.339,3.659,3.932,4.230,4.480,4.787,5.123,5.417,5.714,5.993,6.294,6.569,6.867,7.141,7.443,7.700,7.982,8.275,8.567,8.892,9.167,9.477,9.779,10.040,10.308,10.609,10.893,11.184,11.459,11.721,12.037,
2,86,0.042,0.311,0.593,0.819,1.108,1.355,1.646,1.932,2.159,2.438,2.842,3.109,3.401,3.668,3.927,4.160,
2,87,0.291,0.560,0.822,1.093,1.376,1.606,1.874,2.148,2.417,2.627,2.908,3.197,3.445,3.735,4.002,4.265,4.530,4.805,5.096,5.376,5.649,5.919,6.208,6.449,6.767,6.971,7.296,7.523,7.809,8.076,8.333,8.596,8.848,
2,88,0.223,0.467,0.680,0.890,1.111,1.310,1.497,1.660,1.916,2.194,
3,1,0.392,0.654,0.916,1.173,1.458,1.738,2.019,2.269,2.519,2.813,3.102,3.400,3.702,4.019,4.299,4.598,4.890,5.158,5.420,5.714,5.977,6.271,6.548,6.852,7.165,7.405,7.702,7.978,8.321,8.605,8.920,9.272,9.549,9.892,10.236,
3,2,0.297,0.595,0.899,1.206,1.518,1.817,2.092,2.398,2.784,3.105,3.388,3.701,4.039,4.365,4.640,4.935,5.233,5.520,5.791,6.084,6.376,6.673,6.970,7.281,7.574,7.927,8.207,
3,3,0.235,0.529,0.790,1.085,1.370,1.660,1.924,2.212,2.466,2.764,3.031,3.335,3.648,3.918,4.209,4.484,4.777,5.074,5.351,5.649,5.913,6.210,6.475,6.769,7.026,7.308,7.548,7.845,8.124,8.427,8.736,9.029,9.355,9.668,9.955,
3,4,0.281,0.581,0.855,1.163,1.457,1.768,2.049,2.404,2.715,3.018,3.293,3.660,3.924,4.245,4.543,4.869,5.136,5.376,5.610,5.840,6.071,6.333,6.623,6.894,7.207,7.465,7.770,8.040,8.329,8.592,8.876,9.141,9.438,9.655,9.939,10.138,10.468,
3,5,0.136,0.443,0.730,1.044,1.302,1.641,1.937,2.248,2.579,2.898,3.165,3.414,3.693,3.967,4.272,
3,6,0.206,0.516,0.773,1.102,1.417,1.767,2.061,2.355,2.663,2.962,3.271,3.561,3.846,4.164,
3,7,0.206,0.432,0.702,0.983,1.270,1.554,1.843,2.140,
3,8,0.469,0.705,1.013,1.293,1.614,1.907,2.191,2.497,2.790,3.068,3.352,3.648,3.918,4.231,4.539,4.831,5.149,5.425,5.685,6.016,6.266,6.526,6.775,6.985,7.276,7.544,7.815,8.150,8.415,8.663,8.962,9.274,9.575,9.851,10.091,10.387,10.700,10.982,
3,9,0.150,0.434,0.679,0.947,1.210,1.492,1.744,2.033,2.285,2.569,2.829,3.111,3.388,3.682,3.969,4.234,4.539,4.796,5.088,5.340,5.619,5.910,6.170,6.414,6.715,6.978,7.240,7.533,7.805,8.092,8.373,8.614,8.922,9.185,9.486,9.774,10.024,10.287,10.583,10.860,11.127,11.401,11.676,11.948,12.275,12.562,12.846,13.142,13.431,13.689,13.988,14.311,
3,10,0.266,0.552,0.817,1.084,1.337,1.590,1.820,2.070,2.340,2.595,2.900,3.179,3.445,3.723,3.962,4.210,4.455,4.724,4.982,5.245,5.518,5.795,6.052,6.342,6.604,6.890,7.121,7.342,7.572,7.796,8.060,8.269,8.474,
3,11,0.235,0.476,0.728,1.019,1.307,1.582,1.849,2.112,2.362,2.646,2.896,3.163,3.430,3.678,3.897,4.112,4.367,4.696,4.958,5.270,5.587,5.820,6.099,6.422,6.735,6.986,7.265,7.515,7.804,8.064,8.399,8.649,8.909,9.180,9.459,9.708,9.965,10.233,10.456,10.724,10.985,11.243,11.491,11.731,12.017,12.270,
3,12,0.181,0.471,0.780,1.070,1.326,1.648,1.922,2.199,
3,13,0.277,0.584,0.899,1.198,1.474,1.777,1.985,2.276,2.561,2.816,3.063,3.340,3.650,3.864,4.073,4.363,4.576,4.854,5.117,5.334,5.603,5.868,6.139,
3,14,0.034,0.273,0.517,0.788,1.046,1.309,1.601,1.916,2.161,2.492,2.749,3.035,3.332,3.626,3.890,4.159,4.456,4.769,5.038,5.353,5.636,5.912,6.218,
3,15,0.223,0.426,0.659,0.967,1.248,1.524,1.770,2.047,2.328,2.625,2.891,3.151,3.421,3.698,3.995,4.268,
3,16,0.221,0.470,0.767,1.024,1.284,1.557,1.814,2.084,2.339,2.651,2.901,3.151,3.438,3.744,4.029,4.303,4.595,4.947,5.232,5.562,5.854,6.141,6.434,6.716,7.037,7.302,7.586,7.899,8.166,8.433,8.730,8.995,
3,17,0.120,0.391,0.651,0.918,1.183,1.474,1.742,2.047,2.339,2.657,2.959,3.248,3.541,3.859,4.172,
3,18,0.192,0.492,0.749,1.033,1.337,1.677,2.026,2.347,2.638,3.047,3.312,3.603,3.916,4.216,4.542,4.820,5.146,5.412,5.752,5.990,6.288,6.600,6.897,7.197,7.496,7.794,8.090,
3,19,0.209,0.534,0.804,1.058,1.364,1.693,2.018,2.335,2.671,2.995,3.308,3.584,3.890,4.172,4.455,4.740,5.046,5.337,5.600,5.889,6.158,6.462,6.770,7.061,7.345,7.626,7.898,8.182,8.485,8.771,9.062,9.365,
3,20,0.248,0.557,0.869,1.183,1.487,1.809,2.149,2.486,2.774,3.063,3.372,3.719,4.024,4.346,4.678,4.989,5.275,5.592,5.892,6.206,6.553,6.810,7.119,7.426,7.712,8.044,
3,21,0.266,0.541,0.841,1.150,1.400,1.691,1.973,2.267,2.527,2.833,3.096,3.343,3.603,3.901,4.108,4.396,4.666,4.982,5.272,5.535,5.793,6.063,
3,22,0.198,0.440,0.717,1.002,1.312,1.587,1.861,2.126,2.422,2.684,2.956,3.250,3.565,3.842,4.102,4.391,4.624,4.934,5.249,5.549,5.892,6.198,6.532,6.834,7.184,7.497,7.808,8.102,8.393,8.650,8.927,9.229,9.515,9.776,10.049,10.331,10.644,10.909,11.210,11.470,11.740,12.050,12.334,12.628,12.895,
3,23,0.160,0.462,0.768,1.035,1.326,1.589,1.875,2.144,
3,24,0.024,0.301,0.605,0.877,1.153,1.438,1.668,1.953,2.230,2.470,2.737,3.025,3.300,3.558,3.812,4.111,4.352,4.643,4.864,5.143,5.437,5.699,6.034,6.309,6.578,6.894,7.144,7.411,7.707,7.979,8.293,8.552,8.859,9.177,9.451,9.723,10.012,10.300,10.562,10.849,11.107,11.396,
3,25,0.202,0.470,0.738,0.993,1.243,1.517,1.784,2.086,2.401,2.651,2.926,3.215,3.477,3.768,4.067,4.348,4.635,4.885,5.144,5.407,5.728,5.992,6.276,6.610,6.928,7.226,7.520,7.787,8.078,
3,26,0.313,0.592,0.872,1.199,1.442,1.720,1.979,2.222,2.542,2.796,3.062,3.323,3.557,3.863,4.142,
3,27,0.188,0.473,0.771,1.045,1.344,1.611,1.927,2.211,2.494,2.781,3.074,3.369,3.645,3.932,4.235,4.480,4.770,5.064,5.326,5.637,5.932,6.247,
3,28,0.187,0.440,0.751,1.032,1.311,1.604,1.906,2.176,2.458,2.747,3.050,3.351,3.640,3.934,4.191,4.478,4.748,5.028,5.316,5.641,5.919,6.222,6.477,6.778,7.069,7.361,7.642,7.909,8.190,8.502,8.776,9.083,
3,29,0.060,0.394,0.694,1.024,1.344,1.641,1.943,2.216,2.528,2.848,3.142,3.435,3.710,4.026,4.303,4.604,4.893,5.152,5.444,5.721,6.017,6.277,6.534,6.796,7.074,7.369,7.644,7.894,
3,30,0.192,0.462,0.739,1.018,1.300,1.559,1.839,2.140,2.434,2.725,2.999,3.269,3.612,3.903,4.226,4.549,4.845,5.170,5.434,5.704,6.027,6.277,6.545,6.827,7.057,7.334,7.611,7.888,8.118,8.412,8.710,9.021,9.285,9.559,9.837,10.105,
