0,1,,
0,1,0.268,0.403,0.561,0.736,0.901,1.061,1.220,1.385,1.545,1.705,1.870,2.040,2.205,2.377,2.537,2.715,2.895,3.057,3.222,3.403,3.550,3.712,3.870,4.053,4.232,4.403,4.573,4.740,4.894,5.067,5.227,5.393,5.554,5.726,5.894,6.065,6.236,6.404,6.580,6.750,6.916,7.088,7.253,7.421,7.587,7.771,7.921,8.084,8.272,8.423,8.595,8.772,8.931,9.100,9.272,9.440,9.639,9.809,9.983,10.179,10.364,10.582,10.785,
0,1,0.151,0.301,0.463,0.618,0.779,0.938,1.098,1.268,1.419,1.597,1.783,1.958,2.122,2.283,2.442,2.610,2.787,2.964,3.152,3.324,3.519,3.680,3.866,4.036,4.200,4.375,4.544,4.725,4.905,5.083,5.270,5.437,5.621,5.791,5.973,6.151,
0,1,0.095,0.273,0.439,0.594,0.769,0.917,1.082,1.247,1.414,1.575,1.752,1.918,2.101,2.269,2.443,2.624,2.800,2.982,3.149,3.323,3.495,3.670,3.846,4.026,4.202,4.387,4.558,4.733,4.917,5.094,5.271,5.446,5.638,5.802,5.975,6.152,6.344,6.522,6.678,6.850,7.027,7.229,7.405,7.578,7.772,7.950,8.139,8.312,8.487,8.678,8.897,9.101,9.285,9.471,9.735,9.922,
1,1,0.103,0.247,0.414,0.571,0.721,0.896,1.054,1.215,1.373,1.571,1.749,1.930,2.094,2.267,2.440,2.609,2.775,2.956,3.121,3.284,3.457,3.613,3.782,3.950,4.124,4.288,4.457,4.625,4.798,4.959,5.148,5.302,5.462,5.648,5.811,5.976,6.160,6.341,6.520,6.699,6.899,7.044,7.220,7.407,7.601,7.780,7.946,8.149,8.284,8.456,8.650,8.800,8.976,9.150,9.332,9.500,9.684,9.864,10.027,10.210,10.400,10.573,10.735,10.909,11.076,11.243,11.428,11.651,11.768,11.935,12.118,12.295,
1,2,,
1,3,0.037,0.197,0.346,0.526,0.713,0.887,1.045,1.236,1.465,1.637,1.789,1.975,2.138,2.305,2.651,2.968,
1,4,0.457,0.597,0.768,0.924,1.090,1.242,1.397,1.571,1.724,1.885,2.043,2.193,2.367,2.523,2.681,2.852,3.037,3.164,3.357,3.559,3.721,3.924,4.107,4.288,4.459,4.616,4.774,4.969,5.128,5.308,5.466,5.648,5.824,6.021,6.167,6.349,6.521,6.682,6.888,7.064,7.271,7.433,7.599,7.771,7.937,8.120,8.302,8.488,8.681,8.867,9.046,9.227,9.406,9.588,9.790,9.957,10.139,10.310,10.483,10.746,10.920,11.085,11.250,11.442,11.621,11.808,11.990,12.192,12.376,12.567,12.727,12.901,13.183,13.344,13.524,13.685,13.877,14.033,14.215,14.480,
1,5,0.195,0.298,0.481,0.655,0.797,1.034,1.194,1.447,1.596,1.768,1.954,2.091,2.268,2.429,2.753,2.935,3.099,3.309,3.439,3.614,3.828,3.965,4.152,4.328,4.519,4.680,4.889,5.019,5.189,5.366,5.537,5.730,5.903,6.070,6.223,6.405,6.591,6.770,6.956,7.158,7.339,7.520,7.689,7.887,8.062,8.271,8.465,8.637,8.845,9.026,9.205,9.405,9.593,9.815,10.022,10.205,10.406,10.591,10.790,10.963,11.169,11.352,11.557,11.799,11.967,12.156,12.307,12.478,12.656,12.832,13.023,13.186,13.419,13.617,13.801,14.048,14.229,
1,6,0.205,0.363,0.526,0.820,0.966,1.143,1.300,1.481,1.665,1.795,1.965,2.148,2.301,2.475,2.644,2.818,2.990,3.181,3.341,3.528,3.728,3.912,4.095,4.265,4.466,4.656,4.859,5.024,5.211,5.462,5.645,5.810,6.012,6.195,6.378,6.557,6.779,6.988,7.155,7.344,7.513,7.679,7.846,8.013,
1,7,0.117,0.288,0.452,0.651,0.845,1.018,1.169,1.340,1.522,1.689,1.859,2.035,2.211,2.385,2.542,2.711,2.873,3.050,3.202,3.369,3.537,3.699,3.865,4.030,4.187,4.359,4.557,4.769,4.969,5.139,5.326,5.492,5.659,5.829,6.020,6.203,
1,8,0.219,0.377,0.563,0.747,0.904,1.050,1.227,1.400,1.566,1.719,1.873,2.056,2.183,2.390,2.580,2.767,2.936,3.105,3.326,3.517,3.714,3.870,4.048,4.217,4.401,4.563,4.773,4.967,5.176,5.327,5.501,5.677,5.902,6.056,6.305,6.464,6.648,6.873,7.053,7.269,7.437,7.653,7.821,7.998,8.223,
1,9,0.057,0.228,0.396,0.646,0.801,0.997,1.234,1.408,1.584,1.768,1.925,2.106,2.283,2.465,2.674,2.877,3.088,3.250,3.425,3.610,4.014,4.185,4.381,4.579,4.782,4.999,5.157,5.336,5.676,5.867,6.237,6.439,6.765,6.907,7.193,7.433,7.601,7.781,8.029,8.203,8.383,8.610,8.800,9.001,9.155,9.333,9.489,9.650,9.996,10.210,10.384,10.651,10.877,11.173,11.359,11.554,11.810,11.986,12.199,12.385,12.652,12.853,13.055,13.341,13.524,13.705,13.885,14.117,14.299,14.589,14.742,14.940,15.121,15.376,15.551,15.778,15.983,16.205,16.596,
1,10,0.271,0.417,0.582,0.771,0.921,1.106,1.272,1.423,1.599,1.793,1.963,2.149,2.356,2.544,2.711,2.897,3.082,3.242,3.420,3.604,3.785,3.951,4.140,4.303,4.478,4.807,5.160,5.351,5.529,5.708,5.891,6.074,6.283,6.465,6.649,6.829,7.065,7.226,7.575,7.775,7.924,8.072,8.249,8.410,8.587,8.775,8.941,9.129,9.309,9.499,9.926,10.147,10.329,10.622,10.820,11.026,11.209,11.393,11.760,11.946,12.148,12.337,12.526,12.719,12.947,13.126,13.311,13.527,13.690,13.876,14.127,14.303,14.537,14.746,14.934,15.357,15.551,15.730,16.037,16.209,
1,11,0.275,0.444,0.623,0.801,0.970,1.151,1.300,1.517,1.698,1.877,2.108,2.292,2.466,2.651,2.796,2.984,3.192,3.364,3.545,3.721,3.915,4.102,4.319,4.519,4.702,4.895,5.071,5.306,5.650,5.869,6.084,6.270,6.425,6.587,6.816,6.986,7.193,7.370,7.542,7.686,8.158,8.340,8.521,8.701,8.887,9.064,9.249,9.461,9.642,9.826,10.046,10.224,10.423,10.661,10.889,11.094,11.283,11.451,11.653,11.835,12.082,12.324,
1,12,0.280,0.456,0.647,0.897,1.056,1.237,1.433,1.617,1.803,2.014,2.193,2.397,2.584,2.797,2.964,3.152,3.358,3.532,3.717,3.926,4.108,4.290,4.502,4.679,4.868,5.043,5.220,5.410,5.599,5.800,5.982,6.161,6.350,6.571,6.771,6.972,7.179,7.368,7.559,7.798,8.017,8.202,8.534,8.742,8.922,
1,13,0.406,0.585,0.761,0.932,1.106,1.274,1.454,1.645,1.797,1.993,2.172,2.342,2.525,2.703,2.870,3.058,3.227,3.408,3.591,3.770,3.943,4.146,4.308,4.486,4.752,
1,14,0.363,0.533,0.725,0.894,1.071,1.238,1.409,1.582,1.761,1.945,2.145,2.336,2.512,2.660,2.844,2.995,3.184,3.372,3.525,3.698,3.900,4.078,4.269,
1,15,0.452,0.616,0.786,0.965,1.144,1.305,1.477,1.644,1.812,1.978,2.155,2.309,2.478,2.768,2.970,3.145,3.301,3.478,3.645,3.795,3.922,4.124,4.351,4.512,4.680,4.868,5.061,5.281,5.456,5.654,5.836,6.030,6.198,6.396,6.564,6.728,6.918,7.088,7.293,7.480,7.664,7.860,8.036,8.211,8.397,8.550,8.723,8.903,9.082,9.289,9.515,9.701,9.873,10.049,10.242,10.478,10.692,10.899,11.064,11.344,11.531,11.952,12.167,
1,16,0.489,0.686,0.849,1.013,1.167,1.327,1.480,1.655,
1,17,0.275,0.439,0.617,0.799,0.970,1.147,1.319,1.471,1.642,1.813,1.998,2.186,2.354,2.557,2.733,2.893,3.067,3.234,3.416,3.590,3.777,3.951,4.144,4.314,4.527,4.681,4.844,5.046,5.207,5.394,5.597,5.778,5.963,6.156,6.373,6.521,6.704,6.895,7.077,7.303,7.419,7.591,7.795,8.002,8.194,
1,18,0.289,0.477,0.666,0.864,1.033,1.196,1.410,1.593,1.783,1.964,2.170,2.347,2.552,2.744,2.942,3.118,3.316,3.497,3.699,3.892,4.077,4.247,4.430,4.774,4.982,5.181,5.339,5.647,5.778,5.912,6.126,6.330,6.554,6.752,6.985,7.216,7.426,7.488,7.600,7.724,7.824,7.967,8.234,8.341,8.709,8.876,9.022,9.233,9.339,9.454,9.697,10.031,10.229,10.458,10.731,10.961,11.394,11.695,12.044,
1,19,0.459,0.662,0.830,0.995,1.172,1.347,1.517,1.672,1.838,2.017,2.199,2.401,2.581,2.785,2.993,3.185,3.540,3.715,3.902,4.096,4.268,4.451,4.648,4.829,5.019,5.197,5.366,5.550,5.728,5.900,6.059,6.235,6.399,6.586,6.770,6.932,7.136,7.303,7.520,7.699,7.900,8.072,8.253,8.417,8.574,8.708,8.903,9.083,9.276,9.471,9.661,9.840,10.021,10.208,
1,20,0.447,0.645,0.816,1.003,1.186,1.370,1.551,1.724,1.913,2.090,2.263,2.443,2.646,
1,21,0.165,0.650,0.817,0.995,1.172,1.341,1.517,1.685,1.852,2.034,2.204,2.375,2.534,2.698,2.901,3.128,3.304,3.491,3.667,3.844,4.035,4.240,4.433,4.613,4.787,4.969,5.145,5.327,5.519,5.696,5.874,6.057,6.225,6.399,6.583,6.770,6.941,7.136,7.324,7.520,7.678,7.872,8.054,8.252,8.439,8.637,8.775,8.894,9.107,9.194,9.310,9.403,9.521,9.625,9.750,9.974,10.065,10.191,10.289,10.499,10.733,10.859,11.113,11.187,11.353,11.530,11.780,12.039,12.226,12.542,12.781,13.178,
1,22,0.406,0.589,0.778,0.939,1.088,1.265,1.449,1.646,1.748,1.936,2.097,2.280,2.455,2.615,2.804,2.984,3.146,3.306,3.485,3.651,3.818,3.984,4.161,4.331,
1,23,0.328,0.481,0.647,0.817,0.998,1.152,1.322,1.519,1.691,1.847,2.041,2.216,2.398,2.560,2.898,3.083,3.238,3.434,3.602,3.793,3.996,4.179,4.355,4.558,4.734,4.904,5.108,5.274,5.476,5.670,5.878,6.062,6.309,6.490,6.693,6.950,7.159,7.375,7.566,7.767,7.976,8.188,
1,24,0.269,0.429,0.623,0.801,0.994,1.168,1.333,1.494,1.658,1.860,2.018,2.202,2.446,2.647,2.826,3.030,3.196,3.376,3.558,3.741,3.909,4.172,4.431,4.648,4.805,5.045,5.217,5.440,5.648,5.833,6.015,
1,25,0.276,0.441,0.616,0.798,0.967,1.151,1.336,1.496,1.673,1.853,2.033,2.233,2.433,2.680,2.844,3.033,3.219,3.411,3.601,3.774,3.946,4.152,4.310,
1,26,,
1,27,0.341,0.491,0.662,0.830,1.010,1.173,1.352,1.516,1.712,1.894,2.055,2.235,2.406,2.590,2.774,2.947,3.119,3.283,3.470,3.645,3.820,3.995,4.176,4.343,4.521,4.682,4.851,5.031,5.205,5.395,5.560,5.751,5.946,6.146,6.320,
1,28,,
1,29,0.251,0.390,0.561,0.726,0.878,1.059,1.213,1.368,1.536,1.726,1.916,2.103,2.279,
1,30,0.287,0.470,0.645,0.775,0.949,1.107,1.262,1.423,1.588,1.762,1.916,2.074,2.247,2.400,2.568,2.730,2.911,3.065,3.238,3.401,3.565,3.730,3.897,4.043,4.226,
1,31,0.270,0.410,0.605,0.775,0.934,1.126,1.298,1.495,1.684,1.862,2.204,2.391,2.563,2.771,2.954,3.138,3.318,3.481,3.674,3.852,4.029,4.231,
1,32,0.323,0.524,0.664,0.840,0.997,1.157,1.352,1.524,1.675,1.853,2.024,2.197,2.406,2.606,2.798,3.025,3.184,3.376,3.537,3.714,4.059,4.275,4.447,4.642,4.842,5.026,5.205,5.374,5.547,5.776,5.983,6.158,
1,33,0.294,0.484,0.655,0.842,0.997,1.156,1.338,1.545,1.711,1.901,2.052,2.240,2.404,2.571,2.736,2.902,3.072,3.247,3.423,3.603,3.783,3.962,4.136,4.332,4.524,4.704,4.886,5.070,5.278,5.474,5.669,5.886,6.067,6.270,6.442,6.643,6.849,7.058,7.239,7.417,7.602,7.951,8.138,8.322,8.526,8.728,8.921,9.078,9.276,9.471,9.652,9.845,10.031,10.200,
1,34,0.271,0.430,0.584,0.771,0.939,1.101,1.287,1.458,1.790,2.139,2.349,2.499,2.670,2.843,3.022,3.175,3.349,3.523,3.724,3.906,4.107,4.273,4.430,4.608,4.778,4.978,5.165,5.339,5.524,5.700,5.875,6.074,6.274,6.454,6.625,6.801,6.974,7.156,7.325,7.525,7.704,7.891,8.075,8.291,8.550,8.723,8.910,9.106,9.294,9.487,9.663,9.892,10.080,
1,35,0.305,0.470,0.653,0.853,1.030,1.261,1.616,1.794,2.011,2.220,2.429,2.684,2.869,3.228,3.404,3.566,4.019,4.186,4.370,4.601,4.749,4.930,5.102,5.277,5.456,5.646,5.847,6.087,
1,36,0.272,0.462,0.652,0.847,1.067,1.277,1.444,1.644,1.805,1.983,2.169,
1,37,0.238,0.406,0.574,0.750,0.914,1.072,1.247,1.397,1.559,1.739,1.910,2.089,2.246,2.404,2.571,2.731,2.919,3.086,3.249,3.431,3.609,3.774,3.940,4.124,4.289,4.468,4.641,4.823,5.025,5.163,5.367,5.559,5.925,6.163,
1,38,0.338,0.499,0.669,0.850,1.011,1.188,1.357,1.541,1.740,1.908,2.072,2.262,2.422,2.618,2.787,2.953,3.110,3.302,3.493,3.670,3.851,4.038,4.228,4.405,4.580,4.763,4.965,5.147,5.331,5.530,5.711,5.902,6.085,
1,39,0.213,0.395,0.604,0.782,0.968,1.163,1.361,1.541,1.733,1.911,2.071,2.249,2.427,2.592,2.927,3.146,3.305,3.522,3.709,3.897,4.091,4.277,4.480,4.683,4.897,5.104,5.271,5.481,5.665,5.875,6.044,6.233,6.443,6.653,6.837,7.032,7.216,7.407,7.875,8.077,8.265,8.461,8.685,8.899,9.083,9.337,9.520,9.712,9.899,10.150,10.290,10.483,10.698,10.900,11.096,11.285,11.483,11.665,11.851,12.047,
1,40,0.302,0.500,0.667,0.859,1.057,1.236,1.386,1.567,1.748,1.910,2.070,2.241,2.441,2.598,2.770,2.936,3.086,3.275,3.492,3.703,3.875,4.058,4.271,4.656,4.824,5.021,5.493,5.700,5.893,6.094,6.272,6.475,6.639,6.835,7.022,7.362,7.569,7.727,7.938,8.248,8.448,8.624,8.817,9.063,9.246,9.414,9.640,9.804,9.990,10.200,10.351,10.529,10.696,10.872,11.074,11.274,11.431,11.641,11.815,12.029,12.200,
1,41,0.326,0.500,0.668,0.871,1.027,1.210,1.389,1.560,1.709,1.869,2.037,2.216,2.363,2.532,2.685,2.860,3.047,3.231,3.400,3.602,3.750,3.969,4.145,4.333,4.524,4.719,4.895,5.068,5.229,5.395,5.567,5.742,5.935,6.097,6.275,6.460,6.796,6.990,7.195,7.392,7.642,7.840,8.034,8.208,8.392,8.595,8.826,9.019,9.196,9.393,9.573,9.746,9.933,10.112,10.339,10.520,10.737,10.909,11.156,11.327,11.596,11.798,12.027,12.201,12.422,12.619,12.840,13.066,13.278,13.488,13.714,13.951,14.182,14.407,14.656,14.870,15.061,15.354,15.520,15.729,15.901,16.097,16.314,
1,42,0.082,0.245,0.460,0.601,0.746,0.938,1.150,1.309,1.500,1.666,1.818,2.003,2.185,2.363,2.556,2.785,2.941,3.162,3.329,3.518,3.718,3.869,4.046,4.218,4.376,4.546,4.701,4.940,5.126,5.333,5.519,5.718,5.848,6.095,6.274,6.459,6.641,6.823,6.983,7.154,7.338,7.499,7.710,7.887,8.214,8.387,
1,43,0.196,0.360,0.541,0.725,0.900,1.057,1.235,1.400,1.559,1.716,1.973,2.150,2.350,2.542,2.719,3.089,3.268,3.482,3.676,3.951,4.163,4.371,
1,44,0.146,0.300,0.512,0.677,0.870,1.045,1.215,1.396,1.545,1.738,1.921,2.114,2.299,2.463,2.651,2.897,3.014,3.187,3.397,3.548,3.734,4.156,4.356,4.538,4.752,4.929,5.305,5.515,5.704,5.898,6.074,6.265,6.433,6.617,6.834,7.046,7.224,
1,45,,
1,46,0.240,0.392,0.555,0.711,0.872,1.021,1.174,1.344,1.521,1.703,1.857,2.022,2.177,2.366,2.550,2.722,2.889,3.104,3.272,3.486,3.724,3.917,4.098,4.277,4.480,4.648,4.834,5.023,5.202,5.376,5.569,5.753,5.931,6.118,6.339,6.545,6.733,6.976,7.149,7.343,7.542,7.729,7.996,8.163,8.334,8.544,8.742,8.908,9.081,9.284,9.525,9.688,9.909,10.142,10.305,10.503,10.699,10.858,11.041,11.219,11.393,11.558,11.736,11.910,12.089,12.251,12.418,12.596,12.813,13.020,13.193,13.415,13.593,13.798,13.951,14.144,
1,47,0.284,0.441,0.605,0.789,0.963,1.210,1.401,1.565,1.722,1.906,2.101,2.317,2.527,2.717,2.901,3.081,3.268,3.429,
1,48,0.468,0.623,0.802,0.940,1.148,1.292,1.539,1.707,1.867,2.036,2.213,2.391,2.546,2.721,2.891,3.045,3.274,3.478,3.652,3.837,4.025,4.186,4.348,4.549,4.706,4.896,5.075,5.241,5.407,5.775,5.973,6.147,6.341,6.535,6.724,6.897,7.073,7.276,7.430,7.609,7.788,8.027,8.200,8.393,8.570,8.760,8.974,9.184,9.421,9.627,9.803,10.055,10.225,
1,49,0.277,0.423,0.593,0.768,0.935,1.099,1.273,1.445,1.609,1.768,1.932,2.099,2.273,2.442,2.606,2.777,2.949,3.126,3.300,3.469,3.643,4.019,4.218,4.392,4.569,4.752,4.942,5.124,5.307,5.485,5.678,5.875,6.041,6.235,6.430,6.607,6.803,6.997,7.204,7.398,7.584,7.771,7.943,8.113,8.291,8.437,8.638,8.844,9.022,9.205,9.393,9.639,9.854,10.031,10.227,10.428,10.639,10.810,10.991,11.170,11.373,11.589,11.773,11.933,12.058,12.557,
1,50,0.276,0.425,0.594,0.770,0.939,1.106,1.274,1.433,1.649,1.793,1.965,2.193,2.370,
1,51,0.243,0.422,0.579,0.741,0.917,1.093,1.279,1.452,1.612,1.773,1.962,2.155,2.332,2.530,2.693,2.862,3.018,3.185,3.402,3.585,3.764,3.918,4.089,4.264,4.428,4.659,4.824,4.996,5.241,5.407,5.614,5.785,5.957,6.121,6.345,6.524,6.717,6.933,7.149,7.312,7.515,7.715,7.899,8.065,8.245,
1,52,0.197,0.377,0.563,0.729,0.909,1.090,1.276,1.451,1.651,1.799,1.971,2.151,2.331,
1,53,0.279,0.454,0.637,0.791,0.949,1.114,1.279,1.448,1.624,1.799,1.965,2.286,
1,54,0.151,0.235,0.361,0.446,0.644,0.736,0.872,0.961,1.135,1.247,1.449,1.601,1.774,1.943,2.123,2.488,2.652,2.825,2.988,3.158,3.337,3.520,3.668,3.842,4.020,4.185,4.358,4.532,4.691,4.861,5.020,5.423,5.599,5.779,5.965,6.142,6.319,6.521,6.783,6.958,7.149,7.373,7.549,7.713,7.839,8.037,8.237,8.597,8.790,8.968,9.153,9.351,9.560,9.753,9.935,10.124,
1,55,0.088,0.281,0.470,0.651,0.845,1.026,1.183,1.371,1.565,1.719,1.918,2.100,2.295,2.466,2.697,2.860,3.087,3.271,3.473,3.669,3.844,4.014,4.210,4.398,4.573,4.764,4.963,5.122,5.311,5.746,6.148,6.336,6.542,6.724,6.933,7.123,7.309,7.516,7.688,7.899,8.113,8.315,8.527,8.732,8.919,9.150,9.297,9.485,9.684,9.861,10.100,10.300,10.476,10.742,10.909,11.108,11.291,11.464,11.647,11.851,12.036,12.208,
1,56,0.276,0.420,0.588,0.762,0.981,1.161,1.332,1.549,1.740,
1,57,0.290,0.442,0.636,0.792,0.982,1.149,1.329,1.519,1.715,1.886,2.111,2.270,2.460,2.656,2.820,2.994,3.188,3.420,3.589,3.808,3.984,4.166,4.584,4.783,4.968,5.350,5.559,5.736,5.931,6.119,6.306,6.578,6.822,7.022,7.287,7.427,7.639,8.085,8.300,8.747,9.023,9.221,9.640,9.890,10.073,10.278,10.734,10.924,11.077,11.274,11.524,11.691,11.875,12.052,12.248,
1,58,0.074,0.252,0.430,0.594,0.751,0.929,1.125,1.276,1.463,1.643,1.839,2.026,2.208,2.402,2.579,2.772,2.946,3.143,3.308,3.490,3.664,3.843,4.027,4.193,4.365,4.606,4.786,4.976,5.399,5.594,5.768,5.950,6.119,6.311,6.473,6.733,6.939,7.100,7.308,7.479,7.657,7.848,8.047,8.225,8.425,8.606,8.770,8.971,9.146,9.321,9.500,9.718,9.901,10.098,10.271,10.524,10.706,10.897,11.317,11.495,11.694,11.897,12.082,12.278,12.525,12.683,12.898,13.058,13.265,13.448,13.676,13.862,14.061,14.250,
1,59,0.308,0.500,0.671,0.867,1.047,1.231,1.404,1.589,1.751,1.922,2.082,2.248,2.400,2.561,2.728,2.901,3.070,3.268,3.451,3.609,3.772,3.935,4.100,
1,60,0.365,0.517,0.672,0.835,1.017,1.181,1.333,1.497,1.666,1.834,2.002,2.173,2.349,2.518,2.695,2.888,3.062,3.231,3.423,3.603,3.787,4.136,4.284,4.462,4.652,4.835,5.105,5.269,5.437,5.636,5.832,6.020,6.178,6.387,6.561,6.720,6.903,7.118,7.400,7.581,7.785,7.980,8.158,8.340,8.521,8.696,8.905,9.084,9.276,9.474,9.665,9.888,10.106,10.304,10.522,10.694,11.060,11.272,11.472,11.702,11.913,
1,61,,
1,62,0.056,0.276,0.435,0.604,0.772,0.919,1.091,1.250,1.436,1.618,1.788,1.951,2.108,2.293,2.471,2.665,2.818,2.981,3.159,3.327,3.510,3.667,3.843,4.043,4.223,4.406,4.585,4.752,4.917,5.087,5.278,5.441,5.604,5.762,5.948,6.119,6.297,6.476,6.657,6.829,7.012,7.193,7.365,7.551,7.722,7.911,8.094,8.288,8.475,8.667,8.862,9.049,9.225,9.418,9.610,9.795,9.998,10.175,10.358,10.528,10.704,10.916,11.092,11.281,11.459,11.620,11.802,11.967,12.148,12.307,12.499,12.673,12.863,13.032,13.208,13.399,13.575,13.750,13.930,14.114,14.282,14.455,14.649,14.809,14.993,15.184,15.362,15.531,15.721,15.904,16.079,16.267,16.447,16.625,16.810,16.985,17.156,17.349,17.532,17.710,17.890,18.056,18.268,18.461,18.638,18.828,19.018,19.198,19.391,19.578,19.768,19.949,20.145,20.335,20.523,20.725,20.901,21.082,21.269,21.437,21.597,21.778,21.940,22.139,22.298,22.494,22.671,22.844,23.041,23.233,23.418,23.608,23.804,23.999,24.175,24.356,24.539,24.717,24.891,25.074,25.271,25.480,25.655,25.850,26.034,26.218,26.395,26.584,26.776,26.977,27.157,27.345,27.550,27.741,27.925,28.106,28.322,28.522,28.704,28.870,29.061,29.273,29.420,29.626,29.807,29.996,30.163,30.362,30.528,30.712,30.865,31.048,31.243,31.495,31.684,31.869,32.049,32.228,32.408,32.584,32.774,32.916,33.084,33.275,33.416,33.608,33.775,33.919,34.047,34.236,34.423,34.601,34.775,35.031,35.276,35.476,35.642,35.836,36.031,36.326,36.522,36.729,36.962,37.228,37.437,37.602,37.786,37.974,
1,63,0.463,0.613,0.785,0.960,1.151,1.302,1.473,1.651,1.814,1.989,2.160,2.328,2.518,2.679,2.866,3.018,3.195,3.365,3.562,3.747,3.920,4.078,4.269,4.402,4.575,4.769,4.962,5.142,5.322,5.496,5.681,5.874,6.051,6.223,6.454,6.624,6.891,7.104,7.270,7.445,7.623,7.830,7.991,8.176,8.366,8.542,8.728,8.905,9.071,9.245,9.416,9.597,9.776,9.941,10.110,10.296,10.469,10.653,10.822,11.047,11.245,11.422,11.623,11.809,12.023,12.182,12.371,12.543,12.719,12.872,13.058,13.238,13.433,13.640,13.795,13.969,14.157,14.367,14.528,14.706,14.890,15.081,15.274,15.441,15.726,15.930,16.141,16.325,16.525,16.736,16.938,17.146,17.347,17.545,17.787,17.992,18.158,18.332,18.512,18.785,18.969,19.158,19.379,19.579,19.937,20.143,20.324,20.552,20.741,20.915,21.087,21.277,21.453,21.644,21.850,22.033,22.261,22.443,22.622,22.809,22.986,23.166,23.344,23.538,23.736,23.945,24.117,24.287,24.496,24.707,24.910,25.108,25.298,25.477,25.661,25.875,26.058,26.247,26.409,26.584,26.763,26.932,27.113,27.283,27.494,27.697,27.848,28.024,28.203,28.410,28.652,28.844,29.023,29.204,29.397,29.648,29.814,30.028,30.204,30.398,30.567,30.765,30.993,31.170,31.347,31.520,31.696,31.874,32.039,32.208,32.403,32.596,32.711,32.949,33.196,33.399,33.588,33.771,33.952,34.154,34.348,34.525,34.710,34.871,35.060,35.245,35.428,35.650,35.820,35.985,36.185,36.372,36.593,36.840,37.018,37.195,37.375,37.590,37.821,38.036,38.231,38.410,38.588,38.863,39.043,39.240,39.446,39.819,39.957,40.196,40.395,40.596,40.794,40.975,41.159,41.348,41.531,41.716,41.899,42.067,42.295,42.476,42.667,42.843,43.074,43.271,43.443,43.662,43.834,44.021,44.280,44.456,44.638,44.825,45.026,45.229,45.526,45.722,46.110,46.319,46.522,46.694,46.876,47.031,47.253,47.445,47.639,47.807,47.990,48.156,48.358,48.570,48.791,48.991,49.170,49.390,49.609,50.024,
1,64,0.377,0.546,0.716,0.884,1.055,1.217,1.401,1.555,1.729,1.906,2.071,2.244,2.427,2.604,2.743,2.885,3.076,3.269,3.443,3.620,3.816,4.037,4.216,4.386,4.566,4.734,4.903,5.079,5.270,5.472,5.653,5.833,6.020,6.188,6.367,6.545,6.724,6.904,7.070,7.275,7.480,7.648,7.840,8.036,8.227,8.405,8.590,8.771,8.968,9.138,9.321,9.522,9.725,9.917,10.081,10.272,10.458,10.668,10.872,11.076,11.273,11.429,11.598,11.794,11.976,12.167,12.364,12.563,12.744,12.921,13.184,13.358,13.532,13.727,13.923,14.117,14.327,14.494,14.675,14.849,15.044,15.234,15.412,15.613,15.828,16.025,16.252,16.454,16.625,16.875,17.087,17.277,17.468,17.660,17.851,18.041,18.231,18.427,18.643,18.788,18.981,19.148,19.352,19.551,19.735,19.918,20.115,20.317,20.490,20.670,20.856,21.049,21.444,
1,65,0.291,
1,66,0.413,0.621,0.888,1.030,1.200,1.364,1.499,1.753,1.926,2.091,2.284,2.457,2.615,2.810,2.960,3.127,3.300,3.470,3.639,3.773,3.925,4.214,4.493,4.644,4.816,4.981,5.295,5.490,5.648,5.834,6.000,6.175,6.337,6.497,6.668,6.853,7.030,7.181,7.352,7.524,7.688,7.857,8.025,8.182,8.350,8.525,8.677,8.851,9.058,9.218,9.392,9.563,9.737,9.904,10.083,10.276,10.443,10.617,10.810,11.026,11.183,11.411,11.586,11.782,11.988,12.171,12.371,12.763,12.950,13.102,13.249,13.520,13.761,13.944,14.119,14.278,14.479,14.656,14.847,15.018,15.201,15.395,15.559,15.724,15.854,16.054,16.224,16.407,16.609,16.788,16.971,17.146,17.314,17.471,17.646,17.815,17.984,18.155,18.338,18.513,18.687,19.039,19.238,19.441,19.659,19.852,20.069,20.264,20.441,20.701,20.823,21.073,21.275,21.431,21.622,21.811,21.993,22.166,22.398,22.577,22.770,22.929,23.149,23.344,23.536,23.712,23.946,24.119,24.331,24.516,24.674,24.899,25.076,25.278,25.466,25.650,25.864,26.057,26.246,26.412,26.592,26.849,27.035,27.267,27.455,27.651,27.817,27.983,28.163,28.345,28.549,28.730,28.910,29.084,29.307,29.497,29.692,29.933,30.123,30.299,30.696,30.895,31.070,31.269,31.444,31.617,31.791,31.992,32.165,32.345,32.541,32.744,32.960,33.146,33.355,33.603,33.779,33.983,34.169,34.368,34.536,34.733,34.908,35.080,35.271,35.494,
1,67,0.486,0.658,0.846,1.039,1.213,1.394,1.568,1.752,1.909,2.090,2.435,2.926,3.153,
1,68,0.391,0.525,0.676,0.841,1.025,1.173,1.340,1.525,1.705,1.845,2.025,2.176,2.348,2.530,2.705,2.892,3.041,3.215,3.370,3.538,3.709,4.086,4.311,4.674,4.867,5.065,5.238,5.394,5.565,5.744,5.953,6.122,6.302,6.463,6.644,6.806,6.980,7.332,7.663,7.838,8.043,8.216,8.395,8.730,8.917,9.154,9.342,9.529,9.718,9.923,10.120,10.326,10.745,11.078,11.267,11.434,11.897,12.088,12.425,12.589,12.769,12.921,13.124,13.290,13.463,13.843,14.035,14.207,
1,69,0.109,0.270,0.412,0.586,0.770,0.948,1.109,1.271,1.435,1.607,1.776,2.123,2.305,2.462,2.638,2.802,2.971,3.146,3.322,3.491,3.652,3.831,4.002,4.181,4.389,
1,70,0.383,0.557,0.719,0.890,1.064,1.415,1.687,2.155,2.365,2.714,2.884,3.063,3.268,3.445,3.665,3.834,4.052,4.228,4.436,4.610,4.819,5.019,5.202,5.410,5.594,5.769,5.941,6.115,6.300,6.475,6.707,6.886,7.020,7.270,7.466,7.817,7.985,8.176,8.590,8.919,9.087,9.540,9.730,9.930,10.125,10.296,10.487,10.687,10.888,11.058,11.272,11.446,11.616,11.793,11.984,12.192,
1,71,0.061,0.266,0.443,0.602,0.763,0.934,1.120,1.287,1.490,1.647,2.021,2.202,2.550,
1,72,0.252,0.397,0.552,0.729,0.897,1.069,1.218,1.370,1.541,1.703,1.873,2.037,2.196,2.358,2.519,2.675,2.840,3.001,3.159,3.308,3.473,3.648,3.789,3.964,4.148,4.306,4.464,4.649,4.822,4.985,5.110,5.475,5.667,5.864,6.037,6.247,6.414,6.592,6.784,6.975,7.150,7.319,7.492,7.690,7.844,8.022,8.187,
1,73,0.316,0.473,0.646,0.830,0.999,1.187,1.362,1.553,1.727,1.944,2.120,2.289,2.482,2.686,2.902,3.070,3.252,3.445,3.626,3.804,3.989,4.165,4.343,4.520,4.689,4.876,5.094,5.270,5.455,5.649,5.812,5.987,6.208,6.444,6.614,6.797,7.016,7.240,7.448,7.650,7.804,7.992,8.159,8.368,8.592,8.785,8.988,9.159,9.400,9.572,9.792,10.002,10.204,10.394,10.586,10.796,10.986,11.185,11.401,11.578,11.768,11.984,12.217,12.402,12.572,12.769,12.949,13.135,13.335,13.541,13.741,13.927,14.117,14.319,14.498,14.719,14.905,15.073,15.270,15.432,15.602,15.804,16.020,16.183,
1,74,0.471,0.658,0.835,1.021,1.184,1.388,1.745,1.958,2.110,2.284,2.472,2.628,2.806,2.987,3.151,3.310,3.491,3.675,4.027,4.208,
1,75,0.263,0.416,0.584,0.763,0.927,1.098,1.249,1.426,1.606,1.780,1.934,2.117,2.268,2.458,2.659,2.814,2.985,3.167,3.354,3.523,3.696,3.898,4.080,4.265,4.432,4.648,4.824,5.024,5.224,5.423,5.649,5.832,6.016,6.199,6.409,6.649,6.842,7.087,7.243,7.427,7.614,7.821,8.016,8.200,8.627,8.819,9.022,9.216,9.400,9.785,9.996,10.188,
1,76,0.204,0.396,0.569,0.731,0.901,1.079,1.246,1.443,1.578,1.744,1.915,2.128,2.274,2.460,2.623,2.816,3.014,3.178,3.398,3.558,3.753,3.934,4.346,4.561,4.783,5.227,5.398,5.591,5.801,5.992,6.180,6.411,6.575,6.787,6.970,7.161,7.404,7.595,7.801,7.972,8.166,8.363,8.600,8.817,9.017,9.226,9.492,9.679,10.108,
1,77,0.160,0.335,0.525,0.710,0.892,1.074,1.276,1.614,1.801,1.993,2.190,2.371,2.643,2.847,3.051,3.234,3.459,3.643,3.824,4.017,4.219,4.406,4.591,4.744,4.944,5.144,5.337,5.514,5.698,5.876,6.063,6.239,6.422,6.601,6.965,7.218,7.417,7.611,7.829,8.031,8.262,8.469,8.677,8.874,9.068,9.250,9.443,9.646,9.837,10.071,10.263,10.488,10.725,10.915,11.397,11.582,11.995,12.181,12.398,12.595,12.807,13.063,13.233,13.435,13.648,13.813,13.991,14.160,14.348,
1,78,0.222,0.370,0.535,0.866,1.075,1.245,1.412,1.595,1.786,1.966,2.147,2.335,2.496,2.703,2.865,3.079,3.264,3.402,3.605,3.777,3.954,4.121,4.291,4.454,4.670,4.898,5.091,5.253,5.672,5.923,6.100,6.286,6.487,6.712,6.904,7.091,7.278,7.469,7.650,7.849,8.035,8.197,8.374,8.545,8.697,8.868,9.076,9.339,9.539,9.752,9.978,10.188,10.401,10.822,11.032,11.217,11.397,11.561,11.750,11.920,12.080,12.253,
1,79,,
