0,1,0.243,0.438,0.617,0.800,0.987,1.171,1.352,1.546,1.764,1.968,2.185,2.397,2.576,2.771,2.968,3.157,3.345,3.544,3.729,3.925,4.111,4.294,4.479,4.661,4.845,5.032,5.234,5.426,5.604,5.797,5.985,6.176,6.359,6.555,6.766,6.941,7.149,7.346,7.531,7.740,7.939,8.150,8.270,8.502,8.692,8.900,9.105,9.284,9.484,9.673,9.865,10.076,10.311,10.518,
0,1,,
0,1,0.195,0.401,0.581,0.774,0.952,1.149,1.314,
0,1,0.135,0.325,0.519,0.705,0.888,1.060,1.243,1.446,
2,1,0.266,0.418,0.589,0.796,0.987,1.201,1.396,1.590,1.824,2.033,2.240,2.419,2.584,2.784,2.900,3.084,3.264,3.583,3.776,3.951,4.162,4.398,4.578,4.783,4.947,5.148,5.350,5.532,
2,2,0.115,0.321,0.490,0.673,
2,3,0.174,0.334,0.525,0.716,0.899,1.087,1.268,1.392,1.785,1.954,2.142,2.316,2.516,2.716,2.899,
2,4,0.409,0.551,0.738,0.932,1.127,1.312,1.489,1.695,1.913,2.079,2.280,2.482,2.621,2.873,3.054,3.244,3.460,3.649,3.856,4.069,4.236,4.434,4.624,4.837,5.036,5.223,5.406,
2,5,0.045,0.249,0.436,0.644,0.810,1.011,1.194,1.395,1.584,1.773,1.985,2.187,2.412,2.609,2.800,2.999,3.203,3.396,3.579,3.794,3.940,
2,6,0.138,0.330,0.521,0.731,0.952,1.138,1.333,1.717,1.915,2.138,2.343,2.559,2.716,3.142,3.326,3.547,3.782,3.994,4.199,4.429,4.849,5.035,5.236,
2,7,0.036,0.234,0.444,0.643,0.848,1.054,1.252,1.440,1.576,1.810,2.021,2.221,2.421,2.638,2.832,3.036,3.271,3.458,3.655,3.853,4.061,4.251,4.443,4.650,4.863,5.046,5.252,5.460,5.670,5.866,6.073,6.273,6.389,6.640,6.836,7.038,
2,8,0.216,0.403,0.578,0.790,0.972,1.183,1.375,1.574,1.782,1.981,2.199,2.418,2.599,2.797,3.000,3.205,3.405,3.611,3.810,3.991,4.213,4.567,4.775,4.999,5.187,5.397,5.608,5.741,5.990,6.176,6.389,6.586,6.782,6.983,7.202,7.370,7.564,
2,9,0.217,0.438,0.659,0.892,1.089,1.295,
2,10,0.030,0.242,0.458,0.659,0.866,1.070,1.264,1.428,1.620,1.797,1.939,2.316,2.514,2.707,2.913,3.081,
2,11,0.068,0.245,0.465,0.664,0.876,1.077,1.292,1.463,1.693,1.890,
2,12,0.028,0.206,0.427,0.612,0.823,1.015,1.226,1.438,1.658,1.895,
2,13,0.159,0.351,0.548,0.730,0.912,1.098,1.277,1.464,1.663,1.858,2.052,2.267,2.457,2.675,2.876,3.087,3.285,3.497,3.681,3.902,4.097,4.298,4.522,4.715,4.932,5.119,
2,14,0.033,0.400,0.576,0.787,1.000,1.163,1.384,1.571,1.777,2.001,2.188,2.374,2.591,2.800,3.001,3.204,3.417,3.622,3.830,4.002,4.204,4.425,4.627,4.828,5.023,5.229,5.395,
2,15,0.213,0.428,0.655,0.847,1.070,1.291,1.524,1.722,1.925,2.057,2.524,2.702,2.918,3.141,3.362,3.549,3.775,3.987,4.209,4.453,4.662,4.892,5.069,5.285,5.500,5.703,5.932,6.113,6.315,
2,16,0.236,0.457,0.661,0.868,1.049,1.267,1.487,1.725,1.938,2.154,2.371,2.594,2.822,3.037,3.248,
2,17,0.113,0.327,0.547,0.734,0.963,1.162,1.370,1.571,1.788,2.012,2.203,2.428,2.624,2.838,3.036,3.239,3.433,3.623,3.829,4.024,4.174,4.409,4.804,
2,18,0.116,0.330,0.555,0.776,0.976,1.184,1.392,1.603,1.811,
2,19,0.249,0.463,
2,20,0.114,0.320,0.517,0.731,0.942,1.133,1.360,1.571,1.787,2.017,2.217,2.410,2.626,2.851,3.050,3.240,3.426,
2,21,0.161,0.391,0.591,0.812,1.013,1.229,1.436,1.642,1.848,2.065,2.269,2.456,2.662,2.855,3.036,3.231,
2,22,0.043,0.270,0.486,0.684,0.899,1.107,1.317,1.499,1.714,1.918,2.150,2.350,2.555,2.772,2.997,3.146,3.365,3.559,3.767,3.970,4.147,4.397,
2,23,0.072,0.286,0.516,0.696,0.900,1.121,1.342,1.536,1.767,1.957,2.180,2.400,2.596,2.807,3.017,3.220,3.440,3.642,3.854,3.989,4.245,4.448,4.679,4.859,
2,24,0.042,0.275,0.466,
2,25,0.025,0.233,0.458,0.659,0.892,1.085,1.308,1.524,1.743,1.944,2.170,2.376,2.588,2.806,2.999,3.192,3.393,
2,26,0.100,0.321,0.537,0.740,0.934,1.142,1.347,1.562,1.783,2.018,2.176,2.422,2.638,2.862,3.085,3.286,3.501,3.729,3.952,4.151,4.369,4.549,
2,27,0.242,0.446,0.643,0.861,1.077,1.280,1.501,1.704,1.918,2.141,2.363,2.580,2.771,2.989,3.216,3.443,3.638,3.828,3.957,4.239,4.412,4.608,
2,28,0.171,0.355,0.572,0.800,1.023,1.220,1.428,1.656,1.876,
2,29,0.119,0.334,0.523,0.729,0.941,1.149,1.353,1.537,1.683,1.923,2.120,2.319,2.524,2.741,2.915,
2,30,0.212,0.426,0.617,0.839,1.057,1.278,1.492,1.730,
2,31,0.044,0.275,0.485,0.703,0.892,1.119,1.322,1.516,1.738,1.934,2.155,
2,32,0.171,0.374,0.560,0.770,0.994,1.191,1.406,1.609,1.820,2.021,2.218,2.345,2.578,2.791,2.991,3.197,3.388,
2,33,0.071,0.267,0.476,0.680,0.898,1.086,1.294,1.491,1.710,1.911,2.123,2.324,2.544,2.768,2.977,3.154,3.364,3.567,3.800,4.018,
2,34,0.061,0.270,0.485,0.707,0.923,1.151,1.339,1.564,1.785,
2,35,0.215,0.432,0.663,0.897,1.084,1.284,1.497,1.715,1.916,2.148,2.363,2.556,2.765,2.962,3.180,3.398,3.593,3.746,3.967,4.179,4.373,
2,36,0.140,0.334,0.543,0.773,0.988,1.185,1.405,1.625,1.823,2.024,2.274,2.469,2.673,2.891,3.056,
2,37,0.193,0.412,0.617,0.866,1.018,1.235,1.446,1.652,1.862,2.097,2.316,2.440,2.702,2.939,3.163,3.389,
2,38,0.181,0.356,0.561,
2,39,0.217,0.335,0.571,0.791,1.024,
2,40,0.117,0.297,0.524,0.736,0.950,1.161,1.391,1.571,1.775,
2,41,0.167,0.353,0.554,0.784,0.977,
2,42,0.078,0.297,0.526,0.732,0.945,1.167,1.397,1.627,1.843,2.040,2.273,2.483,2.707,2.919,
2,43,0.103,0.326,0.547,0.750,0.989,1.211,1.436,1.649,1.864,2.083,2.315,2.543,2.745,2.957,
2,44,0.146,0.344,0.565,0.784,1.020,
2,45,0.026,0.236,0.457,0.664,0.869,
2,46,0.139,0.336,0.535,
2,47,0.183,0.393,0.606,0.812,1.035,1.229,1.445,1.637,1.834,2.058,
2,48,0.071,0.283,0.481,0.712,0.908,1.117,1.344,1.563,1.764,1.970,2.171,2.366,
2,49,0.025,0.258,0.475,0.682,0.907,1.121,1.338,1.538,1.746,1.972,2.187,2.354,2.586,2.831,3.012,3.226,
2,50,0.473,0.650,1.034,
2,51,0.363,0.539,0.751,0.939,1.123,1.303,1.516,1.713,1.861,2.091,2.267,
2,52,0.151,0.468,0.676,0.870,1.074,
2,53,0.226,0.399,0.568,0.759,0.968,1.175,1.360,1.578,1.782,1.989,2.195,2.415,2.603,2.817,3.020,3.237,3.433,3.623,
2,54,0.063,0.285,0.489,0.702,0.928,1.143,1.369,1.577,1.785,2.021,2.196,
2,55,0.147,0.355,0.572,0.773,0.986,1.199,1.422,1.624,1.855,
2,56,0.134,0.353,0.555,0.768,0.988,1.192,1.412,1.602,1.818,2.026,2.234,2.454,2.662,2.865,3.068,3.297,3.696,
2,57,0.228,0.443,0.621,
2,58,0.212,0.414,0.596,0.800,0.990,1.201,1.417,1.636,1.804,2.001,2.233,2.427,
2,59,0.167,0.374,0.591,
2,60,0.087,0.321,0.648,0.796,0.980,1.197,1.419,1.648,
2,61,0.150,0.375,0.602,0.818,1.044,1.267,1.492,1.734,1.876,2.134,2.351,2.562,
2,62,0.138,0.363,0.599,0.824,1.025,1.272,1.482,1.714,1.942,2.173,2.389,
2,63,0.150,0.335,0.526,0.730,0.927,1.091,1.362,1.551,1.782,1.969,2.160,2.355,2.532,2.737,2.924,
2,64,0.241,0.435,0.643,0.850,
2,65,0.172,0.291,0.523,0.719,0.909,1.110,1.325,1.541,1.774,2.183,2.391,2.573,
2,66,0.274,0.445,0.688,0.891,1.106,1.331,1.550,1.768,1.963,2.186,2.427,2.607,2.851,3.022,3.248,3.430,3.643,3.854,
2,67,0.232,0.646,0.821,1.022,1.235,1.464,1.686,1.897,2.095,2.307,2.541,2.751,2.986,3.199,3.425,3.660,3.898,4.123,4.321,
2,68,0.261,0.464,
2,69,0.106,0.297,0.521,
2,70,0.217,0.400,
2,71,0.239,0.412,0.643,0.877,
2,72,0.243,0.445,0.665,0.889,1.123,1.366,1.594,1.832,2.069,2.280,2.518,2.768,3.018,3.233,3.466,
2,73,0.281,0.474,0.687,0.929,1.175,1.396,1.609,1.848,2.067,2.295,2.520,2.741,2.982,3.210,3.438,3.683,4.087,4.318,
2,74,0.105,0.317,0.524,0.749,0.960,1.163,1.387,1.609,1.820,2.031,2.277,2.491,2.682,2.888,
2,75,0.233,0.420,0.650,0.862,
2,76,0.285,0.469,0.673,0.891,1.109,1.327,1.540,1.752,1.960,2.179,2.388,2.599,2.835,3.039,3.249,3.479,3.680,3.876,4.082,
2,77,0.272,0.448,0.657,0.889,1.111,1.322,1.526,1.772,1.989,2.188,2.396,2.603,
2,78,0.035,0.236,0.454,0.648,0.862,1.063,1.289,1.539,1.769,
2,79,0.429,0.621,0.837,1.058,1.289,1.502,1.981,2.124,2.357,2.588,2.836,3.069,3.298,3.517,3.732,
2,80,0.394,0.575,0.809,1.050,1.278,
2,81,0.306,0.451,0.690,0.891,1.089,
2,82,0.279,0.455,0.651,0.865,1.057,1.278,1.485,1.683,1.950,2.097,
2,83,0.232,0.427,0.637,0.846,1.064,1.277,1.497,1.714,1.933,2.161,2.387,2.676,
2,84,0.394,0.553,0.730,0.929,1.099,1.296,
2,85,,
2,86,0.120,0.328,0.519,
2,87,0.232,0.436,0.645,0.840,1.080,1.307,1.538,1.698,1.954,2.191,2.407,2.646,2.854,3.064,3.228,3.472,3.682,3.897,
2,88,0.303,0.491,0.717,0.930,1.173,1.391,1.605,1.844,1.983,2.268,2.475,2.671,2.919,3.147,
2,89,0.155,0.375,0.608,0.838,1.083,1.314,1.542,1.737,1.966,2.188,2.428,2.659,2.871,
2,90,0.325,0.542,0.746,0.959,1.151,1.404,1.618,1.848,2.050,2.301,2.521,2.768,
2,91,0.266,0.470,0.689,0.903,1.106,1.328,1.583,1.808,2.048,2.241,2.474,2.747,3.034,3.251,3.542,
2,92,0.274,0.477,
2,93,0.411,0.606,0.813,1.020,1.171,1.424,1.686,1.897,2.123,2.341,
2,94,0.062,0.329,0.540,0.771,0.992,1.225,1.486,1.696,1.916,2.119,2.360,2.606,2.829,3.069,3.289,3.728,
2,95,0.224,0.443,0.667,0.916,1.159,1.406,1.656,1.871,2.142,2.368,2.609,2.842,3.099,3.236,3.536,
2,96,0.083,0.273,0.527,0.774,0.994,1.274,1.498,1.725,1.952,2.191,2.418,2.622,
2,97,0.068,0.293,0.518,0.750,0.973,
2,98,0.189,0.434,0.701,0.937,1.194,1.375,1.645,1.868,
2,99,0.300,0.521,0.774,1.011,1.259,1.526,1.779,1.958,2.248,2.447,2.695,2.948,3.222,
2,100,0.409,
2,101,0.144,0.290,0.559,0.792,1.047,1.314,1.583,1.846,2.106,2.364,2.645,2.859,3.099,3.243,3.512,3.720,3.954,4.236,4.528,
2,102,0.343,0.534,0.774,1.017,1.219,1.462,1.700,1.938,2.188,2.438,2.687,2.931,3.169,3.422,3.667,3.942,4.192,4.433,4.683,4.939,5.398,5.636,5.886,
2,103,0.483,0.689,0.918,1.150,1.400,1.660,
2,104,0.325,0.553,0.774,1.001,1.246,
2,105,0.348,0.553,0.782,1.022,1.289,1.532,1.797,2.047,2.273,2.511,2.761,2.995,3.261,3.511,3.765,3.995,
2,106,0.266,0.442,0.681,0.921,1.153,1.400,1.613,1.857,2.071,2.299,2.534,2.767,3.017,3.230,
2,107,0.142,0.364,0.582,0.820,1.049,1.283,1.521,1.772,1.999,2.210,2.454,2.684,2.895,3.122,3.336,3.587,3.809,4.035,4.290,
2,108,0.273,0.475,0.713,0.947,
2,109,0.224,0.460,0.705,0.953,1.199,1.421,1.658,1.896,2.112,2.347,2.582,2.810,3.037,3.272,
2,110,0.093,0.317,0.553,0.785,1.016,1.252,1.466,1.716,1.942,2.165,2.377,2.600,2.823,3.063,3.270,
2,111,0.180,0.403,
2,112,0.046,0.279,0.493,0.728,0.962,1.189,1.411,1.644,1.843,
2,113,0.091,0.328,0.557,
2,114,0.123,0.391,0.571,0.775,0.983,1.194,1.348,
2,115,0.124,0.345,0.495,0.744,0.996,1.217,1.455,1.686,1.897,2.144,2.346,
2,116,0.298,0.499,0.706,0.914,1.159,1.359,1.601,1.850,2.086,2.280,2.514,2.751,2.951,3.243,
2,117,0.046,0.277,0.520,0.747,0.996,1.222,1.442,1.681,
2,118,0.147,0.342,0.548,0.771,1.021,1.227,1.480,1.702,
2,119,0.217,0.403,0.650,0.920,1.185,1.429,1.713,1.942,2.440,2.683,2.941,3.251,
2,120,0.266,0.431,0.649,0.859,1.119,1.354,1.571,1.813,2.048,2.550,2.734,2.970,3.227,3.482,3.719,3.943,
2,121,0.274,0.449,0.673,0.894,1.141,1.556,1.774,1.977,2.225,2.477,2.693,
2,122,0.307,0.516,0.737,0.980,1.189,1.426,1.649,1.900,2.100,2.306,2.542,2.786,3.017,3.267,3.517,3.770,3.991,4.229,4.450,4.683,4.918,5.159,5.409,5.647,
2,123,0.472,0.702,0.928,1.183,1.433,1.671,1.909,2.146,2.344,2.577,2.859,3.091,3.339,3.614,3.855,4.157,4.439,
2,124,0.303,0.517,0.767,0.998,1.267,1.517,1.749,2.032,2.274,2.542,2.805,3.043,3.313,3.604,3.852,4.150,
2,125,0.250,0.476,0.676,0.908,1.160,1.415,1.663,1.913,2.177,2.416,2.643,2.856,3.113,3.339,3.581,3.887,4.104,
2,126,0.150,0.375,0.586,0.791,1.017,1.234,1.447,1.668,1.901,2.103,2.329,2.569,2.768,2.994,
2,127,0.274,0.426,0.654,0.837,1.046,1.271,1.469,1.661,1.858,
2,128,0.222,0.409,0.596,0.785,1.000,1.198,1.407,1.603,1.818,2.014,2.216,2.432,2.660,2.867,3.085,3.279,3.501,3.703,
2,129,0.092,0.292,0.494,
2,130,0.239,0.435,0.648,0.848,1.067,1.453,1.678,1.899,2.098,2.317,2.544,2.699,2.949,3.169,3.360,
2,131,0.280,0.404,
2,132,0.238,0.640,0.810,1.031,1.269,1.476,1.697,1.908,2.138,2.352,2.573,2.811,3.019,3.251,3.479,3.697,3.913,4.153,4.393,
2,133,0.151,0.358,0.569,0.787,1.011,1.230,1.458,1.694,1.902,2.116,2.362,2.572,2.783,2.990,
2,134,0.281,0.499,0.698,0.898,1.096,1.309,1.486,1.690,1.889,2.123,2.319,2.525,2.740,2.953,3.156,3.371,3.584,
2,135,0.314,0.522,0.715,0.928,1.139,1.348,1.554,1.772,1.972,2.203,2.419,2.623,2.849,3.038,3.273,3.446,3.672,3.857,4.086,
2,136,0.286,0.469,0.708,
2,137,0.314,0.522,0.705,0.906,1.091,1.292,1.489,1.700,1.894,2.103,2.305,
2,138,0.156,0.389,0.601,0.800,1.026,1.222,1.434,
2,139,0.086,0.272,0.477,0.677,0.892,1.069,1.282,1.492,1.686,1.889,2.077,
2,140,0.310,0.515,0.729,0.935,1.145,1.322,1.544,1.769,1.977,2.207,2.443,2.646,2.846,3.064,3.287,3.492,
2,141,0.249,0.468,0.664,0.866,1.090,1.321,1.537,1.768,2.037,2.215,2.434,2.660,
2,142,0.090,0.301,0.524,0.752,0.950,1.183,1.398,1.641,1.866,
2,143,0.207,0.418,0.596,0.774,1.027,1.244,1.455,1.678,1.902,2.094,2.311,2.518,2.937,3.152,
2,144,0.281,0.487,0.705,0.928,1.176,1.414,1.649,1.899,
2,145,0.421,0.650,0.850,1.073,1.316,1.556,1.804,
2,146,0.222,0.420,0.645,
2,147,0.149,0.355,0.545,0.773,1.000,1.175,1.400,1.597,1.830,2.058,2.287,2.500,2.729,2.960,3.183,3.406,3.642,
2,148,0.143,0.333,0.539,0.767,0.970,1.176,1.400,1.644,1.853,
2,149,0.274,0.472,
2,150,0.149,0.349,0.562,0.769,0.985,1.227,1.441,1.653,1.899,2.150,2.374,2.590,2.816,
2,151,0.225,0.403,0.603,0.853,
2,152,0.235,0.468,0.689,0.897,1.124,1.352,1.563,1.794,1.993,2.209,2.494,
2,153,0.136,0.359,0.574,0.783,0.976,1.182,1.387,1.589,1.786,
2,154,0.149,0.358,0.569,0.791,1.016,1.251,1.484,1.692,1.927,2.150,2.365,2.598,2.816,3.024,
2,155,0.057,0.290,0.513,0.720,0.924,1.144,1.367,1.604,1.839,2.079,2.327,2.533,2.746,
2,156,0.182,0.400,0.650,0.860,1.098,1.299,1.524,1.724,1.960,2.180,2.435,2.649,2.901,3.171,
2,157,0.173,0.400,0.614,0.857,1.070,1.324,1.543,1.788,2.038,2.286,2.514,2.764,3.014,3.233,3.465,
2,158,0.033,0.266,0.516,0.738,0.964,1.192,1.469,1.692,1.935,2.180,2.413,2.693,2.876,
2,159,0.215,0.451,0.696,0.924,1.162,1.399,1.627,1.874,2.143,2.340,2.591,2.822,3.069,3.272,
2,160,0.038,0.272,0.466,0.680,0.903,
2,161,0.160,0.376,0.599,
2,162,0.051,0.270,0.477,0.688,0.898,1.088,1.301,1.477,
2,163,0.111,0.315,0.537,0.727,0.945,1.125,1.326,1.499,1.705,1.923,2.141,2.334,2.554,
2,164,0.137,0.349,0.565,0.778,0.995,1.207,1.439,1.666,1.888,2.107,2.335,2.528,
2,165,0.040,0.274,0.479,0.695,0.910,1.151,1.372,1.600,1.824,2.060,2.292,2.525,2.745,
2,166,0.180,0.402,0.602,0.814,1.029,1.234,1.466,1.681,1.906,2.147,2.365,2.587,
2,167,0.216,0.433,0.651,
2,168,0.199,0.413,0.617,0.843,1.081,1.292,1.527,1.735,1.960,2.183,2.409,2.644,
2,169,0.086,0.303,0.527,0.767,0.981,1.192,1.418,1.650,1.901,2.091,2.317,2.557,2.792,3.038,
2,170,0.101,0.303,0.517,0.728,0.949,1.177,1.405,1.605,1.831,2.061,2.284,2.496,2.709,2.939,
2,171,0.108,0.339,0.577,
2,172,0.297,0.473,0.679,0.904,
2,173,0.275,0.502,0.716,0.953,1.149,1.374,1.610,1.820,2.030,2.249,
2,174,0.222,0.430,0.616,0.820,
2,175,0.235,0.420,0.627,0.813,1.020,1.229,1.425,
2,176,0.116,0.315,0.525,0.713,0.915,
2,177,0.115,0.312,0.497,0.686,0.892,1.080,
2,178,0.146,0.340,0.529,0.703,0.896,
2,179,0.083,0.273,0.457,0.650,0.849,1.017,1.221,
2,180,0.028,0.209,0.395,0.585,0.720,0.937,1.145,1.315,1.515,
2,181,0.123,0.325,0.514,0.692,0.867,1.001,1.222,
2,182,0.047,0.257,0.427,0.605,0.801,0.989,1.190,1.391,1.573,1.774,
2,183,0.190,0.400,0.579,0.784,0.984,1.173,1.361,1.556,1.745,1.941,
2,184,,
2,185,0.039,0.232,0.441,0.639,0.814,1.023,1.196,1.389,1.581,1.773,
2,186,0.106,0.296,0.479,0.650,0.821,1.017,1.224,1.400,
