0,1,0.246,0.460,0.647,0.831,1.001,1.166,1.330,1.511,1.693,1.870,2.072,2.282,2.490,2.671,2.863,3.050,3.244,3.412,3.574,3.733,3.895,4.044,4.211,4.396,4.560,4.762,4.943,5.146,5.313,5.486,5.683,5.873,6.071,6.278,6.472,6.659,6.859,7.068,7.274,7.489,7.694,7.897,8.080,8.286,8.488,8.691,8.898,9.055,9.228,9.398,9.549,9.738,9.933,10.148,10.307,10.515,
0,1,0.280,0.463,0.651,0.844,1.000,1.150,1.305,1.488,1.788,1.983,2.156,2.342,2.488,2.724,2.973,3.204,3.435,3.662,3.865,4.093,4.319,4.589,4.826,5.066,5.270,5.496,5.729,5.984,6.206,6.428,6.671,6.888,7.083,7.325,7.556,7.789,8.022,8.272,8.455,8.668,8.889,9.117,9.340,9.582,9.820,10.059,
0,1,0.218,0.409,0.589,0.778,0.964,1.147,1.313,1.501,1.668,1.886,2.082,2.269,2.477,2.650,2.873,3.049,3.224,3.403,3.571,3.770,3.931,4.086,4.274,4.439,4.637,4.815,4.999,5.178,5.371,5.555,5.869,6.055,6.218,6.400,6.585,6.778,7.022,7.311,7.580,7.870,
0,1,0.217,0.394,0.557,0.705,0.851,0.958,1.180,1.370,1.538,1.710,1.902,2.104,2.300,2.472,2.641,2.814,2.984,3.165,3.366,3.594,3.793,3.976,4.146,4.386,4.636,4.826,5.020,5.209,5.559,5.745,5.905,6.086,6.270,6.417,6.591,6.737,6.921,7.089,7.244,7.414,7.553,7.720,7.888,8.055,8.245,8.436,8.624,9.001,9.181,9.318,9.553,9.772,9.963,10.152,
1,1,0.038,0.163,0.290,0.425,0.563,0.696,0.855,1.093,1.237,1.396,1.544,1.713,1.896,2.052,2.207,2.362,2.526,2.671,2.829,2.995,3.147,3.314,3.485,3.626,3.791,3.958,4.147,4.274,4.425,4.553,4.692,4.821,4.956,5.087,5.221,5.354,5.487,5.619,5.765,5.898,6.032,6.148,
1,2,0.042,0.161,0.300,0.431,0.572,0.722,0.861,0.994,1.125,1.266,1.400,1.538,1.679,1.840,2.051,2.212,2.366,2.524,2.691,2.842,3.017,3.161,3.343,3.484,3.651,3.802,3.957,4.112,4.278,4.433,4.604,4.768,4.929,5.099,5.268,5.417,5.592,5.807,5.978,6.162,6.366,6.533,6.701,6.875,7.041,7.189,7.335,7.483,7.636,7.773,7.911,8.054,8.213,8.375,8.530,8.676,8.824,8.994,9.146,9.299,9.450,9.595,9.741,9.887,10.042,10.187,10.347,10.527,10.712,10.858,
1,3,0.146,0.313,0.452,0.597,0.763,0.911,1.072,1.221,1.360,1.513,1.668,1.837,1.990,2.174,2.331,2.517,2.669,2.827,2.984,3.147,3.314,3.469,3.624,3.764,3.904,4.054,4.212,4.334,4.493,4.663,4.819,4.982,5.155,5.301,5.467,5.648,5.828,5.989,6.158,6.318,6.515,6.664,6.856,7.019,7.181,7.342,7.516,7.699,7.899,8.048,8.213,8.400,8.548,8.706,8.871,9.039,9.194,9.360,9.548,9.877,10.035,10.187,10.339,10.492,10.651,10.804,10.952,11.104,11.268,11.404,11.567,11.745,11.857,12.040,
1,4,0.157,0.312,0.468,0.623,0.785,1.061,1.181,1.305,1.470,1.644,1.790,1.943,2.104,2.261,2.395,2.535,2.683,2.827,2.989,3.427,3.599,3.821,4.002,4.212,4.432,4.519,4.684,4.762,4.896,4.946,5.031,5.115,5.213,5.275,5.622,5.829,5.932,6.016,6.220,6.376,6.571,6.744,6.924,7.105,7.181,7.282,7.349,7.472,7.647,7.742,7.840,7.932,8.036,8.279,8.417,8.819,8.908,9.018,9.248,9.351,9.469,9.673,9.919,10.029,
1,5,0.036,0.211,0.403,0.554,0.744,0.905,1.019,1.099,1.313,1.497,1.698,1.927,2.148,2.349,2.411,2.537,2.770,2.965,3.180,3.334,3.552,3.771,3.968,4.202,4.417,4.568,4.724,4.891,5.051,5.197,5.360,5.483,5.664,5.778,5.888,5.997,6.104,6.183,6.296,6.395,6.522,6.616,6.905,7.022,7.404,7.523,7.776,7.985,
1,6,0.104,0.220,0.309,0.522,0.690,0.889,1.090,1.343,1.562,1.772,1.949,2.204,2.311,2.441,
1,7,0.163,0.355,0.566,0.734,
1,8,0.036,0.190,0.330,0.477,0.617,0.763,0.911,1.056,1.206,1.396,1.533,1.718,1.870,2.000,2.147,2.288,2.434,2.587,2.740,2.867,3.027,3.189,3.342,3.467,3.610,3.764,3.917,4.079,4.251,4.402,4.571,4.765,4.898,5.067,5.225,5.368,5.525,5.702,6.037,6.196,6.348,6.533,6.693,6.863,7.000,7.170,7.354,7.516,7.688,7.839,8.016,8.150,8.332,8.485,8.653,8.820,8.976,9.140,9.323,9.459,9.590,9.744,9.896,10.053,10.222,10.371,10.547,10.685,10.848,11.025,11.186,11.323,11.470,11.610,
1,9,0.179,0.327,0.502,0.653,0.808,0.984,1.151,1.310,1.461,1.641,1.801,1.978,2.144,2.311,2.468,2.641,2.782,2.958,3.142,3.285,3.480,3.642,3.776,3.959,4.103,4.275,4.414,4.577,4.743,4.901,5.051,5.206,5.345,5.481,5.643,5.796,5.966,6.123,6.269,
1,10,0.037,0.202,0.363,0.521,0.690,0.869,1.031,1.235,1.407,1.573,1.728,1.888,2.034,2.192,2.346,2.522,2.667,2.839,3.022,3.173,3.349,3.534,3.702,3.889,3.975,4.293,4.462,4.639,4.837,4.991,5.171,5.337,5.523,5.693,5.860,6.023,6.184,6.347,6.524,6.666,6.837,7.031,7.221,7.373,7.551,7.774,7.925,8.076,8.232,8.403,8.574,8.871,9.044,9.193,9.358,9.525,9.666,
1,11,0.149,0.305,0.475,0.642,0.805,0.971,1.124,1.288,1.468,1.646,1.811,1.980,2.160,2.328,
1,12,0.031,0.188,0.348,0.648,0.816,1.102,1.272,1.409,1.574,1.722,1.864,2.019,2.186,2.337,2.489,2.656,2.808,2.970,3.149,3.291,3.453,3.595,3.743,3.900,4.049,4.207,4.376,4.534,4.687,4.860,5.027,5.192,5.360,5.529,5.695,5.864,6.047,6.205,6.387,6.562,6.722,6.905,7.059,7.231,7.404,7.579,7.744,7.912,8.069,8.251,8.405,8.571,8.728,8.860,9.019,9.194,9.357,9.523,9.677,9.840,9.999,10.160,10.314,10.588,10.782,10.918,11.061,11.207,11.344,11.485,11.646,11.792,
1,13,0.154,0.319,0.491,0.645,0.815,0.981,1.145,1.295,1.435,1.604,1.774,1.942,2.102,2.266,2.435,2.604,2.763,2.913,3.078,3.244,3.413,3.586,3.744,3.915,4.073,4.263,4.425,4.595,4.751,4.929,5.090,5.270,5.412,5.597,5.764,5.923,6.080,6.264,6.420,6.586,6.746,6.905,7.079,7.265,7.430,7.606,7.775,7.965,8.149,8.295,8.455,8.617,8.777,8.948,9.149,9.303,9.483,9.679,9.846,10.016,10.150,10.314,10.481,10.627,10.800,10.946,11.410,11.553,11.727,
1,14,0.037,0.197,0.357,0.521,0.712,0.798,0.973,1.117,1.316,1.410,1.521,1.700,1.888,1.951,2.047,2.145,2.233,2.323,2.415,2.492,2.597,2.673,2.792,2.865,2.971,3.050,3.152,3.246,3.342,3.429,3.526,3.600,3.714,3.792,3.902,3.987,4.093,4.174,4.273,
1,15,0.105,0.223,0.444,0.677,0.937,1.096,1.296,1.413,1.532,1.651,1.737,1.864,1.963,2.084,2.169,2.292,2.394,
1,16,0.119,0.274,0.497,0.610,0.746,0.988,1.250,1.391,1.501,1.641,1.861,2.069,2.163,2.295,2.455,2.664,2.800,3.055,3.243,3.392,3.545,3.652,3.793,4.009,4.111,4.223,4.328,4.446,4.530,4.655,4.875,5.094,5.204,5.320,5.423,5.534,5.643,5.732,5.842,5.959,6.057,6.150,6.272,
1,17,0.038,0.186,0.328,0.442,0.565,0.669,0.781,0.888,0.996,1.101,1.188,1.324,1.420,1.539,1.889,1.976,2.103,2.345,2.454,2.571,2.689,2.822,3.023,3.157,3.273,3.363,3.547,3.654,3.907,4.140,4.236,4.360,4.500,4.615,4.742,4.835,4.959,5.197,5.443,5.750,5.915,6.056,6.205,6.312,6.431,6.539,6.663,6.774,6.855,6.992,7.100,7.299,7.525,7.671,7.794,7.953,8.148,8.290,8.540,8.684,8.902,9.084,9.192,9.352,9.531,9.713,9.910,10.099,10.274,10.393,10.682,10.855,10.998,11.121,11.284,11.427,11.554,11.826,11.982,12.075,
1,18,0.220,0.471,0.678,0.795,0.901,1.018,1.210,1.518,1.661,1.941,2.074,2.358,2.490,2.769,2.894,3.152,3.451,3.611,3.769,3.927,4.085,4.229,4.365,4.544,4.695,4.875,4.983,5.104,5.224,5.318,5.420,5.626,5.843,5.977,6.218,6.434,6.579,6.774,6.890,6.993,7.146,7.354,7.599,7.699,7.824,7.912,8.060,8.178,8.294,
1,19,0.274,0.524,0.812,0.997,1.176,1.433,1.671,1.807,1.926,2.035,2.185,2.297,2.441,2.693,2.833,2.958,3.159,3.320,3.481,3.592,3.731,3.893,4.034,4.197,4.343,4.510,4.658,4.818,4.984,5.143,5.400,5.571,5.737,5.867,6.022,6.213,6.375,6.516,6.691,6.857,7.039,7.147,7.303,7.446,7.603,7.761,7.927,8.101,8.266,8.424,8.606,8.856,9.038,9.214,9.395,9.558,9.726,9.925,10.070,10.252,10.443,10.627,10.803,10.984,11.149,11.368,11.562,11.712,11.876,
1,20,0.185,0.351,0.521,0.694,0.887,1.063,1.245,1.392,1.572,1.714,1.927,2.121,2.289,2.445,2.595,2.796,2.984,3.194,3.372,3.549,3.712,3.916,4.111,4.317,4.496,4.642,4.804,4.970,5.121,5.273,5.436,5.589,5.749,5.912,6.071,6.231,6.390,6.556,6.666,6.849,7.024,7.182,7.347,7.531,7.678,7.828,7.993,8.153,
1,21,0.089,0.271,0.429,0.711,0.878,1.046,1.211,1.369,1.538,1.691,1.849,2.022,2.167,2.333,2.505,2.668,2.841,3.001,3.190,3.405,3.618,3.819,4.023,4.218,4.408,4.574,4.773,4.951,5.140,5.286,5.467,5.611,5.774,5.962,6.124,6.290,6.474,6.651,6.811,6.984,7.148,7.326,7.508,7.666,7.841,7.997,8.171,8.331,8.525,8.666,8.820,8.987,9.154,9.319,9.470,9.649,9.810,9.963,10.127,10.288,10.429,10.597,10.766,10.893,
1,22,0.117,0.287,0.438,0.596,0.777,0.987,1.118,1.268,1.430,1.611,1.780,1.936,2.151,2.293,2.460,2.642,2.798,2.974,3.194,3.349,3.531,3.709,3.902,4.064,4.228,4.412,4.587,4.786,4.963,5.146,5.333,5.501,5.703,5.901,6.069,6.274,6.474,6.673,6.866,7.045,7.201,7.387,7.565,7.730,7.921,8.077,8.271,8.438,8.609,8.771,8.929,9.090,9.271,9.658,9.823,9.977,
1,23,0.093,0.260,0.418,0.588,0.760,0.950,1.104,1.272,1.443,1.644,1.819,1.996,2.176,2.338,2.518,2.688,2.895,3.018,3.145,3.290,3.451,3.662,3.838,4.067,4.262,4.512,4.677,4.849,4.985,5.180,5.336,5.540,5.700,5.836,6.013,6.171,6.334,6.535,6.681,6.841,7.020,7.192,7.372,7.541,7.713,7.876,8.051,8.216,8.397,8.580,8.743,8.923,9.100,9.279,9.447,9.588,
1,24,0.198,0.361,0.530,0.688,0.846,1.023,1.180,1.352,1.524,1.676,1.864,2.073,2.274,
1,25,0.107,0.288,0.446,0.619,0.795,0.987,1.166,1.330,1.516,1.672,1.847,2.016,2.189,2.367,2.541,2.736,2.925,3.071,3.222,3.400,3.574,3.738,3.921,4.108,4.292,4.462,4.596,4.768,4.923,5.101,5.272,5.460,5.605,5.768,5.961,6.142,6.320,6.519,6.682,6.845,7.031,7.216,7.415,7.607,7.791,7.961,8.136,8.282,8.463,8.640,8.831,9.023,9.190,9.373,9.555,9.742,9.923,10.137,10.317,10.489,10.661,10.810,
1,26,0.145,0.288,0.427,0.652,0.824,1.096,1.209,1.321,1.515,1.662,1.794,1.917,2.155,2.287,2.396,2.512,2.646,2.762,2.877,2.979,3.095,3.213,3.345,3.480,3.568,3.772,3.996,4.146,4.241,4.362,4.472,4.587,4.738,4.954,5.174,5.323,5.407,5.538,5.650,5.764,5.897,5.991,6.147,6.398,6.648,6.806,6.910,7.039,7.158,7.294,7.544,7.775,8.015,8.117,8.246,8.469,8.580,8.717,8.940,9.178,9.406,9.531,9.671,9.776,9.906,10.016,10.156,10.373,10.587,10.691,10.831,10.950,11.070,11.163,11.400,
1,27,0.141,0.356,0.577,0.777,1.030,1.285,1.411,1.538,1.751,2.018,2.151,2.394,2.530,2.778,3.025,3.369,3.467,3.593,3.718,3.963,4.099,4.212,4.324,4.451,4.709,5.029,5.180,5.294,5.429,5.573,5.688,5.784,5.911,6.042,6.280,6.408,6.552,6.693,7.048,7.183,7.421,7.530,7.650,7.894,7.982,8.138,8.388,8.641,8.888,9.021,9.301,9.434,9.561,9.852,10.105,10.389,
1,28,0.033,0.176,0.349,0.516,0.682,0.836,1.001,1.160,1.294,1.471,1.643,1.803,1.969,2.111,2.271,2.440,2.607,2.780,2.955,3.123,3.304,3.450,3.639,3.837,4.033,4.198,
1,29,0.096,0.246,0.395,0.575,0.718,0.888,1.058,1.233,1.386,1.541,1.721,1.900,2.059,2.208,2.372,2.542,2.699,2.870,3.047,3.221,3.398,3.579,3.725,3.928,4.114,4.303,
1,30,0.161,0.305,0.458,0.609,0.766,0.921,1.089,1.266,1.426,1.580,1.743,1.899,2.051,2.191,2.366,2.516,2.657,2.991,3.154,3.331,3.496,3.657,3.826,3.999,4.165,4.326,4.517,4.709,4.873,5.057,5.225,5.421,5.594,5.775,5.950,6.122,6.300,6.484,6.655,6.827,7.002,7.167,7.337,7.519,7.708,7.876,8.053,8.198,8.428,
1,31,0.094,0.275,0.591,0.759,0.942,1.099,1.248,1.433,1.598,1.776,1.942,2.143,2.291,2.449,2.616,2.799,2.970,3.143,3.356,3.525,3.712,3.894,4.045,4.234,4.408,4.591,4.792,4.972,5.154,5.337,5.535,5.708,5.895,6.102,
1,32,0.096,0.246,0.367,0.536,0.677,0.845,1.024,1.170,1.345,1.524,1.692,1.863,2.028,2.190,2.362,2.559,2.706,2.895,3.091,3.292,3.463,3.652,3.847,4.025,4.181,4.354,4.545,4.711,4.905,5.058,5.234,5.412,5.595,5.774,5.964,6.301,6.464,6.614,6.807,6.992,7.180,7.393,7.588,7.760,7.943,8.109,8.282,8.460,8.625,8.783,8.934,
1,33,0.144,0.317,0.459,0.644,0.810,0.988,1.144,1.294,1.456,1.608,1.782,1.959,2.145,2.290,2.434,2.666,2.851,3.018,3.175,3.352,3.512,3.805,3.989,4.146,4.335,4.495,4.653,4.799,4.933,5.086,5.237,5.396,5.520,5.667,5.816,5.970,6.147,6.281,
1,34,0.074,0.231,0.399,0.525,0.656,0.797,0.953,1.106,1.249,1.413,1.545,1.708,1.852,2.016,2.162,2.312,
1,35,0.054,0.201,0.350,0.519,0.662,0.836,0.965,1.136,1.289,1.440,1.598,1.770,1.905,2.032,2.178,2.459,2.611,2.770,2.923,3.077,3.271,3.410,3.580,3.736,3.875,4.021,4.171,4.327,4.490,4.655,4.820,4.987,5.153,5.323,5.486,5.645,5.803,5.980,6.139,6.299,6.453,6.620,6.772,6.914,7.066,7.223,7.369,7.523,7.674,7.820,7.981,8.112,8.247,8.365,8.555,8.690,8.844,8.997,9.167,9.313,9.471,
1,36,0.040,0.199,0.353,0.501,0.636,0.770,0.915,1.089,1.205,1.520,1.685,1.815,1.975,2.137,2.271,2.424,2.587,2.740,2.870,3.058,3.216,3.370,3.521,3.681,3.840,3.993,4.155,4.325,4.477,4.638,4.941,5.279,5.433,5.584,5.772,5.928,6.113,6.273,6.436,6.582,6.735,6.918,7.074,7.273,7.402,7.584,7.748,7.890,8.065,8.246,8.435,8.584,8.748,8.897,9.049,9.194,9.345,9.497,9.644,9.809,9.950,10.102,
1,37,0.139,0.302,0.460,0.607,0.772,0.936,1.079,1.243,1.399,1.589,1.716,1.862,2.046,2.193,2.356,2.523,2.650,2.810,2.967,3.144,3.308,3.495,3.662,3.838,4.001,4.148,4.318,4.483,4.648,4.789,4.965,5.141,5.306,5.465,5.642,5.785,5.958,6.159,6.292,6.479,6.657,6.820,6.990,7.172,7.342,7.526,7.702,7.865,8.029,8.194,8.393,8.561,8.724,8.893,9.076,9.243,9.561,
1,38,0.190,0.351,0.516,0.683,0.849,0.995,1.153,1.332,1.488,1.649,1.805,1.978,2.150,2.318,2.497,2.674,2.850,3.017,3.187,3.355,3.527,3.678,3.838,3.996,4.163,4.330,4.492,4.654,4.807,4.955,5.121,5.285,5.439,5.591,5.768,5.892,6.060,6.223,6.394,6.575,6.743,6.912,7.100,7.269,7.419,7.597,7.779,7.948,8.112,8.279,8.438,8.620,8.784,8.941,9.110,9.270,9.429,9.601,9.829,9.982,10.137,10.285,
1,39,0.107,0.279,0.441,0.621,0.776,0.920,1.071,1.213,1.354,1.520,1.663,1.824,1.983,2.148,2.285,
1,40,0.135,0.268,0.413,0.570,0.716,0.856,0.999,1.157,1.315,1.478,1.638,1.781,1.934,2.092,2.249,2.415,2.566,2.712,2.850,3.019,3.150,3.321,3.461,3.610,3.770,3.910,4.068,4.224,4.395,4.542,4.705,4.871,5.045,5.205,5.361,5.531,5.705,5.872,6.088,6.237,6.388,6.568,6.771,6.913,7.098,7.248,7.427,7.600,7.772,7.928,8.088,8.272,8.415,
1,41,0.075,0.229,0.464,0.639,0.785,0.940,1.093,1.272,1.413,1.567,1.722,1.889,2.038,2.195,2.349,2.532,2.664,2.818,3.000,3.150,3.302,3.480,3.640,3.803,3.998,4.140,4.277,
1,42,0.062,0.222,0.366,0.513,0.672,0.829,0.970,1.147,1.275,1.424,1.573,1.722,1.876,2.031,2.186,2.357,2.524,2.672,2.808,2.951,3.114,3.320,3.424,3.549,3.708,3.856,4.190,4.325,4.499,4.670,4.801,4.964,5.148,5.302,5.479,5.618,5.778,5.924,6.098,6.236,6.399,6.572,6.720,6.899,7.070,7.248,7.473,7.624,7.773,7.961,8.150,8.286,8.454,8.623,8.816,8.960,9.123,9.297,9.479,9.651,9.804,9.967,10.117,10.271,
1,43,0.176,0.475,0.647,0.806,0.965,1.147,1.291,1.464,1.604,1.784,1.944,2.098,2.288,2.461,2.648,2.782,2.934,3.110,3.265,3.402,3.620,3.772,3.954,4.099,4.265,4.431,4.605,4.854,5.016,5.179,5.341,5.575,5.769,5.938,6.107,6.250,6.409,6.619,6.777,6.934,7.073,7.236,7.418,7.597,7.709,7.863,8.034,8.195,8.344,
1,44,0.111,0.272,0.421,0.554,0.695,0.846,0.990,1.139,1.279,1.434,1.594,1.742,1.899,2.073,2.223,2.366,2.489,2.644,2.810,2.974,3.105,3.274,3.422,3.578,3.741,3.905,4.074,4.274,4.425,4.600,4.774,4.943,5.104,5.275,5.446,5.618,5.784,5.967,6.142,6.297,6.466,6.645,6.817,6.997,7.169,7.330,7.509,7.684,7.855,8.032,8.211,8.396,8.573,8.764,8.955,9.147,9.336,9.550,9.736,9.908,10.077,
1,45,0.055,0.167,0.314,0.496,0.648,0.814,0.974,1.158,1.326,1.499,1.649,1.806,1.967,2.158,2.312,2.447,2.608,2.769,2.949,3.117,3.283,3.444,3.614,3.791,3.971,4.150,4.328,4.493,4.650,4.799,5.105,5.267,5.430,5.603,5.777,5.940,6.119,6.307,6.484,6.656,6.832,7.018,7.200,7.369,7.543,7.708,7.859,7.991,8.169,8.305,
1,46,0.150,0.310,0.514,0.662,0.818,1.001,1.165,1.340,1.514,1.681,1.857,2.046,2.209,2.360,2.536,2.723,2.898,3.063,3.234,3.430,3.608,3.795,3.965,4.155,4.332,4.501,4.686,4.866,5.038,5.215,5.399,5.558,5.727,5.903,6.066,6.209,6.371,6.523,6.695,6.877,7.102,7.229,7.383,7.554,7.725,7.915,8.096,8.267,8.446,8.617,8.792,8.970,9.151,9.314,9.483,9.651,9.805,10.018,10.161,10.322,10.488,10.646,10.815,10.986,11.174,11.354,11.543,11.718,11.877,12.036,12.211,12.376,12.539,12.713,12.886,13.047,13.217,13.398,13.559,13.745,13.901,14.069,14.240,
1,47,0.173,0.334,0.496,0.659,0.806,0.975,1.127,1.284,1.450,1.625,1.767,1.926,2.072,2.264,2.414,
1,48,0.047,0.198,0.354,0.516,0.667,0.837,0.985,1.078,1.223,1.400,1.531,1.679,1.835,1.974,2.150,2.296,
1,49,0.043,0.210,0.375,0.520,0.680,0.846,0.997,1.149,1.302,1.453,1.611,1.771,1.904,2.077,2.245,2.388,2.536,2.697,2.858,3.066,3.193,3.362,3.525,3.681,3.840,4.029,4.166,4.343,4.492,4.658,4.814,4.974,5.139,5.290,5.475,5.649,5.812,5.978,6.143,6.273,6.425,6.587,6.736,6.922,7.092,7.274,7.422,7.577,7.736,7.894,8.046,8.200,
1,50,0.091,0.251,0.571,0.725,0.911,1.076,1.225,1.406,1.569,1.725,1.892,2.064,2.220,2.369,2.533,2.696,2.868,3.048,3.238,3.399,3.746,3.935,4.099,4.284,
1,51,0.029,0.196,0.359,0.548,0.726,0.872,1.046,1.224,1.551,1.736,1.908,2.115,2.297,2.476,2.674,2.862,3.039,3.220,3.404,3.564,3.866,4.052,4.213,4.394,4.567,4.725,4.901,5.049,5.245,5.376,5.584,5.696,5.895,6.072,6.245,
1,52,0.101,0.272,0.458,0.649,0.799,0.975,1.153,1.334,1.516,1.711,1.867,2.016,2.189,2.368,2.561,2.729,2.872,3.050,3.210,3.404,3.573,3.731,3.907,4.071,4.231,4.408,4.586,4.768,4.906,5.067,5.243,5.424,5.591,5.778,5.961,6.152,6.330,
1,53,0.190,0.387,0.540,0.696,0.887,1.056,1.210,1.368,1.535,1.688,1.854,2.021,2.204,2.357,2.498,2.670,2.851,3.047,3.222,3.411,3.583,3.772,3.948,4.139,4.341,4.493,4.664,4.851,5.026,5.188,5.371,5.538,5.733,5.893,6.097,6.273,6.471,6.640,6.805,6.989,7.163,7.351,7.563,7.709,7.903,8.076,8.274,
1,54,0.033,0.179,0.342,0.529,0.682,0.870,1.017,1.194,1.360,1.517,1.675,1.862,2.017,2.156,2.316,2.490,2.668,2.846,3.000,3.159,3.353,3.518,3.681,3.863,4.033,4.166,4.338,4.522,4.662,4.844,5.019,5.166,5.354,5.488,5.676,5.800,6.032,6.186,6.358,6.532,6.859,7.046,7.252,7.452,7.636,7.814,7.989,8.140,8.315,8.492,8.675,8.851,9.033,9.228,9.357,9.545,9.729,9.867,10.041,10.215,10.388,10.543,10.688,10.854,
1,55,0.074,0.229,0.372,0.521,0.665,0.826,0.987,1.151,1.287,1.454,1.589,1.736,1.873,2.028,2.181,2.325,2.494,2.642,2.798,2.949,3.111,3.252,3.406,3.555,3.694,3.856,4.019,4.182,4.299,4.470,
1,56,0.048,0.190,0.347,0.648,0.794,0.915,1.046,1.202,1.360,1.494,1.649,1.801,1.955,2.098,2.237,2.399,2.535,2.703,2.831,2.990,3.149,3.307,3.468,3.627,3.783,3.941,4.085,4.188,4.295,4.490,4.674,4.750,4.867,4.942,5.052,5.141,5.267,5.364,5.441,5.569,5.767,5.851,5.951,6.081,6.154,6.285,6.492,6.690,6.892,6.976,7.085,7.202,7.416,7.490,7.611,7.686,7.810,7.928,8.045,8.248,8.457,8.575,8.781,8.975,9.172,9.369,9.576,9.790,9.923,10.147,10.269,10.346,10.469,10.678,10.889,11.096,11.297,11.520,11.733,11.830,11.936,12.047,12.164,12.270,12.387,12.590,12.812,12.906,13.001,13.102,13.204,13.294,13.397,13.594,13.791,13.902,14.138,14.227,14.410,14.494,14.592,14.722,14.913,15.032,15.145,15.272,15.456,15.650,15.755,15.864,15.988,16.088,16.181,16.279,
1,57,0.076,0.289,0.394,0.510,0.605,0.704,0.894,1.090,1.195,1.296,1.404,1.613,1.715,1.831,2.042,2.174,2.444,2.645,2.788,3.030,3.167,3.285,3.402,3.512,3.620,3.721,3.837,4.049,4.149,4.279,4.396,4.584,4.860,5.072,5.350,5.603,5.726,5.820,5.936,6.057,6.354,
1,58,0.157,0.283,0.524,0.681,0.823,0.930,1.051,1.204,1.418,1.588,1.683,1.808,1.933,2.059,2.275,2.365,2.481,2.582,2.688,2.767,2.994,3.193,3.312,3.431,3.623,3.735,3.809,3.932,4.048,4.240,
1,59,0.100,0.312,0.431,0.637,0.768,0.885,1.094,1.297,1.522,1.768,1.865,1.983,2.085,2.200,2.472,2.703,2.809,3.061,3.293,3.519,3.750,3.988,4.088,4.421,4.526,4.660,4.770,5.020,5.189,5.426,5.644,5.914,6.127,6.387,6.482,6.604,6.742,6.866,6.981,7.084,7.188,7.330,7.546,7.818,8.025,8.142,
1,60,0.106,0.242,0.373,0.524,0.680,0.831,0.990,1.166,1.416,1.564,1.715,1.877,2.031,2.174,2.318,2.449,2.573,2.781,2.976,3.189,3.401,3.514,3.616,3.716,3.852,4.054,4.265,4.476,4.680,4.898,5.000,5.218,5.325,5.456,5.659,5.874,6.085,6.290,6.516,6.605,6.705,6.826,7.045,7.266,7.485,7.589,7.701,7.791,8.023,8.122,8.216,8.342,8.439,8.564,8.777,8.883,8.986,9.108,9.354,9.455,9.575,9.678,9.784,10.071,
1,61,0.208,0.369,0.557,0.702,0.911,1.144,1.339,1.597,1.831,1.961,2.226,2.479,2.684,2.799,2.949,3.149,3.262,3.360,3.581,3.808,3.999,4.241,4.427,4.663,4.867,5.089,5.309,5.528,5.785,6.000,6.356,6.455,6.573,6.679,6.812,7.026,7.291,7.514,7.626,7.742,7.963,8.067,8.154,8.271,8.416,8.648,8.843,9.018,9.195,9.435,9.544,9.789,10.033,
1,62,0.051,0.165,0.402,0.652,0.766,1.016,1.240,1.486,1.672,2.056,2.250,2.658,2.873,3.238,3.461,3.666,3.901,4.115,4.319,4.447,4.666,4.785,4.919,5.147,5.387,5.614,5.741,6.018,6.238,6.367,6.596,6.737,6.894,7.019,7.120,7.279,7.497,7.627,7.734,8.026,8.276,8.419,8.667,8.893,9.081,9.289,9.405,9.637,9.851,10.140,10.366,10.599,10.800,10.997,11.186,11.391,11.572,11.743,11.916,12.075,12.245,12.410,12.573,12.725,
1,63,0.213,0.446,0.678,0.896,1.106,1.349,1.533,1.750,1.989,2.219,2.466,2.704,2.973,3.197,3.410,3.648,3.898,4.155,4.373,4.589,4.839,5.087,
1,64,0.126,0.274,0.432,0.580,0.699,0.844,1.026,1.159,1.299,1.453,1.610,1.760,1.923,2.083,2.350,2.510,2.690,2.826,2.995,3.168,3.327,3.490,3.671,3.898,4.011,4.114,4.240,4.461,4.674,4.840,5.051,5.262,5.360,5.477,5.564,5.729,5.934,6.059,6.165,6.399,
1,65,0.126,0.294,0.437,0.556,0.697,0.862,1.024,1.267,1.418,1.564,1.732,1.901,2.052,2.215,2.387,2.542,2.708,2.874,3.035,3.156,3.347,3.518,3.686,3.857,4.030,4.211,4.404,4.674,4.875,5.031,5.208,5.347,5.519,5.701,5.853,6.020,6.181,6.362,6.535,6.712,6.892,7.052,7.238,7.423,7.604,7.777,7.954,8.126,8.295,8.478,8.637,8.827,9.004,9.198,9.333,9.473,9.638,9.808,9.969,10.141,10.338,10.522,10.667,10.853,11.022,11.170,11.344,11.522,11.719,11.858,12.022,12.195,12.349,
1,66,0.039,0.207,0.389,0.559,0.712,0.864,1.022,1.185,1.319,1.490,1.639,1.783,1.943,2.120,2.273,2.431,2.609,2.773,2.917,3.082,3.273,3.397,3.589,3.780,3.949,4.157,4.306,4.474,4.678,4.850,5.024,5.201,5.391,5.566,5.775,5.951,6.141,6.319,6.525,6.713,6.892,7.055,7.275,7.417,7.594,7.776,7.966,8.142,8.323,8.519,8.721,8.893,9.056,9.249,9.440,9.610,9.801,9.972,10.179,10.343,
1,67,0.198,0.360,0.516,0.691,0.900,1.041,1.226,1.388,1.584,1.767,1.944,2.110,2.287,2.452,2.625,2.789,2.964,3.149,3.353,3.532,3.720,3.921,4.114,4.285,4.478,4.637,4.851,5.055,5.240,5.419,5.602,5.769,5.942,6.122,6.299,6.487,6.700,6.906,7.080,7.276,7.466,7.643,7.848,8.037,8.236,8.428,8.621,8.800,8.965,9.122,9.293,9.457,9.654,9.801,9.980,10.156,10.320,10.470,10.622,10.791,10.959,11.104,11.522,11.664,11.828,
1,68,0.120,0.292,0.470,0.626,0.799,0.960,1.101,1.277,1.428,1.574,1.732,1.864,2.011,2.184,2.323,2.483,2.648,2.819,2.971,3.123,3.293,3.453,3.583,3.762,3.908,4.053,4.209,4.396,4.547,4.693,4.875,5.031,5.207,5.396,5.513,5.661,5.816,5.984,6.121,6.263,6.470,6.593,6.830,7.038,7.264,7.453,7.657,7.857,8.055,8.281,8.397,8.495,8.619,8.733,8.838,8.977,9.197,9.420,9.621,9.765,10.000,10.111,10.226,10.355,10.476,10.622,10.899,11.084,11.238,11.368,11.516,11.748,
1,69,0.109,0.331,0.456,0.588,0.697,0.834,1.039,1.272,1.399,1.624,1.835,1.964,2.164,2.297,2.415,2.520,2.656,2.900,2.976,3.243,3.361,3.478,3.602,3.804,4.040,4.150,4.401,4.495,4.603,4.839,5.049,5.183,5.314,5.518,5.651,5.884,6.116,6.570,6.793,6.903,7.028,7.142,7.272,7.397,7.635,7.788,7.927,8.180,8.468,8.734,8.864,9.115,9.520,9.616,9.917,10.065,10.376,10.686,10.826,10.950,11.203,11.521,11.649,
1,70,0.059,0.167,0.302,0.441,0.661,0.748,0.876,1.052,1.334,1.493,1.614,1.751,1.968,2.124,2.403,2.563,2.675,2.818,3.084,3.350,3.609,3.898,4.370,4.556,4.700,4.843,4.996,5.142,5.275,5.406,5.645,5.835,6.011,6.252,
1,71,0.134,0.248,0.351,0.449,0.780,0.987,1.151,1.350,1.626,1.734,1.873,2.113,2.336,2.481,2.613,2.769,2.843,3.085,3.311,3.725,3.950,4.076,4.288,4.403,4.519,4.750,4.976,5.082,5.350,5.578,5.676,5.887,5.997,6.219,6.387,
1,72,0.091,0.247,0.411,0.565,0.713,0.864,1.000,1.149,1.310,1.466,1.650,1.793,1.993,2.223,2.393,2.563,2.732,2.922,3.094,3.415,3.569,3.747,3.911,4.074,4.236,4.421,4.576,4.771,4.933,5.087,5.268,5.414,5.587,5.768,5.922,6.100,6.252,6.424,6.592,6.751,6.914,7.093,7.269,7.404,7.590,7.752,7.849,7.982,8.170,8.371,8.487,8.585,8.794,8.869,8.999,9.205,9.418,9.626,9.842,10.020,10.249,10.403,10.616,
1,73,0.185,0.408,0.605,0.804,0.999,1.160,1.307,1.435,1.572,1.721,1.875,2.024,2.204,2.364,
1,74,0.156,0.309,0.458,0.639,0.790,0.956,1.110,1.283,1.460,1.773,1.934,2.104,2.277,2.469,2.620,2.774,2.937,3.141,3.286,3.418,3.573,3.729,3.901,4.068,4.238,
1,75,0.079,0.251,0.439,0.585,0.724,0.872,1.043,1.204,1.519,1.702,1.859,2.034,2.199,
1,76,0.102,0.246,0.425,0.549,0.690,0.847,1.021,1.169,1.340,1.517,1.685,1.856,2.030,2.203,
1,77,0.086,0.250,0.427,0.582,0.764,0.917,1.068,1.233,1.376,1.544,1.686,1.852,2.015,2.163,2.333,2.495,2.658,2.819,3.001,3.155,3.307,3.469,3.652,3.834,4.016,4.181,4.353,4.531,4.713,4.854,5.040,5.221,5.412,5.580,5.718,5.913,6.073,6.234,6.400,6.536,6.777,6.900,7.127,7.353,7.581,7.797,7.915,8.035,8.151,8.290,8.521,8.768,9.018,9.250,9.490,9.731,9.963,
1,78,0.067,0.293,0.524,0.786,1.021,1.141,1.293,1.421,1.547,1.771,1.920,2.041,2.182,2.425,2.549,2.659,2.787,2.904,3.029,3.139,3.272,3.522,3.618,3.742,3.892,4.188,4.319,4.474,4.605,4.773,4.861,5.030,5.154,5.273,5.423,5.545,5.669,5.808,6.075,6.322,6.482,6.644,6.774,6.890,7.024,7.150,7.250,7.394,7.623,7.774,8.024,8.151,8.290,
1,79,0.167,0.325,0.481,0.641,0.833,0.978,1.277,1.430,1.581,1.751,1.901,2.052,2.205,2.353,2.518,2.676,2.834,3.001,3.179,3.359,3.518,3.684,3.830,3.989,4.135,4.293,4.449,4.598,4.783,4.953,5.117,5.269,5.393,5.580,5.716,5.868,6.026,
1,80,0.076,0.236,0.411,0.581,0.744,0.931,1.093,1.270,1.441,1.616,1.790,1.961,2.275,2.458,2.648,2.812,2.964,3.127,3.318,3.486,3.658,3.840,4.025,4.217,4.349,4.488,4.777,5.030,5.274,5.497,5.720,5.938,6.150,6.397,6.599,6.876,7.114,7.397,7.614,7.808,7.984,8.287,
1,81,0.026,0.191,0.343,0.522,0.681,0.862,1.034,1.224,1.393,1.557,1.726,1.906,2.072,2.250,2.438,2.620,2.787,2.967,3.144,3.324,3.502,3.691,3.856,4.030,4.395,4.575,4.740,4.925,5.110,5.286,5.479,5.668,5.818,6.012,6.187,6.364,6.538,6.732,6.915,7.112,7.308,7.489,7.686,7.861,8.043,8.220,8.401,8.591,8.790,8.971,9.147,9.304,9.502,9.647,9.764,9.929,10.095,10.264,
1,82,0.097,0.287,0.468,0.602,0.771,0.933,1.086,1.226,1.389,1.552,1.722,1.858,2.042,2.217,2.390,2.552,2.750,2.949,3.135,3.320,3.544,3.608,3.810,4.019,4.181,
1,83,0.069,0.218,0.349,0.535,0.839,1.021,1.174,1.332,1.521,1.679,1.836,2.022,2.177,2.370,2.541,2.713,2.903,3.088,3.299,3.607,3.818,3.994,4.189,4.341,4.523,4.674,4.845,5.001,5.174,5.358,5.527,5.699,5.890,6.063,6.274,6.478,6.660,6.835,7.041,7.246,7.403,7.595,7.758,7.945,8.148,8.328,8.525,8.703,8.898,9.069,9.205,9.392,9.541,9.692,
1,84,0.148,0.318,0.479,0.660,0.814,0.988,1.190,1.353,1.501,1.691,1.863,2.030,2.200,2.399,2.566,2.742,2.910,3.104,3.266,3.478,3.656,3.820,3.997,4.167,4.347,4.543,4.711,4.898,5.078,5.267,5.449,5.626,5.821,6.017,6.198,6.365,6.537,6.712,6.909,7.091,7.285,7.458,7.627,7.788,7.970,8.126,8.312,8.518,8.649,8.844,9.000,9.172,9.354,9.501,9.680,9.847,10.019,10.147,
1,85,0.198,0.348,0.530,0.691,0.856,1.043,1.225,1.406,1.594,1.784,1.955,2.140,2.313,
1,86,0.100,0.262,0.415,0.560,0.704,0.863,1.012,1.158,1.313,1.481,1.655,1.797,1.965,2.123,2.419,2.574,2.744,2.906,3.063,3.234,3.396,3.562,3.722,3.866,4.023,4.196,4.373,4.514,4.676,4.850,5.014,5.197,5.351,5.524,5.684,5.835,6.014,6.168,6.350,6.515,6.677,6.838,6.981,7.127,7.290,7.449,7.618,7.765,7.947,8.111,8.290,
1,87,0.060,0.209,0.357,0.528,0.697,0.853,1.024,1.168,1.343,1.497,1.667,1.867,1.960,2.116,2.282,2.450,
1,88,0.041,0.202,0.347,0.488,0.641,0.786,0.951,1.087,1.242,1.407,1.565,1.719,1.888,2.028,2.195,2.353,2.522,2.676,2.828,2.984,3.142,3.302,3.465,3.618,3.801,3.978,4.143,4.300,4.468,4.610,4.792,4.936,5.104,5.273,5.432,5.617,5.774,5.937,6.117,6.274,
1,89,0.154,0.319,0.469,0.634,0.784,0.950,1.103,1.267,1.442,1.601,1.749,1.913,2.081,2.384,2.572,2.693,2.871,3.038,3.208,3.366,3.536,3.711,3.892,4.053,4.221,4.397,4.610,4.738,4.891,5.071,5.232,5.400,5.575,5.716,5.905,6.079,6.249,6.398,6.557,6.722,6.875,7.045,7.210,7.364,7.520,7.692,7.858,8.021,8.168,8.317,8.485,8.861,8.983,9.141,9.308,9.469,9.663,9.820,9.966,10.153,10.303,10.462,10.642,10.803,10.985,11.166,11.302,11.467,11.651,11.816,11.980,12.143,12.327,
