0,1,0.205,0.433,0.647,0.859,1.118,1.297,1.517,1.730,1.944,2.162,2.397,2.607,2.831,3.044,3.289,3.522,3.765,3.986,4.195,4.438,4.678,4.899,5.149,5.365,5.621,5.916,6.164,6.399,6.649,6.956,7.181,7.417,7.650,7.877,8.120,8.407,8.685,8.930,9.161,9.416,9.656,9.901,10.121,10.356,
0,1,0.268,0.467,0.644,0.885,1.089,1.290,1.528,1.745,1.970,2.199,2.400,2.621,2.854,3.075,3.293,3.519,3.748,3.968,4.206,4.420,4.655,4.890,5.072,5.334,5.542,5.777,6.021,6.239,6.455,6.689,6.919,7.171,7.388,7.626,7.864,8.204,8.410,8.647,8.892,9.049,9.322,9.549,9.725,9.950,10.207,
0,1,0.375,0.649,1.062,1.275,1.431,
0,1,0.348,0.589,0.790,0.982,
2,1,0.077,0.312,0.567,0.807,1.065,1.295,1.532,1.751,2.000,2.233,2.457,2.677,2.861,3.082,3.334,3.593,3.835,4.087,4.304,
2,2,0.418,0.597,0.776,0.957,1.123,1.309,1.511,1.690,1.894,2.091,2.296,2.511,2.725,2.907,3.121,3.404,3.645,3.873,4.089,4.317,4.535,4.762,4.959,5.221,5.440,5.678,5.908,6.120,6.324,6.581,6.814,7.047,7.315,7.551,7.843,8.110,8.351,8.606,8.858,9.112,9.341,9.580,9.898,10.148,
2,3,0.237,0.488,0.716,0.939,1.173,1.422,1.672,1.910,2.163,2.445,2.694,2.950,3.180,3.440,3.637,3.884,4.125,4.346,4.637,4.866,5.119,5.347,5.592,5.857,6.102,6.362,6.643,6.896,7.175,7.452,7.773,8.048,8.312,8.603,8.824,9.074,9.312,9.527,9.786,9.963,10.239,10.466,10.738,11.186,11.428,11.622,11.840,12.071,12.321,12.556,12.857,13.091,13.372,13.601,13.893,14.127,
2,4,,
2,5,0.123,0.298,0.450,0.605,0.860,1.086,1.349,1.612,1.863,2.120,2.372,2.649,2.899,3.238,3.485,3.793,4.041,4.349,4.584,4.830,5.072,5.325,5.721,5.955,6.224,
2,6,0.189,0.417,0.657,0.937,1.199,1.541,1.771,2.041,2.305,2.600,2.856,3.126,3.415,3.676,4.147,4.394,4.710,4.967,5.234,5.546,5.793,6.068,
2,7,,
2,8,0.169,0.409,0.623,0.832,1.050,1.485,1.711,1.938,2.160,2.432,
2,9,0.447,0.654,0.858,1.059,1.268,1.494,1.720,1.937,2.151,2.361,2.553,2.747,3.169,3.392,3.606,3.826,4.039,4.286,4.519,4.735,4.947,5.153,5.386,5.614,5.898,6.093,6.317,6.535,6.790,7.021,7.242,7.489,7.712,7.954,8.201,8.446,
2,10,0.224,0.430,0.610,0.806,1.025,1.232,1.443,1.664,1.892,2.075,2.285,2.509,2.696,2.944,3.146,3.396,3.619,3.840,4.044,4.260,4.478,4.767,5.010,5.197,5.416,5.650,5.868,6.103,6.348,6.584,6.800,7.040,7.237,7.465,7.679,7.912,8.103,8.323,8.528,8.765,8.983,9.187,9.408,9.646,9.857,10.146,10.365,10.646,10.896,11.115,11.608,11.804,12.050,12.300,12.543,12.791,13.014,13.294,13.514,13.747,14.000,14.289,
2,11,,
2,12,0.111,0.332,0.546,0.774,0.976,1.173,1.391,1.605,1.794,1.994,2.212,2.433,2.659,2.892,3.126,3.329,3.552,3.776,3.993,4.209,4.422,4.660,4.893,5.126,5.360,5.595,5.847,6.122,6.367,6.610,6.858,7.107,7.341,7.591,7.841,8.107,8.349,8.599,8.858,9.101,9.412,9.649,9.922,10.175,10.422,10.702,10.920,11.192,11.452,11.699,11.954,12.207,
2,13,0.296,0.469,0.689,0.872,1.078,1.279,1.500,1.717,1.913,2.112,2.361,2.549,
2,14,0.227,0.419,0.625,0.837,1.035,1.240,1.463,1.666,1.893,2.080,2.320,
2,15,0.182,0.387,0.601,0.819,1.037,1.246,1.442,1.654,1.859,2.050,2.274,2.533,2.737,2.991,3.208,3.471,3.721,3.936,4.157,4.362,4.573,4.794,5.049,5.272,5.491,5.705,5.921,6.143,
2,16,,
2,17,0.085,0.320,0.565,0.777,0.994,1.210,1.443,1.644,1.863,2.072,2.297,2.499,2.731,2.947,3.174,3.395,3.611,3.848,4.075,4.305,
2,18,0.216,0.474,0.647,0.857,1.091,1.292,1.542,1.775,1.992,2.178,2.402,2.621,2.854,3.057,3.332,3.557,3.776,3.981,4.206,4.421,4.643,4.930,5.110,5.318,5.541,5.794,6.048,6.299,6.530,6.824,6.994,7.244,7.535,7.761,8.011,8.215,8.436,8.655,8.895,9.145,9.375,9.623,9.895,10.149,10.371,10.652,10.908,11.158,11.406,11.656,11.913,12.182,12.455,12.722,12.992,13.251,13.514,13.771,14.042,14.332,
2,19,0.228,0.434,0.648,0.829,1.018,1.219,1.415,1.648,1.850,2.079,2.289,2.522,2.751,3.030,3.234,3.447,3.698,3.927,4.153,4.414,4.649,4.900,5.126,5.354,5.650,5.900,6.122,6.350,6.590,6.841,7.071,7.314,7.559,7.792,8.021,8.246,8.496,8.730,8.952,9.174,9.397,9.621,9.854,10.085,
2,20,0.366,0.570,0.789,0.983,1.214,1.442,1.667,1.875,2.093,2.338,2.569,2.827,3.073,3.329,3.576,3.800,4.030,4.283,4.518,4.798,4.997,5.233,5.502,5.718,5.948,6.185,6.442,6.694,6.951,7.240,7.501,7.797,8.083,8.363,8.621,8.899,9.179,9.436,9.680,9.967,10.221,
2,21,0.271,0.686,0.908,1.103,1.314,1.547,1.769,2.015,2.251,2.604,2.832,3.153,3.526,3.956,4.419,4.867,
2,22,,
2,23,0.207,0.418,0.626,0.838,1.050,1.270,1.475,1.708,1.939,2.175,2.401,2.616,2.837,3.061,3.279,3.490,3.765,3.992,4.247,
2,24,0.149,0.399,0.597,0.843,1.053,1.301,1.536,1.808,2.017,2.267,2.517,2.784,3.024,3.267,3.501,3.768,3.979,4.220,4.433,4.656,4.891,5.145,5.409,5.652,5.869,6.075,6.288,6.493,6.665,6.941,7.160,7.410,7.638,7.896,8.160,
2,25,0.272,0.472,0.702,0.894,1.108,1.338,1.561,1.807,2.023,2.208,2.439,2.666,2.858,3.031,3.265,3.431,3.604,3.845,4.066,4.244,4.427,4.618,4.820,5.021,5.214,5.447,5.697,5.965,6.210,
2,26,0.209,0.440,0.672,0.938,1.168,1.394,1.613,1.849,2.065,2.278,2.480,
2,27,0.119,0.353,0.610,0.792,1.042,1.297,1.530,1.788,2.002,2.271,2.521,2.734,2.983,3.211,3.465,3.772,4.037,4.308,4.528,4.787,5.085,5.326,5.603,5.858,6.213,6.456,6.773,6.990,7.239,7.543,7.790,8.085,8.316,8.624,8.897,9.199,9.437,9.738,10.031,10.346,
2,28,,
2,29,0.103,0.329,0.598,0.843,1.104,1.395,1.651,1.913,2.145,2.395,2.648,2.899,3.182,3.440,3.682,3.930,4.180,4.476,4.739,5.022,5.277,5.495,5.752,6.013,6.286,6.523,6.793,7.067,7.340,7.617,7.898,8.171,
2,30,0.088,0.318,0.605,0.860,1.141,1.392,1.683,1.916,2.193,2.429,2.720,3.026,3.276,3.558,3.818,4.077,4.355,4.646,4.915,5.192,5.467,5.760,6.054,6.319,6.644,6.901,7.203,7.495,
2,31,0.182,0.447,0.736,1.020,1.277,1.576,1.845,2.098,2.365,2.620,2.897,3.200,3.468,3.738,4.018,4.296,4.573,4.835,5.119,5.443,5.699,5.989,6.270,6.520,6.785,7.073,7.351,7.618,7.899,8.147,8.394,8.663,8.949,9.230,9.521,9.798,10.094,10.377,
2,32,0.209,0.464,0.705,0.962,1.193,1.436,1.698,1.963,2.208,2.461,2.684,2.931,3.199,3.462,3.723,4.012,4.262,4.494,4.726,4.945,5.059,5.190,5.481,5.602,5.751,5.896,6.013,6.171,6.302,6.475,6.586,6.726,6.847,6.997,7.147,7.278,7.397,7.548,7.684,7.944,8.240,8.366,8.521,8.679,8.791,8.947,9.046,9.265,9.423,9.568,9.668,9.981,10.398,10.515,10.668,10.800,10.935,11.079,11.217,11.367,11.501,11.649,11.766,11.948,12.092,12.233,12.399,12.516,12.674,12.790,12.966,13.297,13.563,13.709,13.846,13.990,14.118,14.287,14.423,14.568,14.731,14.841,14.994,15.121,15.267,15.559,15.901,16.154,
2,33,0.236,0.313,0.450,0.555,0.678,0.822,0.896,1.025,1.147,1.285,1.397,1.647,1.770,1.897,2.111,2.221,
2,34,0.106,0.243,0.363,0.487,0.591,0.716,0.831,1.074,1.347,1.445,1.611,1.892,2.187,2.487,2.769,2.893,3.053,3.169,3.330,3.461,3.653,3.765,3.923,4.086,4.192,4.330,4.455,4.627,4.694,4.866,5.013,5.147,5.306,5.429,5.561,5.695,5.809,5.949,6.072,6.213,6.554,6.690,6.786,6.972,7.270,7.395,7.542,7.678,7.843,8.145,8.248,8.412,8.584,8.747,8.865,9.060,9.214,9.364,9.541,9.679,9.830,10.013,10.146,10.435,10.601,10.743,10.855,10.994,11.171,11.289,11.473,11.647,11.791,11.919,12.048,12.206,12.373,12.518,12.681,12.776,12.968,13.102,13.296,13.435,13.590,13.732,13.908,14.021,14.197,14.311,14.462,14.566,14.713,14.814,14.955,15.265,15.475,15.725,16.016,16.250,
2,35,0.031,0.333,0.568,0.680,0.804,0.915,1.051,1.170,1.291,1.418,1.522,1.648,1.765,1.990,2.232,2.448,2.558,2.720,2.826,2.979,3.226,3.363,3.473,3.596,3.716,3.865,3.992,4.112,4.236,4.400,4.490,4.607,4.740,5.039,5.340,5.465,5.608,5.792,5.910,6.042,6.168,6.433,6.671,6.909,7.066,7.218,7.468,7.752,8.018,8.288,
2,36,0.146,0.228,0.396,0.482,0.599,0.717,0.846,0.969,1.095,1.210,1.336,1.464,1.589,1.707,1.897,2.000,2.114,2.264,2.401,2.713,2.949,3.119,3.264,3.425,3.712,4.067,4.287,4.562,4.819,5.067,5.323,5.437,5.579,5.835,6.109,6.369,6.625,6.863,6.976,7.110,7.216,7.367,7.473,7.650,7.766,7.927,8.029,8.174,8.430,8.678,8.950,9.199,9.343,9.474,9.734,9.873,10.018,10.127,10.292,10.550,10.827,11.109,11.216,11.357,11.627,11.739,11.888,12.025,12.141,12.308,12.430,12.577,12.708,12.885,13.001,13.157,13.269,13.415,13.546,13.701,13.812,13.923,14.077,14.251,14.520,14.773,14.925,15.200,15.653,15.802,15.955,16.118,16.249,16.426,
2,37,0.046,0.199,0.292,0.439,0.660,0.893,1.143,1.374,1.643,1.742,1.900,1.998,2.122,2.260,2.394,2.536,2.775,3.054,3.344,3.621,3.894,4.115,4.334,4.564,4.778,4.995,5.250,5.497,5.740,5.981,6.177,6.406,6.590,6.847,7.070,7.396,7.612,7.921,8.156,8.397,8.604,8.805,8.916,9.067,9.193,9.329,9.432,9.568,9.662,9.813,9.964,10.147,
2,38,0.043,0.150,0.266,0.366,0.494,0.706,0.799,0.925,1.020,1.150,1.234,1.364,1.582,1.843,2.110,2.384,2.651,2.940,3.220,3.491,3.768,3.999,4.110,4.268,4.406,4.538,4.724,4.866,5.036,5.210,5.390,5.548,5.706,5.856,6.019,6.182,6.472,6.603,6.773,6.923,7.099,7.273,7.431,7.636,7.969,8.105,8.317,8.476,
2,39,0.183,0.445,0.578,0.711,0.824,0.959,1.099,1.238,1.393,1.509,1.643,1.759,1.905,2.073,2.172,2.393,2.831,3.241,3.527,3.760,3.955,4.154,4.269,4.455,
2,40,0.211,0.309,0.481,0.582,0.772,0.889,1.037,1.150,1.302,1.424,1.625,1.953,2.245,2.405,2.532,
2,41,0.389,0.557,0.695,0.846,0.952,1.111,1.431,1.807,2.146,2.390,2.662,2.927,3.187,3.337,3.498,3.641,3.774,4.053,4.350,4.641,4.935,5.080,5.220,5.495,5.659,5.797,6.079,6.232,6.409,6.686,6.831,7.142,7.252,7.446,7.591,7.937,8.283,8.543,8.833,9.102,9.277,9.393,9.576,
2,42,0.068,0.265,0.522,0.672,0.797,0.921,1.239,1.343,1.574,1.899,2.053,2.228,2.599,2.827,3.026,3.183,3.372,3.597,3.767,3.900,4.054,4.168,4.360,4.517,4.672,4.850,4.970,5.151,5.301,5.465,5.617,5.792,5.936,6.090,6.248,
2,43,0.183,0.360,0.675,0.810,0.982,1.159,1.293,1.482,1.612,1.796,1.939,2.085,2.240,2.417,2.563,2.724,3.136,3.304,3.476,3.650,3.782,3.979,4.148,4.325,4.482,4.646,4.787,4.969,5.320,5.499,5.669,5.837,6.031,6.219,6.367,6.575,6.771,6.930,7.102,7.224,7.388,7.528,7.700,7.858,8.066,8.212,8.423,8.596,8.779,8.958,9.160,9.316,9.480,9.651,9.814,10.022,10.171,10.347,10.523,10.706,10.873,11.062,11.236,11.431,11.577,11.773,11.907,12.115,12.296,12.469,12.644,12.774,12.917,13.122,13.236,13.430,13.609,13.774,13.944,14.091,14.275,14.406,14.569,14.723,14.911,15.208,15.609,15.791,
2,44,,
2,45,0.223,0.342,0.501,0.692,0.828,0.960,1.120,1.294,1.437,1.608,1.782,1.919,2.100,2.581,2.790,2.960,3.142,3.344,3.518,3.725,3.887,4.088,4.268,
2,46,0.174,0.313,0.468,0.649,0.792,0.974,1.149,1.317,1.516,1.663,1.883,2.020,2.247,2.393,2.590,2.801,2.935,3.114,3.284,3.455,3.610,3.794,3.977,4.155,4.326,4.517,4.705,4.866,5.076,5.268,5.664,5.846,6.077,6.278,6.459,6.655,6.860,7.063,7.303,7.657,7.824,8.026,8.165,8.386,8.564,8.769,8.932,9.136,9.304,9.539,9.737,9.918,10.121,10.311,10.494,10.692,10.873,11.079,11.234,11.440,11.839,12.038,12.196,
2,47,0.369,0.620,0.833,1.031,1.234,1.395,1.579,1.705,1.909,2.042,2.247,2.404,2.569,2.741,2.943,3.099,3.331,3.526,3.723,3.902,4.112,4.298,4.533,4.670,4.897,5.057,5.250,5.397,5.589,5.772,5.960,6.113,6.294,6.457,6.678,6.872,7.061,7.252,7.470,7.644,7.812,8.014,8.167,8.395,8.518,8.761,9.162,9.262,9.521,9.720,9.895,10.094,10.305,10.512,
2,48,0.340,0.517,0.650,0.842,1.136,1.452,1.561,1.723,1.911,2.151,2.547,2.705,2.869,3.018,3.213,3.361,3.518,3.635,3.792,3.915,4.085,4.390,4.701,5.031,5.210,5.386,5.519,5.695,5.853,6.037,6.332,
2,49,0.037,0.168,0.331,0.637,0.777,1.096,1.460,1.546,1.771,1.938,2.107,2.286,2.487,2.693,2.903,3.083,3.281,3.479,3.682,3.889,4.083,4.289,4.499,4.712,4.933,5.149,5.368,5.574,5.773,5.960,6.181,6.400,
2,50,0.368,0.596,0.737,0.968,1.182,1.390,1.589,1.795,1.978,2.179,2.400,2.597,2.780,3.024,3.211,3.410,3.600,3.804,4.028,4.231,4.450,4.692,4.891,5.142,5.368,5.599,5.851,6.089,6.308,6.526,6.745,6.959,7.169,7.399,7.619,7.850,8.065,8.301,8.534,8.750,8.996,9.222,9.460,9.705,9.940,10.173,10.422,10.659,10.898,11.144,11.348,11.598,11.858,12.181,12.420,
2,51,,
2,52,0.110,0.307,0.523,0.689,0.890,1.035,1.187,1.346,1.437,1.592,1.726,1.863,1.970,2.088,2.197,2.303,
2,53,0.112,0.250,0.475,0.711,0.953,1.190,1.418,1.644,1.847,1.948,2.056,2.158,2.278,2.367,2.483,2.581,2.698,2.807,2.899,3.018,3.112,3.315,3.531,3.635,3.769,3.949,4.126,4.318,4.459,4.594,4.707,4.963,5.269,5.397,5.581,5.739,5.859,6.052,6.146,6.314,6.438,6.610,6.770,6.908,7.032,7.220,7.351,7.482,7.637,7.770,7.910,8.057,8.194,8.369,8.497,8.671,8.808,8.955,9.068,9.211,9.359,9.521,9.664,9.781,9.983,10.100,10.284,10.473,10.645,10.831,10.942,11.077,11.240,11.573,11.909,12.029,12.227,12.389,12.684,12.968,13.140,13.273,13.417,13.533,13.716,13.801,13.946,14.073,14.199,14.323,
2,54,,
2,55,0.148,0.341,0.562,0.778,1.015,1.242,1.469,1.703,1.936,2.149,2.399,2.602,2.805,3.016,3.252,3.488,3.724,3.942,4.156,4.357,4.585,
2,56,0.102,0.304,0.493,0.655,0.849,1.037,1.238,1.443,1.652,1.839,2.048,2.269,2.438,2.649,2.847,3.020,3.227,3.432,3.650,3.857,4.093,4.287,4.479,4.673,4.884,5.083,5.282,5.518,5.710,5.945,6.213,
2,57,0.308,0.490,0.689,0.867,1.088,1.279,1.496,1.739,1.946,2.144,2.348,2.547,2.770,2.966,3.201,3.418,3.649,3.901,4.113,4.310,4.699,4.915,5.232,5.462,5.657,5.930,6.195,6.406,6.639,6.904,7.161,7.389,7.623,7.889,8.114,8.358,
2,58,0.050,0.262,0.485,0.707,0.927,1.156,1.396,1.607,1.850,2.066,2.263,2.472,2.712,2.948,3.150,3.332,3.565,3.809,4.264,4.495,4.721,5.014,5.244,5.498,5.731,5.966,6.215,6.484,6.748,7.015,7.237,7.477,7.710,7.924,8.149,8.399,8.649,8.867,9.088,9.296,9.536,9.791,10.016,10.241,10.484,10.701,10.932,11.170,11.404,11.651,11.884,12.125,12.361,
2,59,0.086,0.351,0.556,0.823,1.039,1.273,1.487,1.701,1.917,2.140,2.366,2.577,2.808,3.023,3.245,3.478,3.701,3.968,4.189,4.418,4.627,4.867,5.097,5.331,5.564,5.829,6.054,6.302,6.532,6.790,7.043,7.275,7.525,7.776,7.992,8.216,8.451,8.686,8.922,9.158,9.413,9.660,9.893,10.105,10.331,10.564,10.790,11.045,11.268,11.497,11.909,12.179,12.414,12.661,12.898,13.186,13.422,13.645,13.912,14.160,14.402,14.646,14.872,15.104,15.340,15.569,15.796,16.033,
2,60,0.411,0.838,1.030,1.261,1.452,1.686,1.909,2.145,2.365,2.574,2.819,3.031,3.250,3.481,3.709,3.927,4.119,4.416,4.646,4.896,5.127,5.413,5.589,5.855,6.092,6.314,
2,61,0.032,0.272,0.445,0.649,0.844,1.045,1.245,1.451,1.649,1.847,2.016,2.243,2.596,2.813,3.046,3.286,3.556,3.767,3.969,4.148,4.338,
2,62,0.177,0.395,0.570,0.817,1.038,1.239,1.425,1.619,1.857,2.065,2.269,2.477,2.734,2.979,3.232,3.489,3.716,4.064,4.264,4.463,4.723,4.985,5.434,5.665,5.898,6.160,6.401,6.655,7.078,7.214,7.461,7.678,7.873,8.244,
2,63,0.432,0.620,0.774,0.919,1.069,1.431,1.621,1.797,1.977,2.217,2.317,2.442,2.621,2.888,3.021,3.123,3.293,3.549,3.826,3.947,4.142,4.282,
2,64,0.049,0.273,0.480,0.701,0.912,1.101,1.288,1.471,1.640,1.729,1.905,2.182,2.309,2.455,2.610,2.751,2.910,3.039,3.325,3.446,3.617,3.730,3.911,4.037,4.200,4.332,4.493,4.592,4.780,4.924,5.067,5.213,5.330,5.497,5.654,5.899,6.060,6.307,6.606,6.859,7.126,7.396,7.595,8.071,8.300,8.481,8.660,8.855,9.042,9.220,9.416,9.618,9.813,
2,65,0.478,0.646,0.803,0.979,1.160,1.350,1.529,1.719,1.908,2.093,2.289,2.496,2.742,2.982,3.216,3.437,3.648,3.849,4.049,4.248,4.447,4.652,4.865,5.070,5.292,5.515,5.737,5.948,6.161,6.399,6.596,6.679,6.805,6.899,7.016,7.097,7.219,7.400,7.650,7.900,7.968,8.087,8.231,8.493,
2,66,0.040,0.140,0.304,0.367,0.573,0.675,0.814,0.924,1.078,1.211,1.316,1.458,1.556,1.712,1.972,2.104,2.226,2.395,2.459,2.619,2.775,2.953,3.202,3.325,3.496,3.565,3.725,3.835,3.982,4.091,4.251,4.356,4.555,4.899,5.193,5.433,5.696,5.781,5.942,6.086,6.197,6.393,6.524,6.665,6.816,6.959,7.054,7.245,7.359,7.559,7.676,7.857,7.977,8.147,8.245,8.403,8.516,8.661,8.773,8.931,9.061,9.169,9.351,9.443,9.617,9.737,9.853,9.983,10.075,10.216,10.463,10.702,10.793,10.917,11.090,11.199,11.359,11.649,11.762,11.896,11.992,12.146,12.228,12.396,12.698,12.955,13.126,13.189,13.396,13.488,13.625,13.732,13.897,13.989,14.157,14.224,14.374,14.514,
2,67,0.055,0.150,0.296,0.426,0.531,0.650,0.767,0.900,1.150,1.267,1.400,1.491,1.616,1.767,1.900,2.163,2.274,
2,68,0.127,0.226,0.350,0.445,0.609,0.723,0.834,0.977,1.227,1.313,1.499,1.653,1.809,1.947,2.058,2.212,2.462,2.603,2.730,2.858,3.024,3.144,3.268,3.458,3.659,3.856,3.986,4.091,4.235,4.347,4.479,4.589,4.743,5.012,5.092,5.248,5.432,5.523,5.670,5.814,5.908,6.049,6.229,6.304,6.512,6.646,6.833,6.969,7.090,7.246,7.348,7.479,7.625,7.715,7.896,8.178,
2,69,0.101,0.215,0.334,0.471,0.578,0.700,0.851,0.938,1.110,1.220,1.384,1.528,1.674,1.812,1.964,2.082,2.198,2.325,2.454,2.569,2.701,2.852,3.155,3.465,3.686,3.877,4.053,4.240,4.436,4.648,4.868,5.078,5.287,5.487,5.685,5.898,6.108,6.330,6.530,6.735,6.989,7.215,7.443,7.695,7.938,8.201,8.454,8.771,8.997,9.202,9.388,9.617,9.865,10.172,10.395,10.608,10.814,11.064,11.304,11.542,11.747,11.955,12.193,12.412,12.623,12.893,13.102,13.312,13.541,13.774,14.001,14.239,14.480,14.733,14.972,15.237,15.450,15.674,15.895,16.142,16.331,
2,70,0.143,0.324,0.551,0.697,0.900,1.112,1.310,1.558,1.751,1.967,2.205,2.426,2.691,2.914,3.124,3.353,3.601,3.833,4.067,4.276,4.500,4.773,4.997,5.216,5.449,5.678,5.916,6.156,6.396,6.603,6.839,7.078,7.313,7.520,7.753,7.985,8.203,8.419,8.647,8.897,9.114,9.339,9.560,9.783,10.014,10.247,10.472,10.716,10.952,11.161,11.398,11.591,11.812,12.015,12.181,12.322,12.516,12.690,12.874,13.080,13.208,13.399,13.452,13.653,13.910,14.169,14.266,14.478,14.682,14.864,15.049,15.279,15.474,15.683,15.904,16.112,16.327,
2,71,0.115,0.244,0.388,0.522,0.642,0.913,1.022,1.182,1.307,1.471,1.587,1.772,1.889,2.051,2.334,
2,72,0.137,0.271,0.387,0.521,0.656,0.777,0.944,1.212,1.394,1.521,1.659,1.833,2.171,2.328,2.522,2.696,2.856,3.039,3.194,3.352,3.478,3.639,3.794,3.956,4.107,4.290,4.622,4.937,5.094,5.283,5.417,5.653,5.836,6.023,6.143,6.291,6.447,6.615,6.710,7.024,7.185,7.321,7.524,7.852,8.000,8.219,8.719,8.853,9.275,9.525,9.785,10.072,10.205,10.495,10.642,10.990,11.149,11.500,11.796,12.086,12.345,12.609,12.916,13.070,13.184,13.483,13.548,13.703,13.971,14.069,14.231,
2,73,0.099,0.405,0.684,0.781,0.944,1.243,1.337,1.762,1.911,2.040,2.227,2.353,2.646,2.784,3.093,3.195,3.365,3.488,3.676,3.775,4.023,4.264,4.397,4.568,4.680,4.973,5.174,5.495,5.621,5.841,6.148,6.268,6.464,6.579,6.745,6.875,7.187,7.468,
2,74,0.030,0.288,0.480,0.587,0.741,0.857,1.014,1.148,1.311,1.442,1.612,1.736,1.898,2.027,2.192,2.530,2.964,3.339,3.671,3.798,3.980,4.312,4.482,4.669,5.016,5.298,5.597,5.700,5.850,6.017,6.400,6.654,6.792,7.076,7.208,7.413,7.539,7.688,7.984,8.242,8.401,8.479,8.713,8.960,9.077,9.195,9.351,9.659,9.890,10.121,10.374,10.862,11.107,11.325,11.398,11.519,11.676,11.902,12.071,12.316,
2,75,0.340,0.520,0.738,0.843,0.973,1.071,1.194,1.295,1.394,1.492,1.667,1.745,1.851,1.947,2.050,2.138,2.249,2.346,2.434,
2,76,0.120,0.226,0.326,0.444,0.538,0.661,0.769,0.885,1.000,1.109,1.236,1.347,1.471,1.593,1.692,1.819,1.927,2.057,2.207,2.324,2.484,2.609,2.697,2.841,2.983,3.089,3.210,3.337,3.484,3.574,3.710,3.837,3.955,4.084,4.211,4.342,4.473,4.582,4.706,4.785,4.921,5.123,5.195,5.349,5.541,5.722,5.810,5.982,6.078,6.209,6.315,6.460,6.563,6.688,6.772,6.964,7.236,7.442,7.615,7.746,7.876,7.995,8.122,8.272,8.416,8.535,8.639,8.773,8.872,9.040,9.150,9.314,9.390,9.533,9.672,9.773,9.904,9.994,10.191,
2,77,0.315,0.526,0.656,0.762,0.864,0.991,1.082,1.205,1.399,1.499,1.608,1.726,1.844,1.988,2.103,2.250,2.426,2.664,2.834,3.147,3.281,3.397,3.558,3.654,3.780,3.897,4.148,4.249,4.398,4.651,4.764,4.898,5.014,5.148,5.277,5.398,5.535,5.648,5.821,5.915,6.064,6.199,6.316,6.499,6.568,6.734,6.899,6.985,7.215,7.445,7.670,7.950,8.218,8.476,8.595,8.742,8.873,9.016,9.109,9.237,9.334,9.471,9.561,9.674,9.913,10.118,10.384,10.610,10.849,10.951,11.106,11.268,11.372,11.500,11.646,11.743,11.884,12.048,12.149,12.319,12.562,12.694,12.844,13.121,13.211,13.374,13.478,13.593,13.716,13.870,13.973,14.080,14.185,
2,78,0.058,0.328,0.444,0.564,0.696,0.824,0.937,1.093,1.203,1.304,1.421,1.517,1.651,1.768,1.867,1.960,2.063,2.169,2.268,2.375,2.487,2.606,2.722,2.826,2.935,3.066,3.293,3.405,3.533,3.635,3.768,4.019,4.269,4.385,4.556,4.806,4.936,5.112,5.393,5.519,5.821,6.020,6.213,6.405,6.615,6.837,6.955,7.057,7.331,7.564,7.790,8.040,8.303,8.571,8.781,9.021,9.271,9.501,9.701,9.915,10.169,10.284,10.478,10.551,10.737,10.895,11.028,11.162,11.299,11.432,11.702,11.868,11.994,12.103,12.273,12.421,12.542,12.677,12.842,13.023,13.140,13.417,13.773,13.872,14.068,14.333,14.452,14.602,14.734,14.891,15.070,15.213,15.391,15.658,15.808,15.989,16.141,
2,79,0.048,0.177,0.282,0.410,0.643,0.742,0.877,1.021,1.151,1.277,1.401,1.521,1.673,1.822,1.936,2.047,2.192,2.326,2.465,2.624,2.768,2.854,3.018,3.137,3.300,3.477,3.640,3.768,3.868,4.048,4.322,4.601,4.707,4.859,4.966,5.125,5.432,5.784,5.886,6.093,6.177,6.372,6.491,6.648,6.776,6.932,7.226,7.321,7.520,7.625,7.824,7.897,8.067,8.207,8.387,8.528,8.679,8.851,8.962,9.127,9.271,9.421,9.531,9.676,9.794,9.929,10.034,10.181,10.311,10.409,10.587,10.695,10.865,11.108,11.242,11.333,11.482,11.611,11.714,11.834,11.933,12.065,12.154,12.279,12.389,12.523,12.788,13.081,13.351,13.490,13.640,13.817,13.939,14.099,14.273,
2,80,0.149,0.399,0.516,0.619,0.735,0.853,0.954,1.075,1.174,1.296,1.400,1.517,1.600,1.767,2.017,2.251,2.388,2.496,2.613,2.740,2.891,2.985,3.178,3.340,3.475,3.634,3.901,3.995,4.156,4.480,4.768,4.919,5.225,5.443,5.640,5.834,6.022,6.213,6.404,6.602,6.929,7.146,7.335,7.673,7.902,8.110,8.358,8.520,8.658,8.809,9.054,9.321,9.593,9.710,9.946,10.087,10.312,10.565,10.847,10.937,11.059,11.189,11.343,11.457,11.573,11.811,12.048,12.299,12.593,12.731,12.839,12.998,13.103,13.245,13.361,13.499,13.645,13.920,14.039,14.218,14.344,
2,81,0.184,0.293,0.403,0.517,0.742,0.827,0.940,1.061,1.160,1.289,1.403,1.522,1.643,1.760,1.864,2.000,2.252,2.357,2.489,2.644,2.741,2.846,2.976,3.076,3.203,3.311,3.448,3.574,3.681,3.812,3.984,4.145,4.225,4.358,4.488,4.602,4.719,4.832,4.961,5.103,5.354,5.512,5.660,5.783,5.895,6.033,6.269,6.396,6.498,6.646,6.896,7.089,7.330,7.546,7.727,7.945,8.203,8.421,8.610,
2,82,0.037,0.154,0.249,0.387,0.476,0.617,0.737,0.834,0.943,1.069,1.346,1.589,1.840,2.115,2.433,
2,83,0.127,0.338,0.520,0.709,0.844,1.074,1.283,1.521,1.771,1.865,2.038,2.209,2.332,2.458,2.732,2.869,3.021,3.145,3.311,3.451,3.574,3.725,4.078,4.244,4.395,4.593,4.721,4.889,4.993,5.146,5.282,5.414,5.554,5.809,5.971,6.107,6.226,6.360,6.523,6.773,6.871,7.080,7.167,7.368,7.474,7.684,7.963,8.231,8.416,8.570,8.730,8.912,9.163,9.338,9.534,9.719,9.937,10.141,10.444,
2,84,0.058,0.262,0.479,0.699,0.913,1.118,1.294,1.513,1.722,1.857,1.987,2.118,2.263,2.359,2.500,2.744,2.856,2.987,3.121,3.248,3.401,3.533,3.650,3.779,3.926,4.021,4.244,4.352,4.461,4.573,4.682,4.801,4.925,5.060,5.191,5.292,5.420,5.682,5.942,6.060,6.195,
2,85,0.142,0.269,0.376,0.519,0.596,0.732,0.854,0.988,1.080,1.223,1.339,1.489,1.753,1.858,2.023,2.117,2.299,2.390,2.542,2.643,2.787,2.910,3.049,3.155,3.319,3.545,3.690,3.827,3.967,4.070,4.244,4.362,
2,86,0.084,0.277,0.476,0.704,0.988,1.124,1.391,1.482,1.610,1.702,1.873,1.982,2.171,2.289,2.552,2.789,2.968,3.089,3.245,3.528,3.778,4.050,4.332,4.574,4.842,5.146,5.555,5.679,5.830,6.143,6.279,6.571,6.686,6.903,7.010,7.147,7.272,7.397,7.500,7.717,7.906,8.394,8.683,8.846,9.151,9.307,9.610,9.951,10.280,10.395,10.549,10.804,11.065,11.359,11.646,11.922,12.238,12.553,12.837,13.096,13.340,13.552,13.744,13.921,14.116,14.323,14.514,14.708,14.919,15.119,15.324,15.536,15.733,15.944,16.162,
2,87,0.209,0.419,0.650,0.869,1.179,1.473,1.769,1.907,2.056,2.328,2.454,2.602,2.720,2.856,3.084,3.328,3.564,3.699,3.850,4.137,4.246,4.410,4.653,4.914,5.040,5.190,5.490,5.612,5.737,5.991,6.213,6.439,6.679,6.963,7.272,7.348,7.481,7.588,7.718,7.947,8.151,8.272,8.496,8.671,8.955,9.182,9.407,9.640,9.855,10.072,10.337,10.594,10.938,11.274,11.536,11.824,12.027,12.219,12.428,12.623,12.837,13.076,13.302,13.403,13.535,13.641,13.761,13.892,14.114,14.223,14.412,14.525,14.679,14.850,14.992,15.109,15.286,15.588,15.723,15.873,16.018,16.187,
