0,1,,
0,1,0.064,0.220,0.387,0.562,0.735,0.894,1.050,1.205,1.368,1.533,1.698,1.864,2.033,2.196,2.365,2.531,2.704,2.877,3.053,3.214,3.372,3.544,3.713,3.905,4.105,4.299,4.496,4.680,4.861,5.049,5.228,5.408,5.618,5.810,5.997,6.180,6.359,6.545,6.737,6.931,7.124,7.322,7.521,7.708,7.918,8.138,8.320,8.497,8.664,8.845,8.987,9.147,9.319,9.522,9.739,9.957,10.155,
0,1,,
0,1,0.086,0.267,0.435,0.599,0.768,0.921,1.069,1.228,1.392,1.550,1.718,1.885,2.050,2.206,2.363,2.518,2.672,2.830,2.994,3.165,3.319,3.484,3.642,3.786,3.920,
2,1,0.048,0.195,0.343,0.498,0.656,0.810,0.968,1.118,1.274,1.444,1.593,1.763,1.919,2.080,2.240,2.404,2.565,2.731,2.897,3.053,3.216,3.372,3.534,3.697,3.898,4.056,4.222,4.398,4.564,4.741,4.898,5.066,5.252,5.408,5.576,5.750,5.934,6.109,6.278,6.433,6.598,6.769,6.949,7.114,7.266,
2,2,0.333,0.551,0.719,0.900,1.078,1.267,1.452,1.651,1.816,2.024,2.213,2.416,2.624,2.827,2.997,3.201,3.390,3.592,3.810,4.022,4.202,4.439,4.674,4.920,5.112,5.352,5.610,5.813,6.019,6.224,6.412,6.591,6.797,7.020,7.197,7.387,7.577,7.770,7.960,8.170,8.357,8.558,8.771,8.940,9.138,9.318,9.533,9.737,9.954,10.153,10.353,10.551,10.744,10.952,11.166,11.389,11.588,11.807,12.210,12.404,12.639,12.836,13.023,13.223,13.397,13.552,13.751,13.934,14.102,
2,3,0.036,0.204,0.390,0.569,0.770,0.954,1.104,1.295,1.482,1.661,1.817,2.021,2.203,2.387,2.553,2.718,2.888,3.061,3.235,3.410,3.588,3.771,3.954,4.138,4.331,4.522,4.705,4.889,5.047,5.232,5.433,5.601,5.814,6.023,6.228,6.428,6.624,6.820,7.023,7.352,7.565,7.773,7.978,8.167,8.390,
2,4,0.278,0.470,0.661,0.899,1.053,1.218,1.406,1.587,1.766,1.949,2.127,2.299,2.481,2.677,2.836,3.017,3.190,3.377,3.569,3.767,3.960,4.154,
2,5,0.031,0.246,0.466,0.648,0.814,0.998,1.148,1.312,1.515,1.700,1.898,2.059,2.240,2.440,2.649,2.817,3.028,3.196,3.399,3.592,3.737,3.903,4.077,4.205,4.454,4.650,4.818,5.020,5.219,5.408,5.608,5.816,6.017,6.210,6.440,6.614,6.814,7.044,7.222,7.453,7.596,7.856,8.050,8.234,8.432,8.623,8.803,9.002,9.189,9.389,9.568,9.752,9.942,10.155,10.365,10.568,10.816,11.019,11.197,11.424,11.639,11.819,12.032,12.249,12.484,12.670,12.871,13.035,13.233,13.408,13.582,13.783,13.973,14.159,
2,6,0.310,0.483,0.662,0.822,0.999,1.177,1.345,1.521,1.726,1.915,2.107,2.281,2.495,2.669,2.827,2.992,3.153,3.349,3.513,3.666,3.852,4.050,4.263,4.446,4.630,4.798,5.000,5.204,5.543,5.737,5.907,6.110,6.294,6.466,6.654,6.875,7.086,7.265,7.462,7.693,7.849,8.047,8.265,8.460,8.652,8.899,9.051,9.250,9.466,9.703,9.914,10.153,10.353,10.600,10.798,11.036,11.246,11.461,11.620,11.799,11.982,12.165,12.574,12.780,12.970,13.169,13.366,13.586,13.771,13.953,14.122,
2,7,0.070,0.266,0.444,0.617,0.809,0.969,1.141,1.310,1.484,1.653,1.841,2.021,2.212,2.401,2.569,2.768,2.951,3.164,3.385,3.550,3.750,3.951,4.118,4.343,4.538,4.734,4.907,5.092,5.284,5.464,5.636,5.813,5.983,6.160,6.345,6.534,6.915,7.114,7.480,7.700,7.899,8.082,8.304,8.482,8.719,8.901,9.102,9.304,9.495,9.695,9.872,10.278,10.462,10.648,10.850,11.026,11.228,11.389,11.566,11.772,11.947,12.118,
2,8,0.115,0.338,0.703,0.887,1.303,1.502,1.683,1.888,2.073,2.281,2.456,2.670,2.872,3.073,3.281,3.470,3.588,3.848,4.034,4.244,4.466,4.656,4.861,5.072,5.273,5.446,5.869,6.090,6.322,6.523,6.707,7.147,7.347,7.548,7.780,7.991,8.200,
2,9,0.080,0.277,0.457,0.640,0.816,1.002,1.192,1.391,1.574,1.778,1.977,2.156,2.341,2.557,
2,10,0.047,0.233,0.422,0.611,0.780,0.966,1.138,1.306,1.492,1.675,1.856,2.029,2.214,2.389,2.575,2.749,2.937,3.123,3.329,3.520,3.714,3.940,4.126,4.322,4.524,4.715,4.911,5.107,5.335,5.528,5.715,5.921,6.141,6.321,6.521,6.691,6.875,7.051,7.246,7.443,7.650,7.836,8.032,8.217,8.415,8.611,8.793,9.022,9.206,9.406,9.618,9.802,10.000,10.199,10.390,10.560,10.736,10.927,11.107,11.306,11.524,11.702,11.905,12.141,12.294,12.472,12.663,12.869,13.141,13.348,13.535,13.735,13.910,14.166,
2,11,0.392,0.533,0.701,0.892,1.055,1.252,1.441,1.613,1.805,2.009,2.196,2.365,2.561,2.751,2.977,3.204,3.447,3.643,3.831,4.053,4.260,4.438,4.668,4.871,5.042,5.246,5.465,5.689,5.894,6.315,6.538,6.765,7.216,7.402,7.627,7.853,8.038,8.246,8.428,8.646,8.850,9.075,9.318,9.524,9.770,9.958,10.188,10.396,10.647,10.848,11.063,11.298,11.495,11.689,11.920,12.126,12.370,12.585,12.833,13.014,13.226,13.437,13.648,13.829,14.032,14.251,14.487,14.652,14.862,15.072,15.283,15.516,15.718,15.914,16.100,
2,12,0.086,0.305,0.517,0.679,0.861,1.047,1.238,1.427,1.648,1.848,2.037,2.246,2.467,2.670,2.865,3.062,3.485,3.668,3.865,4.082,4.242,4.470,4.718,4.899,5.107,5.335,5.516,5.949,6.115,
2,13,0.077,0.306,0.534,0.682,0.900,1.066,1.299,1.489,1.718,1.904,2.101,2.295,2.498,2.710,2.914,3.135,3.359,3.561,3.795,4.018,4.241,4.437,4.643,4.838,5.059,5.269,5.488,5.705,5.909,6.125,6.292,6.494,6.724,6.947,7.145,7.368,7.579,7.790,7.967,8.232,8.463,8.688,8.891,9.107,9.354,9.591,9.803,10.034,10.271,
2,14,0.110,0.331,0.546,0.742,0.930,1.163,1.351,1.565,1.768,1.944,2.151,2.372,2.545,2.805,3.019,3.246,3.464,3.680,3.885,4.084,4.279,4.662,4.860,5.069,5.270,5.480,5.660,5.994,6.212,
2,15,0.163,0.299,0.525,0.692,0.868,1.077,1.278,1.455,1.658,1.873,2.035,2.237,2.436,
2,16,0.109,0.299,0.472,0.663,0.833,1.027,1.212,1.408,1.618,1.829,2.018,2.208,2.408,2.651,2.866,3.114,3.334,3.522,3.768,3.946,4.165,4.367,4.580,4.749,4.966,5.170,5.386,5.593,5.820,6.059,6.459,6.636,6.850,7.078,7.297,7.520,7.698,7.899,8.104,8.305,8.534,8.706,8.938,9.161,9.355,9.617,9.877,10.073,10.535,10.772,10.988,11.202,11.427,11.661,11.868,12.086,
2,17,0.291,0.485,0.677,0.857,1.025,1.214,1.407,1.556,1.736,1.936,2.173,2.375,2.591,2.787,2.973,3.180,3.393,3.603,3.802,4.020,4.217,4.413,4.613,4.820,5.057,5.274,5.687,5.891,6.110,6.318,
2,18,0.075,0.281,0.476,0.690,0.886,1.071,1.276,1.489,1.711,1.907,2.088,2.287,2.472,2.685,2.871,3.079,3.307,3.497,3.739,3.911,4.113,4.349,4.609,4.803,5.050,5.271,5.489,5.679,5.905,6.120,6.370,6.608,6.858,7.025,7.238,7.495,7.690,7.921,8.177,
2,19,0.116,0.303,0.489,0.661,0.838,1.030,1.226,1.401,1.587,1.927,2.145,2.327,2.494,2.702,2.915,3.122,3.318,3.526,3.700,3.938,4.146,4.338,4.525,4.747,4.931,5.146,5.333,5.513,5.730,5.959,6.147,6.365,6.585,6.764,6.969,7.172,7.367,7.559,7.741,7.945,8.148,
2,20,0.194,0.415,0.605,0.826,1.017,1.249,1.440,1.654,1.843,2.037,2.229,2.423,2.639,2.817,3.032,3.225,3.428,3.778,3.966,4.135,4.310,4.550,4.696,4.885,5.065,5.281,5.469,5.665,5.868,6.068,6.269,6.444,6.652,6.828,7.020,7.232,7.415,7.613,7.799,8.020,8.229,8.470,8.658,8.869,9.075,9.277,9.474,9.659,9.867,10.073,10.296,10.493,10.713,10.934,11.152,11.352,11.539,11.772,11.982,12.179,
2,21,0.140,0.338,0.543,0.714,0.900,1.094,1.274,1.466,1.675,1.901,2.091,2.278,2.467,2.663,
2,22,0.071,0.270,0.460,0.644,0.832,1.000,1.186,1.356,1.540,1.716,1.924,2.109,2.308,2.495,2.674,2.862,3.051,3.249,3.464,3.722,3.918,4.121,
2,23,0.068,0.273,0.453,0.807,0.960,1.159,1.326,1.523,1.701,1.907,2.078,2.288,2.524,2.707,2.907,3.121,3.313,3.524,3.700,3.891,4.074,4.274,4.438,4.641,4.856,5.031,5.245,5.451,5.666,5.866,6.065,6.275,6.476,6.677,6.892,7.082,7.305,7.509,7.705,7.922,8.143,
2,24,0.032,0.211,0.417,0.591,0.796,0.978,1.159,1.360,1.534,1.736,1.925,2.095,2.273,2.462,2.657,2.875,3.044,3.217,3.423,3.651,3.829,4.024,4.223,4.431,4.639,4.839,5.233,5.424,5.651,5.847,6.043,6.226,
2,25,0.191,0.392,0.569,0.748,0.927,1.125,1.296,1.478,1.682,1.877,2.088,2.286,2.489,2.693,2.893,3.090,3.300,3.489,3.700,3.897,4.104,4.304,4.513,4.715,4.918,5.127,5.310,5.511,5.703,5.894,6.065,6.268,6.476,6.677,6.861,7.057,7.251,7.432,7.652,7.852,8.058,8.265,8.462,8.702,8.908,9.129,9.333,9.554,9.752,9.967,10.160,10.353,10.550,10.750,10.939,11.189,11.397,11.608,11.775,11.981,12.207,
2,26,0.140,0.318,0.501,0.707,0.897,1.088,1.280,1.449,1.641,1.811,2.000,2.217,2.416,2.618,2.829,3.025,3.193,3.392,3.574,3.775,3.946,4.157,4.364,4.614,4.830,5.032,5.238,5.474,5.690,5.902,6.100,6.323,6.498,6.682,6.868,7.081,7.280,7.477,7.725,7.929,8.144,
2,27,0.422,0.577,0.738,0.920,1.112,1.358,1.637,1.863,2.093,2.268,2.488,2.679,2.904,3.167,3.397,3.635,3.837,4.086,4.331,4.539,4.782,4.989,5.269,5.502,5.682,5.898,6.140,6.351,6.593,6.801,7.045,7.298,7.530,7.771,8.021,8.221,8.404,8.649,8.888,9.086,9.311,9.521,9.772,9.993,10.216,
2,28,0.226,0.430,0.616,0.790,0.994,1.205,1.409,1.654,1.827,2.075,2.303,2.521,2.721,2.947,3.173,3.413,3.655,3.859,4.108,4.334,4.556,4.797,5.022,5.273,5.482,5.691,5.904,6.143,6.390,6.617,6.842,7.062,7.306,7.500,7.733,7.969,8.207,
2,29,0.202,0.402,0.620,0.806,1.062,1.249,1.465,1.672,1.869,2.080,2.276,2.495,2.736,2.949,3.191,3.406,3.625,3.858,4.102,4.328,4.561,4.799,5.042,5.267,5.474,5.732,5.926,6.151,6.392,6.599,6.829,7.057,7.268,7.493,7.706,7.937,8.135,8.405,8.624,8.825,9.053,9.269,9.519,9.789,9.996,10.236,10.458,10.672,10.895,11.091,11.302,11.520,11.685,11.901,12.072,12.270,12.464,12.665,12.875,13.070,13.271,13.463,13.667,13.905,14.090,14.321,14.525,14.727,14.949,15.138,15.329,15.544,15.772,15.961,16.191,
2,30,0.207,0.410,0.605,0.784,0.978,1.180,1.398,1.593,1.791,1.986,2.204,2.398,2.588,2.789,2.989,3.195,3.402,3.609,3.817,4.015,4.217,4.419,4.649,4.849,5.055,5.266,5.471,5.662,5.877,6.080,6.276,6.464,6.665,6.850,7.098,7.338,7.517,7.744,7.965,8.178,8.401,8.623,8.829,9.072,9.268,9.518,9.713,9.949,10.179,10.367,10.590,10.775,10.969,11.171,11.405,11.588,11.799,12.019,
2,31,0.174,0.400,0.583,0.786,0.991,1.177,1.371,1.596,1.777,1.962,2.351,2.547,2.742,2.953,3.151,3.353,3.540,3.771,3.985,4.206,4.407,4.650,4.850,5.099,5.283,5.519,5.769,5.944,6.167,6.424,6.619,6.826,7.036,7.237,7.455,7.662,7.861,8.069,8.285,8.501,8.712,8.960,9.177,9.366,9.580,9.788,10.021,10.271,10.464,10.689,10.899,11.100,11.306,11.522,11.724,11.958,12.168,12.368,12.578,12.794,13.022,13.272,13.488,13.693,13.910,14.107,
2,32,0.039,0.237,0.431,0.649,0.844,1.055,1.247,1.473,1.667,1.838,2.078,2.296,2.499,2.705,2.915,
2,33,0.123,0.317,0.521,0.740,0.926,1.119,1.327,1.538,1.722,1.939,2.145,2.362,2.588,2.769,2.961,3.203,3.400,3.618,3.836,4.037,4.235,4.464,4.695,4.896,5.137,5.387,5.592,5.827,6.060,6.281,6.497,6.727,6.947,7.153,7.355,7.556,7.803,7.991,8.215,8.435,8.639,8.863,9.084,9.289,9.522,9.703,9.906,10.099,
2,34,0.038,0.244,0.436,0.638,0.816,1.022,1.215,1.401,1.593,1.789,1.995,2.176,2.389,2.601,2.815,3.037,3.251,3.459,3.694,3.926,4.122,4.352,4.543,4.748,4.973,5.179,5.372,5.573,5.791,5.999,6.217,6.401,6.627,6.811,7.044,7.252,7.453,7.700,7.892,8.116,8.356,8.557,8.775,8.970,9.201,9.417,9.605,9.794,9.981,10.172,10.362,10.576,10.780,10.998,11.227,11.440,11.643,11.910,12.147,
2,35,0.078,0.307,0.474,0.698,0.896,1.153,1.349,1.574,1.813,2.014,2.228,2.485,2.693,2.910,3.147,3.397,3.648,3.851,4.106,4.351,
2,36,0.320,0.524,0.736,0.965,1.170,1.368,1.576,1.827,2.022,2.265,
2,37,0.266,0.461,0.650,0.856,1.063,1.301,1.495,1.737,1.937,2.177,2.413,2.634,2.858,3.098,3.309,3.564,3.804,4.018,4.238,4.443,4.691,4.951,5.168,5.424,5.638,5.902,6.114,6.342,6.555,6.769,6.999,7.197,7.415,7.605,7.836,8.079,
2,38,0.181,0.418,0.608,0.804,0.987,1.177,1.389,1.621,1.817,2.040,2.292,2.494,2.743,2.953,3.191,3.402,3.611,3.890,4.070,4.323,4.556,4.777,5.024,5.274,5.497,5.729,5.958,6.173,6.391,6.598,6.841,7.084,7.286,7.528,7.758,7.976,8.242,8.444,8.672,8.892,9.146,9.338,9.600,9.796,10.037,
2,39,0.214,0.408,0.608,0.814,1.052,1.271,1.470,1.683,1.908,2.164,2.342,2.589,2.797,3.018,3.238,3.434,3.659,3.874,4.083,4.284,4.491,4.728,4.978,5.192,5.412,5.642,5.858,6.093,6.358,6.537,6.770,6.984,7.197,7.420,7.691,7.901,8.137,8.371,8.602,8.845,9.082,9.325,9.575,9.781,10.043,10.272,10.522,10.713,10.935,11.155,11.389,11.618,11.836,12.069,12.302,12.542,12.773,12.978,13.222,13.467,13.713,13.922,14.140,14.390,14.611,14.825,15.044,15.250,15.447,15.658,15.898,16.141,
2,40,0.088,0.326,0.532,0.751,0.953,1.134,1.401,1.614,1.829,2.033,2.236,
2,41,0.264,0.454,0.648,0.826,1.024,1.231,1.430,1.648,1.846,2.050,2.247,
2,42,0.154,0.364,0.561,0.785,0.951,1.155,1.376,1.548,1.769,1.981,2.210,2.400,2.603,2.808,3.204,3.403,3.620,3.826,4.030,4.270,4.455,4.672,4.887,5.102,5.295,5.548,5.747,5.981,6.221,6.444,6.645,6.847,7.052,7.272,7.467,7.661,8.034,8.239,8.455,8.671,8.875,9.081,9.283,9.486,9.704,9.927,10.149,10.374,10.582,10.807,11.027,11.447,11.690,11.903,12.141,12.372,12.586,12.774,13.024,13.240,13.440,13.666,13.866,14.104,14.495,
2,43,0.295,0.492,0.681,0.872,1.077,1.261,1.446,1.647,1.837,2.078,2.305,2.514,2.731,2.927,3.160,3.369,3.584,3.790,4.048,4.262,4.449,4.668,4.896,5.094,5.302,5.519,5.718,5.935,6.146,6.377,6.582,6.812,7.025,7.226,7.438,7.654,7.872,8.041,8.279,8.498,8.704,8.913,9.148,9.355,9.581,9.801,10.015,10.232,
2,44,0.313,0.499,0.687,0.864,1.054,1.265,1.469,1.648,1.817,2.025,2.232,2.440,2.649,2.844,3.090,3.288,3.502,3.718,3.914,4.120,4.306,
2,45,0.149,0.330,0.526,0.709,0.893,1.093,1.299,1.491,1.704,1.903,2.126,2.331,2.535,2.742,2.953,3.144,3.333,3.530,3.737,3.948,4.161,
2,46,0.252,0.429,0.649,0.844,0.983,1.156,1.342,1.531,1.719,1.944,2.172,2.546,2.734,2.935,3.157,3.356,3.613,3.831,4.037,4.230,4.433,4.642,4.841,5.052,5.295,5.500,5.919,6.135,6.338,6.556,6.769,6.979,7.157,7.355,7.598,8.019,8.224,8.408,8.682,8.887,9.163,9.361,9.601,9.787,9.967,10.199,10.421,10.646,10.841,11.082,11.323,11.521,11.714,11.914,12.142,12.352,12.563,12.772,12.996,13.188,13.395,13.639,13.853,14.079,14.351,14.559,14.789,14.991,15.273,15.468,15.684,15.907,16.127,
2,47,0.180,0.498,0.683,0.854,1.042,1.237,1.447,1.647,1.856,
2,48,0.154,0.557,0.718,0.890,1.033,1.209,1.390,1.585,1.796,2.024,2.231,2.459,2.685,2.908,3.141,3.391,3.593,3.806,4.037,4.275,4.477,4.720,4.951,5.162,5.356,5.570,5.834,6.075,6.276,6.501,6.736,6.957,7.190,7.422,7.643,7.900,8.150,8.353,8.576,8.809,9.040,9.260,9.510,9.728,9.948,10.181,10.409,10.644,10.868,11.028,11.292,11.542,11.747,12.012,12.182,12.435,12.615,12.836,13.079,13.301,13.512,13.737,13.943,14.168,14.373,14.595,14.819,15.045,15.267,15.484,15.728,15.959,16.186,
2,49,0.350,0.480,0.644,0.804,0.967,1.144,1.301,1.511,1.704,1.943,2.144,2.332,2.535,2.744,2.966,3.159,3.371,3.613,3.812,4.036,4.268,
2,50,0.260,0.433,0.621,0.814,1.010,1.227,1.443,1.651,1.894,2.079,2.298,2.530,2.761,2.985,3.189,3.442,3.645,3.854,4.058,4.294,4.491,4.728,4.935,5.178,5.376,5.646,5.870,6.081,6.294,6.535,6.763,6.980,7.201,7.449,7.660,7.897,8.147,8.397,8.670,8.835,9.071,9.318,9.559,9.768,9.998,10.232,
2,51,0.311,0.516,0.704,0.920,1.126,1.340,1.539,1.767,1.964,2.178,2.377,2.594,2.801,3.018,3.200,3.371,3.570,3.775,3.981,4.170,4.368,4.609,4.803,5.043,5.269,5.474,5.735,5.946,6.201,6.461,6.683,6.886,7.108,7.329,7.562,7.786,8.038,8.247,8.477,8.688,8.908,9.109,9.387,9.599,9.803,10.048,
2,52,0.137,0.374,0.548,0.709,0.930,1.138,1.345,1.560,1.803,1.999,2.198,
2,53,0.311,0.522,0.702,0.921,1.100,1.299,1.522,1.715,1.933,2.156,2.363,2.555,2.803,2.971,3.183,3.407,3.611,3.819,4.030,4.233,4.457,4.682,4.894,5.107,5.329,5.549,5.787,5.996,6.231,
2,54,0.248,0.449,0.646,0.843,1.034,1.227,1.440,1.644,1.844,2.073,2.249,2.465,2.711,2.867,3.089,3.334,3.528,3.743,3.972,4.201,4.449,4.675,4.957,5.155,5.413,5.645,5.896,6.146,6.372,6.581,6.833,7.076,7.366,7.562,7.830,8.039,8.315,8.538,8.829,9.051,9.298,9.597,9.806,10.018,10.271,10.470,10.717,10.965,11.170,11.408,11.648,11.867,12.074,12.315,12.537,12.802,13.037,13.275,13.519,13.769,13.993,14.238,
2,55,0.327,0.565,0.735,0.919,1.127,1.332,1.533,1.751,1.947,2.167,2.393,2.600,2.826,3.046,3.276,3.470,3.665,3.894,4.091,
2,56,0.269,0.471,0.665,0.858,1.068,1.284,1.685,1.890,2.106,2.307,2.500,2.712,2.927,3.143,3.364,3.594,3.861,4.021,4.249,4.455,4.713,4.930,5.149,5.388,5.607,5.831,6.078,6.326,
2,57,0.322,0.543,0.721,0.922,1.120,1.330,1.540,1.739,1.947,2.190,2.413,2.617,2.832,3.083,3.285,3.513,3.722,3.926,4.146,4.349,4.575,4.807,5.017,5.241,5.471,5.689,5.949,6.154,6.397,6.648,6.898,7.115,7.346,7.576,7.809,8.057,8.275,8.554,8.814,9.074,9.325,9.567,9.798,10.046,10.230,10.523,10.733,10.979,11.219,11.486,11.691,11.966,12.192,12.423,12.668,12.901,13.106,13.353,13.562,13.802,14.038,14.278,14.496,14.723,14.963,15.197,15.440,15.652,15.885,16.093,
2,58,0.089,0.273,0.442,0.624,0.806,1.024,1.206,1.403,1.615,1.826,2.031,2.224,2.433,2.622,2.824,3.037,3.249,3.456,3.669,3.914,4.181,4.367,4.570,4.820,5.038,5.276,5.493,5.704,5.907,6.107,6.301,6.524,6.727,6.950,7.172,7.394,7.614,7.843,8.030,8.247,
2,59,0.079,0.333,0.535,0.741,0.924,1.147,1.346,1.548,1.748,1.961,2.206,2.397,2.609,2.813,3.034,3.221,3.440,3.698,3.908,4.148,4.366,4.621,4.829,5.045,5.275,5.488,5.716,5.965,6.200,6.414,6.623,6.831,7.026,7.270,7.483,7.700,7.910,8.118,8.354,8.589,8.778,9.020,9.241,9.443,9.678,9.871,10.104,10.292,10.492,10.705,10.914,11.124,11.341,11.562,11.768,12.000,12.238,12.433,12.639,12.855,13.088,13.304,13.534,13.769,14.019,14.229,14.427,14.677,
2,60,0.376,0.555,0.734,0.924,1.116,1.303,1.478,1.662,1.863,2.108,2.323,2.643,2.893,3.122,3.452,3.690,3.970,4.239,4.493,4.744,5.025,5.321,5.586,5.855,6.104,
2,61,0.140,0.355,0.595,0.827,1.030,1.251,1.489,1.741,1.950,2.224,2.467,2.673,2.910,3.161,3.409,3.618,3.844,4.099,
2,62,0.169,0.372,0.589,0.805,1.024,1.247,1.451,1.685,1.942,2.180,2.391,2.642,2.858,3.091,3.299,3.525,3.726,3.961,4.189,4.405,4.605,4.826,5.062,5.308,5.529,5.772,5.996,6.219,6.485,6.680,6.943,7.160,7.397,7.624,7.831,8.055,8.300,8.549,8.742,8.945,9.211,9.409,9.619,9.838,10.077,10.268,10.496,10.717,10.972,11.158,11.396,11.611,11.838,12.066,12.318,
2,63,0.325,0.512,0.695,0.876,1.084,1.290,1.570,1.765,1.986,2.200,2.403,2.653,2.877,3.123,3.375,3.572,3.831,4.071,4.293,4.536,4.764,4.971,5.218,5.514,5.722,5.991,6.268,6.484,6.698,6.958,7.207,7.445,7.652,7.908,8.149,8.369,8.585,8.796,9.026,9.223,9.468,9.692,9.906,10.150,10.370,10.590,10.793,11.017,11.244,11.452,11.641,11.865,12.086,
2,64,0.320,0.492,0.670,0.854,1.051,1.251,1.454,1.685,1.898,2.086,2.290,2.527,2.742,2.920,3.164,3.371,3.570,3.834,4.019,4.269,4.458,4.662,4.857,5.090,5.355,5.536,5.746,6.157,6.388,6.861,7.066,7.280,7.517,7.774,8.018,8.297,8.544,8.746,8.958,9.238,9.518,9.696,9.944,10.182,
2,65,0.319,0.520,0.677,0.890,1.066,1.270,1.440,1.653,1.847,2.069,2.290,2.499,2.718,2.926,3.122,3.404,3.587,3.866,4.082,4.309,4.522,4.740,4.991,5.171,5.389,5.618,5.824,6.046,6.273,6.487,6.684,6.931,7.169,7.390,7.597,7.832,8.078,8.318,8.542,8.784,9.040,9.231,9.486,9.729,9.935,10.202,10.395,10.641,10.857,11.039,11.295,11.515,11.713,11.924,12.142,12.370,12.582,12.790,13.046,13.259,13.501,13.709,13.922,14.177,14.420,14.625,14.897,15.112,15.329,15.584,15.809,16.027,
2,66,0.445,0.622,0.827,1.038,1.231,1.430,1.648,1.835,2.040,2.238,2.445,2.652,2.845,3.046,3.265,3.474,3.693,3.902,4.127,4.341,4.572,4.783,4.981,5.219,5.415,5.650,5.840,6.103,6.297,6.534,6.744,6.995,7.200,7.445,7.665,7.901,8.109,8.335,8.540,8.747,8.963,9.214,9.415,9.664,9.852,10.107,10.318,10.556,10.812,11.068,11.269,11.529,11.769,11.978,12.212,12.425,12.636,12.865,13.059,13.277,13.488,13.727,13.930,14.167,
2,67,0.327,0.502,0.672,0.835,1.044,1.226,1.446,1.643,1.852,2.059,2.273,
2,68,0.286,0.465,0.646,0.821,0.990,1.161,1.347,1.520,1.716,1.909,2.116,2.314,2.530,2.723,2.922,3.114,3.328,3.531,3.751,3.958,4.160,4.368,4.579,4.771,4.968,5.207,5.416,5.618,5.829,6.091,6.265,6.463,6.683,6.902,7.121,7.403,7.624,7.849,8.060,8.323,8.516,8.752,8.977,9.214,9.452,9.707,9.921,10.103,10.315,10.517,10.752,10.962,11.193,11.409,11.616,11.864,12.089,12.322,12.502,12.709,12.952,13.243,13.449,13.660,13.888,14.102,14.333,14.578,14.748,14.953,15.138,15.366,15.576,15.770,16.020,16.229,
2,69,0.187,0.357,0.524,0.696,0.857,1.043,1.214,1.391,1.565,1.774,1.956,2.200,2.525,2.775,3.023,3.278,3.525,3.775,4.036,4.279,4.548,4.823,5.087,5.338,5.585,5.830,6.076,6.333,6.598,6.848,7.099,7.394,7.620,7.938,8.159,8.421,8.730,9.011,9.266,9.511,9.778,10.011,10.268,10.532,10.748,10.993,11.271,11.532,11.791,12.026,12.318,12.579,12.833,13.060,13.292,13.562,13.814,14.070,14.330,14.572,14.855,15.147,15.437,15.647,15.898,16.148,
2,70,0.184,0.370,0.539,0.710,0.868,1.057,1.246,1.524,1.774,1.998,2.290,2.560,2.843,3.111,3.364,3.647,3.897,4.179,4.478,4.871,5.194,5.547,5.848,6.205,6.520,6.854,7.203,7.555,7.894,8.184,8.496,8.825,9.154,9.466,9.771,10.088,10.417,10.728,11.022,11.344,11.678,11.994,
2,71,0.312,0.616,0.852,1.115,1.376,1.645,1.924,2.285,
2,72,0.189,0.393,0.608,0.831,1.101,1.376,1.688,1.938,2.198,2.502,2.767,3.034,3.277,3.537,3.807,4.088,4.313,4.645,4.908,5.170,5.462,5.751,6.038,6.355,6.646,6.950,7.220,7.527,7.821,8.117,
2,73,0.167,0.394,0.676,0.931,1.181,1.434,1.694,1.956,2.196,2.461,2.762,2.999,3.276,3.548,3.798,4.058,4.311,4.552,4.853,5.106,5.355,5.589,5.855,6.111,6.349,6.595,6.897,7.171,7.426,7.678,7.944,8.219,
2,74,0.028,0.248,0.512,0.735,0.981,1.204,1.464,1.729,1.996,2.262,2.513,2.786,3.030,3.318,3.586,3.863,4.162,4.416,
2,75,0.316,0.513,0.745,0.998,1.287,1.562,1.823,2.087,2.330,2.614,2.930,3.212,3.465,3.722,3.999,4.268,4.550,4.815,5.062,5.317,5.568,5.837,6.149,6.421,6.679,6.954,7.226,7.476,7.767,8.029,8.309,8.563,8.836,9.124,9.384,9.669,9.931,10.268,10.597,10.864,11.154,11.402,11.655,11.959,12.269,12.551,12.865,13.146,13.457,13.722,13.976,
2,76,0.026,0.277,0.474,0.690,0.985,1.242,1.484,1.735,1.986,2.263,2.535,2.807,3.082,3.351,3.645,3.909,4.214,4.486,
2,77,0.348,0.556,0.846,1.112,1.361,1.608,1.861,2.113,2.358,2.611,2.892,3.142,3.392,3.668,3.932,4.162,4.412,4.677,4.931,5.214,5.465,5.734,6.001,6.276,6.594,6.871,7.151,7.433,7.703,7.963,8.221,
2,78,0.274,0.524,0.739,1.024,1.246,1.484,1.737,2.024,2.274,2.499,2.747,3.008,3.275,3.525,3.768,4.036,4.318,4.597,4.868,5.124,5.399,5.690,5.954,6.227,6.467,6.714,6.992,7.270,7.535,7.768,8.037,8.317,8.582,8.894,9.144,9.398,9.682,9.898,10.167,10.429,10.697,10.934,11.200,11.455,11.697,11.972,12.229,12.578,12.932,13.191,13.498,13.775,14.049,14.337,14.618,14.934,15.204,15.514,15.779,16.110,
2,79,0.045,0.289,0.519,0.718,0.945,1.158,1.386,1.600,1.846,2.093,2.311,2.523,2.750,2.940,3.084,3.336,3.550,3.743,3.932,4.137,4.387,4.599,4.810,5.002,5.141,5.387,5.597,5.798,6.021,6.204,6.416,6.638,6.862,7.083,7.333,7.545,7.787,8.022,8.214,
