0,1,0.166,0.364,0.552,0.735,0.914,1.097,1.267,1.608,1.752,2.014,2.196,2.397,2.588,2.764,2.927,3.121,3.319,3.648,3.794,
0,1,0.186,0.361,0.537,0.723,0.909,1.077,1.243,1.419,1.597,1.786,1.970,2.138,2.293,2.528,2.786,3.122,3.420,3.791,4.115,4.498,4.841,5.277,5.637,6.052,6.418,6.793,7.201,7.561,7.952,8.391,8.775,9.113,9.474,9.955,
0,1,0.271,0.548,
0,1,0.348,0.674,0.958,1.268,1.553,
2,1,0.166,0.356,0.566,0.769,0.956,1.242,1.584,1.941,2.318,2.654,3.024,3.430,3.799,4.229,
2,2,0.196,0.463,0.723,1.065,1.457,1.845,2.269,2.651,3.019,3.370,3.751,4.137,4.542,5.024,5.448,5.887,6.298,6.771,7.202,7.653,8.063,8.495,8.948,9.389,9.832,10.234,10.640,11.089,11.523,11.922,12.333,
2,3,0.339,0.652,1.059,1.509,1.892,2.284,2.687,3.150,3.606,3.982,4.397,4.760,5.245,5.659,6.016,
2,4,0.261,0.661,1.125,1.532,1.989,
2,5,0.327,0.736,1.171,1.570,2.000,
2,6,0.270,0.625,0.974,1.361,1.770,2.195,2.649,3.031,3.450,3.854,4.251,4.665,5.071,5.471,5.896,
2,7,0.343,0.730,1.114,1.525,1.911,2.344,2.733,3.186,3.609,3.996,
2,8,0.292,0.744,1.149,1.567,2.016,2.463,2.869,3.266,3.650,4.150,
2,9,0.040,0.406,0.712,1.074,1.465,1.824,2.191,
2,10,0.372,0.729,1.084,1.480,1.829,2.210,2.602,2.990,3.337,3.721,4.067,4.457,4.895,5.278,5.617,5.972,
2,11,0.331,0.678,1.061,1.434,1.805,2.139,2.540,2.893,3.302,3.640,3.996,4.362,4.726,5.074,5.373,5.801,6.141,6.485,
2,12,0.143,0.483,0.807,1.146,1.463,1.823,2.150,2.548,2.928,3.278,3.603,4.025,4.284,4.682,5.025,5.451,5.775,6.116,6.442,6.864,7.172,7.509,
2,13,0.073,0.384,0.724,1.057,1.402,1.745,2.072,2.395,2.726,3.036,3.330,3.636,3.928,4.243,4.529,4.834,5.136,5.437,5.750,6.037,6.300,6.582,6.887,7.124,7.387,7.660,7.931,8.193,8.475,8.735,9.022,9.275,9.528,9.791,10.032,10.289,10.539,10.787,11.035,11.285,11.523,11.779,12.023,
2,14,0.080,0.348,0.685,1.017,1.267,1.530,1.780,2.040,2.290,2.525,2.785,3.018,3.228,3.473,3.769,4.043,4.345,4.615,4.870,5.150,5.417,5.717,6.020,6.293,6.571,6.809,7.089,7.374,7.663,7.943,8.215,8.495,8.750,9.021,9.241,9.553,9.833,10.110,10.405,10.687,10.944,11.205,11.522,11.802,12.056,12.339,12.608,12.908,13.182,13.474,13.773,14.037,14.277,14.551,14.806,15.058,15.301,15.559,15.833,16.071,
2,15,0.109,0.410,0.743,0.991,1.292,1.557,1.876,2.154,2.521,
2,16,0.149,0.426,0.766,1.016,1.372,1.605,1.906,2.185,2.449,2.747,3.032,3.326,3.602,3.889,4.184,4.487,4.768,5.080,5.402,5.731,6.019,6.330,6.622,6.953,7.238,7.586,7.866,8.163,8.424,8.717,8.984,9.270,9.501,9.783,10.067,10.372,10.644,10.910,11.191,11.449,11.736,12.022,12.297,12.554,12.812,13.103,13.368,13.639,13.906,14.188,
2,17,0.076,0.345,0.650,0.913,1.185,1.440,1.689,1.928,2.198,2.424,2.708,2.987,3.248,3.550,3.788,4.059,4.339,4.619,4.893,5.160,5.440,5.718,5.987,6.229,6.583,6.858,7.137,7.408,7.688,7.979,8.270,8.550,8.854,9.137,9.438,9.710,9.985,10.271,10.522,10.778,11.071,11.350,11.618,11.901,12.151,
2,18,0.127,0.405,0.670,0.925,1.193,1.461,1.708,1.970,2.244,2.502,2.771,3.021,3.316,3.585,3.863,4.117,4.375,4.645,4.911,5.164,5.450,5.716,5.983,6.238,6.530,6.802,7.043,7.317,7.590,7.854,8.117,
2,19,0.049,0.327,0.582,0.845,1.103,1.372,1.660,1.918,2.165,2.430,2.673,2.923,3.188,3.495,3.750,4.025,4.285,4.555,4.825,5.102,5.373,5.624,5.892,6.143,6.396,6.687,6.957,7.206,7.479,7.742,8.010,
2,20,0.086,0.330,0.553,0.766,1.002,1.225,1.468,1.704,2.133,2.377,2.625,2.857,3.040,3.244,3.481,3.622,3.877,4.084,
2,21,,
2,22,0.266,0.558,0.790,1.016,1.266,1.585,1.863,2.117,2.367,2.624,2.858,3.113,3.351,3.599,3.846,4.108,4.351,4.597,4.838,5.045,5.278,5.496,5.743,5.985,6.215,6.458,6.699,6.907,7.165,7.388,7.615,7.859,8.091,8.318,8.547,8.782,9.020,9.241,9.460,9.683,9.902,10.153,10.387,10.604,10.842,11.075,11.328,11.551,11.793,12.021,12.241,12.474,12.709,12.923,13.142,13.370,13.586,13.821,14.047,
2,23,0.024,0.274,0.492,0.699,0.920,1.141,1.360,1.595,1.824,2.052,2.275,
2,24,0.304,0.517,0.900,1.104,1.316,1.524,1.742,2.018,2.232,2.478,2.733,2.939,3.186,3.397,3.625,3.860,4.114,4.352,4.580,4.830,5.046,5.313,5.554,5.801,6.032,6.302,6.534,6.787,7.042,7.302,7.562,7.790,8.045,8.277,8.497,8.721,8.933,9.166,9.372,9.599,9.820,10.051,10.278,10.522,10.714,10.937,11.164,11.370,11.591,11.796,12.022,12.241,
2,25,0.094,0.317,0.514,0.709,0.901,1.106,1.319,1.534,1.744,1.955,2.151,2.363,2.569,2.785,2.984,3.219,3.433,3.659,3.856,4.085,4.337,4.538,4.736,4.955,5.156,5.365,5.590,5.791,5.990,6.205,6.412,6.623,6.828,7.052,7.267,7.452,7.651,7.875,8.073,8.294,8.518,8.717,8.931,9.137,9.351,9.567,9.786,9.984,10.192,
2,26,0.058,0.337,0.546,0.703,0.971,1.175,1.377,1.578,1.791,1.975,2.175,2.323,2.550,2.742,2.936,3.142,3.331,3.525,3.723,3.934,4.142,4.325,
2,27,0.222,0.444,0.654,0.874,1.081,1.289,1.515,1.708,1.908,2.111,2.305,2.489,2.727,2.926,3.114,3.306,3.448,3.684,3.874,4.065,4.249,4.429,4.828,5.016,5.226,5.400,5.595,5.801,5.997,6.212,6.415,6.616,6.844,7.047,7.251,7.470,7.676,7.876,8.089,8.298,8.502,8.716,8.928,9.162,9.393,9.614,9.818,10.039,10.252,10.452,10.700,10.949,11.177,11.625,11.853,12.064,12.307,12.520,12.725,12.945,13.151,13.366,13.626,13.817,14.027,14.254,
2,28,0.223,0.400,0.608,0.787,1.017,1.229,1.469,1.677,1.884,2.079,2.322,2.521,2.745,2.971,3.164,3.392,3.606,3.795,4.018,4.204,
2,29,0.055,0.281,0.498,0.706,0.925,1.148,1.353,1.576,1.782,1.982,2.198,2.402,2.606,2.832,3.050,3.265,3.463,3.674,3.902,4.117,4.335,4.538,4.745,4.950,5.186,5.400,5.614,5.811,6.029,6.267,6.471,6.688,6.907,7.105,7.334,7.540,7.750,7.953,8.389,8.599,8.795,8.992,9.195,9.579,9.798,9.969,10.157,10.355,10.554,10.769,10.959,11.162,11.358,11.566,11.779,11.987,12.193,12.398,12.618,12.829,13.020,13.224,13.457,13.637,13.827,14.024,14.244,14.487,14.771,14.997,15.220,15.446,15.680,15.888,16.098,
2,30,0.046,0.314,0.523,0.728,0.929,1.151,1.356,1.570,1.777,2.023,2.233,2.452,2.662,2.857,3.080,3.289,3.494,3.707,3.911,4.122,4.332,4.561,4.775,4.955,5.332,5.531,5.745,5.931,6.142,6.349,6.555,6.815,7.016,7.233,7.434,7.643,7.840,8.039,8.274,8.477,8.682,8.893,9.076,9.311,9.525,9.715,9.923,10.144,10.341,10.547,10.740,10.919,11.127,11.320,11.535,11.750,11.954,12.082,12.261,12.444,12.624,12.822,13.031,13.276,13.512,13.781,14.041,14.328,14.652,14.972,15.306,15.564,15.921,16.150,
2,31,0.269,0.544,0.900,1.191,1.456,1.730,1.978,2.397,2.654,2.951,3.202,3.470,3.870,4.185,
2,32,0.096,0.397,0.647,0.985,1.267,1.541,1.808,2.147,2.374,2.680,2.901,3.210,3.452,3.695,3.967,4.212,4.465,4.752,5.015,5.235,5.463,5.701,5.943,6.198,
2,33,0.033,0.276,0.517,0.728,0.947,1.150,1.401,1.663,1.863,2.098,2.345,2.642,2.855,3.089,3.361,3.616,3.842,4.090,4.335,4.575,4.798,5.029,5.269,5.476,5.709,5.920,6.145,6.386,6.593,6.843,7.073,7.331,7.557,7.797,8.052,8.270,8.520,8.751,8.986,9.220,9.477,9.691,9.919,10.138,10.367,10.570,10.801,11.022,11.272,11.461,11.670,11.889,12.089,12.314,12.522,12.736,12.971,13.190,13.404,13.639,13.835,14.060,14.288,
2,34,0.267,0.569,0.787,1.018,1.222,1.431,1.649,1.885,2.109,2.335,2.555,2.769,2.986,3.202,3.412,3.600,3.806,4.019,4.219,4.418,4.655,4.908,5.121,5.331,5.537,5.741,5.955,6.151,6.356,6.578,6.788,6.972,7.156,7.342,7.546,7.731,7.916,8.102,8.325,8.528,8.722,8.909,9.094,9.284,9.475,9.688,9.875,10.060,10.247,
2,35,0.226,0.417,0.598,0.787,0.950,1.118,1.285,1.458,1.623,1.800,2.025,2.201,2.370,2.555,2.759,2.992,3.338,3.434,
2,36,0.025,
2,37,0.045,0.224,0.405,0.568,0.767,0.940,1.150,1.302,1.499,1.691,1.982,2.235,2.463,2.674,2.866,3.060,3.250,3.456,3.650,3.844,4.022,4.211,4.402,4.568,4.749,4.931,5.105,5.284,5.499,5.727,5.947,6.096,6.309,6.502,6.683,6.851,7.030,7.270,7.484,7.688,7.875,8.060,8.252,8.436,8.691,8.919,9.110,9.340,9.557,9.730,9.904,10.088,10.275,10.478,10.663,10.868,11.049,11.234,11.408,11.616,11.797,12.026,12.196,12.368,12.552,12.776,12.970,13.177,13.364,13.567,13.773,13.946,14.165,
2,38,0.175,0.391,0.559,0.728,0.921,1.114,1.313,1.557,1.718,1.929,2.124,2.306,2.474,2.662,2.860,3.058,3.276,3.464,3.690,3.893,4.079,4.287,4.492,4.674,4.850,5.062,5.347,5.603,5.819,6.033,6.268,6.458,6.644,6.835,7.019,7.227,7.422,7.645,7.817,8.015,8.211,8.357,8.543,8.720,8.913,9.096,9.321,9.526,9.730,10.016,10.272,10.500,10.742,10.963,11.166,11.397,11.621,11.801,12.035,12.173,12.407,12.605,12.827,13.017,13.230,13.439,13.654,13.853,14.065,14.271,
2,39,0.274,0.494,0.675,0.893,1.081,1.260,1.430,1.796,2.012,2.174,2.418,2.627,2.841,3.043,3.225,3.421,3.608,3.797,4.174,4.395,4.592,4.761,4.949,5.155,5.332,5.545,5.740,5.944,6.145,6.337,6.586,6.750,6.945,7.152,7.339,7.497,7.696,7.896,8.097,8.324,8.500,8.697,8.900,9.074,9.451,9.647,9.837,10.070,10.264,10.424,10.648,10.811,11.014,11.204,11.438,11.708,11.942,12.126,12.339,12.562,12.772,12.972,13.183,13.399,13.585,13.813,13.995,14.224,14.449,14.653,14.850,15.056,15.252,15.449,15.650,15.845,16.046,
2,40,,
2,41,0.045,0.218,0.365,0.548,0.729,0.926,1.102,1.269,1.443,1.635,1.820,1.999,2.184,2.370,2.571,2.747,2.953,3.123,3.479,3.692,3.898,4.086,4.270,4.464,4.671,4.859,5.038,5.252,5.444,5.637,5.815,6.024,6.233,6.452,6.649,6.822,6.987,7.189,7.410,7.576,7.772,7.946,8.151,8.343,8.522,8.688,8.892,9.113,9.307,9.433,9.654,9.889,10.092,10.273,10.466,10.657,10.846,11.036,11.226,11.446,11.652,11.842,12.224,12.442,12.647,12.855,13.028,13.217,13.433,13.583,13.741,13.957,14.162,
2,42,0.098,0.279,0.455,0.627,0.836,1.045,1.204,1.366,1.549,1.761,1.937,2.145,2.323,2.582,2.741,2.895,3.075,3.262,3.459,3.645,3.811,3.984,4.152,4.371,4.516,4.700,4.869,5.067,5.263,5.465,5.678,5.844,6.020,6.218,
2,43,0.102,0.314,0.683,0.900,1.037,1.190,1.418,1.598,1.767,1.948,2.151,2.300,2.472,2.624,2.842,3.018,3.176,3.359,3.565,3.725,3.922,4.099,4.316,4.522,4.691,4.895,5.117,5.345,5.531,5.719,5.906,6.115,6.346,6.485,6.692,6.895,7.249,7.463,7.637,7.774,8.035,8.230,8.406,8.619,8.862,9.021,9.221,9.421,9.610,9.784,10.043,10.284,10.525,10.772,10.974,11.183,11.418,11.657,11.824,12.051,12.230,
2,44,0.141,0.444,0.819,0.977,1.300,1.483,1.652,1.812,2.230,2.417,2.587,2.741,2.973,3.146,3.308,3.466,3.699,3.853,4.029,4.195,
2,45,0.148,0.332,0.480,0.784,1.002,1.178,1.361,1.497,
2,46,0.106,0.293,0.519,0.720,0.897,1.083,1.243,1.444,1.862,2.076,2.248,2.437,2.776,2.996,3.180,3.387,3.594,3.795,3.987,4.174,4.369,4.550,4.774,5.127,5.370,5.551,5.741,5.944,6.127,6.321,6.495,6.678,6.865,7.039,7.223,7.403,7.598,7.775,7.960,8.139,8.326,
2,47,0.049,0.263,0.455,0.663,0.839,1.039,1.213,1.406,1.587,1.770,1.956,2.147,2.328,2.514,2.700,2.871,3.061,3.412,3.582,3.774,3.987,4.165,4.346,4.530,4.741,4.930,5.126,5.304,5.515,5.686,5.841,6.335,6.519,6.707,6.899,7.095,7.273,7.463,7.589,7.838,8.026,8.226,8.440,8.650,8.849,9.061,9.270,9.517,9.709,9.874,10.126,10.324,10.532,10.712,10.934,11.144,11.329,11.543,11.736,11.944,12.167,12.372,12.590,12.802,12.979,13.175,13.367,13.557,13.769,13.946,14.136,14.328,14.526,14.704,15.076,15.282,15.477,15.660,15.846,16.038,16.249,
2,48,0.177,0.364,0.529,0.726,0.932,1.115,1.318,1.519,1.705,1.900,2.096,2.249,2.523,2.704,2.910,3.143,3.355,3.547,3.742,3.936,4.123,4.320,4.521,4.774,4.977,5.160,5.345,5.583,5.806,6.021,6.207,6.425,6.638,6.836,7.044,7.236,7.443,7.648,7.851,8.052,8.248,8.436,8.846,8.983,9.235,9.429,9.620,9.944,10.204,10.417,10.644,10.840,11.036,11.327,11.605,11.789,11.987,12.171,12.371,12.579,12.775,12.987,13.209,13.428,13.642,13.911,14.106,
2,49,0.207,0.619,0.850,1.038,1.229,1.431,1.635,1.831,2.036,2.269,2.499,2.726,2.916,3.110,3.304,3.520,3.920,4.114,4.332,4.540,4.744,4.930,5.111,5.305,5.500,5.698,5.915,6.125,6.320,6.502,6.713,6.921,7.124,7.316,7.522,7.721,7.933,8.139,8.341,
2,50,0.274,0.498,0.654,0.829,1.021,1.217,1.423,1.786,1.975,2.170,2.398,2.574,2.765,2.985,3.347,3.562,3.734,3.921,4.106,4.310,4.516,4.691,4.900,5.095,5.266,5.500,5.670,5.900,6.100,6.304,6.517,6.716,6.918,7.116,7.329,7.518,7.717,7.926,8.119,8.334,8.530,8.708,8.941,9.150,9.320,9.548,9.769,9.964,10.175,10.581,10.832,11.061,11.252,11.442,11.660,11.860,12.052,12.270,
2,51,0.202,0.412,0.613,0.813,1.000,1.197,1.384,1.584,1.787,2.001,2.208,2.433,
2,52,0.150,0.345,0.553,0.769,0.969,1.189,1.402,1.600,1.808,2.002,2.221,2.417,2.640,2.804,3.001,3.160,3.319,3.486,3.649,3.812,3.977,4.219,
2,53,0.197,0.359,0.562,0.750,0.947,1.148,1.334,1.515,1.899,2.067,2.266,2.443,2.649,2.856,3.045,3.266,3.451,3.650,3.860,4.043,4.251,
2,54,0.072,0.272,0.476,0.679,0.870,1.070,1.266,1.650,1.835,2.024,2.214,2.424,2.621,2.787,2.998,3.229,3.421,3.618,3.814,4.018,4.213,4.394,4.606,4.808,5.022,5.235,5.441,5.638,5.849,6.050,6.269,6.467,6.682,6.886,7.086,7.286,7.482,7.687,7.893,8.110,8.314,8.530,8.729,8.917,9.106,9.285,9.472,9.665,9.868,10.082,10.310,10.496,10.699,10.850,11.112,11.340,11.521,11.723,11.924,12.074,12.191,12.368,
2,55,0.100,0.452,0.650,0.819,1.020,1.205,1.387,1.555,1.741,1.913,2.094,2.290,2.473,2.657,2.845,3.048,3.399,3.605,3.811,4.001,4.190,
2,56,0.186,0.402,0.613,0.803,1.022,1.272,1.465,1.827,2.266,2.495,2.694,2.893,3.068,3.250,3.447,3.650,3.841,4.032,4.227,
2,57,0.140,0.330,0.524,0.709,0.894,1.078,1.274,1.400,1.654,1.851,2.037,2.221,
2,58,0.120,0.323,0.531,0.724,0.905,1.122,1.350,1.571,1.797,2.001,2.224,2.427,2.650,2.861,3.076,3.287,3.496,3.716,3.926,4.137,4.340,4.563,4.805,5.024,5.230,5.464,5.705,5.911,6.110,6.321,6.550,6.772,6.978,7.183,7.416,7.843,8.054,8.282,8.485,8.684,8.889,9.087,9.273,9.447,9.650,9.822,9.990,
2,59,0.086,0.302,0.516,0.709,0.899,1.085,1.300,1.526,1.694,1.900,2.100,2.296,
2,60,0.189,0.400,0.603,0.807,1.000,1.197,1.458,1.688,1.884,2.101,2.320,2.548,2.768,2.946,3.158,3.337,3.563,3.775,3.989,4.189,4.392,4.625,4.855,5.098,5.269,5.546,5.747,5.959,6.157,6.371,6.591,6.807,7.020,7.212,7.366,7.538,7.678,7.856,7.977,8.168,8.329,8.501,8.676,8.923,9.105,9.271,9.400,9.578,9.835,10.021,10.229,10.469,10.831,11.022,11.235,11.642,11.873,12.237,12.465,12.652,12.852,13.057,13.327,13.523,13.726,13.919,14.123,
2,61,0.194,0.418,0.621,0.765,0.948,1.300,1.550,1.736,1.923,2.149,2.330,2.516,2.686,2.924,3.095,3.266,3.517,3.693,3.917,4.138,4.350,4.593,4.806,4.960,5.242,5.589,5.820,6.002,6.237,
2,62,0.071,0.316,0.512,0.718,0.896,1.101,1.304,1.485,1.693,1.900,2.101,2.322,2.569,2.778,2.985,3.209,3.429,3.616,3.840,4.063,4.267,4.532,4.771,4.976,5.189,5.432,5.658,5.863,6.083,6.314,6.765,7.015,7.249,7.522,7.740,7.969,8.233,8.433,8.649,8.900,9.150,9.360,9.583,9.809,10.036,10.292,10.517,10.746,10.989,11.436,11.651,11.871,12.111,12.518,12.735,12.961,13.222,13.457,13.696,13.914,14.138,14.390,14.595,14.794,15.064,15.276,15.519,15.732,15.957,16.195,
2,63,0.166,0.360,0.542,0.703,0.911,1.096,1.339,1.778,1.970,2.149,2.376,2.584,2.788,2.990,3.221,3.429,3.820,4.024,4.222,4.432,4.660,4.860,5.044,5.260,5.455,5.668,5.894,6.103,
2,64,0.100,0.309,0.525,0.705,0.909,1.120,1.322,1.542,1.735,1.937,2.142,2.335,2.542,2.766,2.976,3.209,3.396,3.594,3.811,3.998,4.202,4.413,4.605,4.809,5.032,5.237,5.435,5.651,5.859,6.070,6.278,
2,65,0.065,0.278,0.489,0.702,0.902,1.115,1.334,1.552,1.747,1.941,2.149,2.336,2.559,2.766,2.958,3.174,3.399,3.595,3.801,3.969,4.169,4.360,4.568,4.784,5.002,5.207,5.386,5.578,5.732,5.962,6.165,6.341,6.534,6.713,6.873,7.085,7.268,7.444,7.669,7.892,8.105,8.352,8.551,8.741,8.939,9.154,9.335,9.519,9.728,9.895,10.095,
2,66,0.192,0.411,0.623,0.833,1.039,1.275,1.483,1.722,1.898,2.087,2.298,2.525,2.703,2.899,3.124,3.337,3.526,3.776,3.964,4.170,4.365,4.573,4.760,4.980,5.200,5.413,5.643,5.863,6.044,6.247,6.431,6.678,6.876,7.050,7.304,7.495,7.669,7.898,8.092,
2,67,0.177,0.363,0.549,0.721,0.891,1.079,1.243,1.425,1.569,1.844,2.040,2.234,2.470,2.625,2.822,3.045,3.220,3.394,3.589,3.778,4.021,4.217,4.412,4.627,4.836,5.025,5.272,5.472,5.693,5.906,6.115,6.341,6.548,6.772,6.992,7.201,7.407,7.624,7.820,8.035,8.273,8.493,8.702,8.876,9.152,9.372,9.568,9.803,9.994,10.234,
2,68,0.172,0.390,0.577,0.813,1.024,1.219,1.408,1.561,1.845,2.000,2.237,2.420,2.625,3.024,3.225,3.413,3.623,3.829,4.042,4.206,4.365,4.602,4.800,5.025,5.208,5.422,5.642,5.853,6.049,6.276,6.479,6.697,6.923,7.143,7.309,7.489,7.678,7.866,8.044,8.260,8.443,8.691,8.859,9.081,9.272,9.465,9.661,9.836,9.997,10.164,
2,69,0.033,0.217,0.448,0.646,0.818,1.016,1.216,1.416,1.623,1.803,1.978,2.181,2.397,2.588,2.786,2.934,3.184,3.398,3.585,3.782,3.961,4.346,4.484,4.738,4.929,5.113,5.515,5.713,5.921,6.119,6.342,
2,70,0.077,0.273,0.439,0.604,0.915,1.107,1.355,1.546,1.738,1.905,2.090,2.274,2.447,2.644,2.826,3.024,3.222,3.440,3.641,3.842,4.028,4.222,4.404,4.590,4.775,4.956,5.149,5.345,5.535,5.731,5.924,6.126,6.301,6.527,6.702,6.875,7.126,7.326,7.520,7.712,7.908,8.127,8.319,
2,71,0.057,0.274,0.467,0.667,0.820,1.088,1.286,1.464,1.648,1.858,2.059,2.275,2.480,2.695,2.921,3.142,3.337,3.532,
2,72,0.074,0.275,0.449,0.672,0.892,1.058,1.325,1.526,1.744,1.939,2.075,2.355,2.588,2.788,2.984,3.175,3.354,3.525,3.809,4.041,4.218,4.409,4.587,4.761,4.933,5.313,5.600,5.786,6.055,6.270,6.469,6.670,6.895,7.115,7.327,7.567,7.766,7.954,8.146,8.328,8.502,8.695,8.863,9.027,9.205,9.563,9.750,9.931,10.248,10.342,10.526,10.709,10.897,11.075,11.267,11.466,11.647,11.828,11.990,12.197,
2,73,0.033,0.199,0.400,0.586,0.777,0.992,1.192,1.399,1.551,1.792,1.999,2.197,2.399,2.589,2.901,3.080,3.277,3.500,3.803,4.033,4.250,4.444,4.626,4.935,5.046,5.535,5.769,5.938,6.118,6.304,6.474,6.637,6.814,6.996,7.195,7.369,7.565,7.742,7.930,8.107,8.303,
2,74,0.209,0.404,0.593,0.730,0.970,1.154,1.354,1.550,1.739,1.919,2.089,2.231,2.483,2.675,2.852,3.028,3.210,3.343,3.560,3.769,3.942,4.122,4.306,4.496,4.676,4.868,5.279,5.469,5.670,5.846,6.064,6.270,6.484,6.705,6.890,7.097,7.577,7.778,7.975,8.159,8.369,8.563,8.771,8.939,9.141,9.350,9.564,9.772,9.997,10.234,
2,75,0.189,0.338,0.498,0.636,0.789,0.942,1.270,1.457,1.627,1.816,2.020,2.208,2.394,2.592,2.786,2.955,3.207,3.374,3.588,3.786,3.980,4.151,4.362,4.566,4.778,4.978,5.190,5.366,5.561,5.645,5.814,6.047,6.272,6.464,6.646,6.854,7.050,7.249,7.453,7.659,7.867,8.058,8.242,8.420,8.591,8.805,8.990,9.170,9.352,9.558,9.734,9.909,10.066,
2,76,0.275,0.428,0.581,0.740,0.889,1.062,1.241,1.434,1.614,1.773,1.913,2.087,2.273,2.427,2.604,2.780,
2,77,0.051,0.234,0.371,0.598,0.772,0.935,1.103,1.314,1.510,1.678,1.849,2.154,2.361,2.530,2.708,3.094,3.300,3.498,3.657,3.863,4.074,4.268,4.476,4.667,4.895,5.097,5.296,5.772,5.962,6.166,6.361,6.573,6.782,6.980,7.171,7.355,7.544,7.808,8.013,8.216,8.410,8.647,8.826,9.037,9.246,9.457,9.672,9.870,10.070,10.292,10.529,10.935,11.176,11.398,11.618,11.819,12.047,12.250,12.470,12.700,12.899,13.097,13.399,13.602,13.778,13.983,14.156,14.372,14.600,14.816,14.993,15.207,15.400,15.588,15.788,15.984,16.193,
2,78,0.051,0.275,0.497,0.717,0.914,1.142,1.357,1.529,1.727,1.946,2.186,2.392,2.585,2.788,3.026,3.212,3.407,3.608,3.833,4.012,4.219,4.440,4.650,4.873,5.081,5.286,5.487,5.691,5.894,6.089,6.297,6.513,6.664,6.929,7.118,7.332,7.533,7.765,7.966,8.204,
2,79,0.088,0.274,0.495,0.695,0.891,1.141,1.319,1.681,1.921,2.142,2.334,2.528,2.776,2.983,3.176,3.412,3.767,3.915,4.183,4.393,4.643,4.821,5.012,5.221,5.450,5.681,5.871,6.070,6.329,
2,80,0.146,0.315,0.499,0.663,0.842,1.016,1.205,1.369,1.570,1.763,1.956,2.147,2.317,2.498,2.712,2.929,3.126,3.376,3.560,3.773,3.987,4.207,4.419,4.618,4.821,5.021,5.205,5.405,5.613,5.814,6.018,6.227,6.434,6.732,6.941,7.149,7.357,7.551,7.766,7.981,8.184,8.413,8.650,8.825,9.055,9.267,9.499,9.711,9.910,10.121,
2,81,0.091,0.350,0.517,0.706,0.894,1.094,1.302,1.511,1.688,1.865,2.145,2.343,2.538,2.795,3.032,3.241,3.447,3.668,3.896,4.302,4.521,4.763,5.013,5.188,5.376,5.567,5.697,5.993,6.192,6.368,6.543,6.721,6.996,7.199,7.370,7.576,7.843,8.110,
2,82,0.077,0.229,0.400,0.534,0.692,0.886,1.049,1.232,1.391,1.576,1.771,1.965,2.159,2.352,2.548,2.748,2.955,3.152,3.385,3.568,3.769,3.969,4.167,4.370,4.548,4.769,4.954,5.150,5.345,5.554,5.804,6.020,6.232,6.403,6.601,6.792,7.020,7.212,7.403,7.565,7.717,7.887,8.055,8.232,8.411,8.555,8.830,9.021,9.180,9.338,9.491,9.697,9.865,10.021,10.248,10.479,10.687,10.846,11.049,11.231,11.427,11.642,11.889,12.069,12.273,12.470,12.676,12.869,13.055,13.236,13.457,13.655,13.983,14.237,
2,83,0.191,0.394,0.588,0.786,1.019,1.191,1.370,1.546,1.739,1.939,2.136,2.331,2.498,2.668,2.935,3.139,3.329,3.496,3.696,3.887,4.062,4.210,4.416,4.608,4.802,5.021,5.245,5.455,5.659,5.857,6.068,6.219,6.459,6.693,6.891,7.096,7.275,7.486,7.689,7.904,8.200,8.460,8.645,8.829,8.999,9.169,9.480,9.619,9.851,10.038,10.234,
2,84,0.225,0.419,0.609,0.798,0.993,1.204,1.410,1.600,1.778,1.981,2.210,2.589,2.772,2.992,3.178,3.357,3.529,3.671,4.067,4.273,4.436,4.731,4.986,5.162,5.338,5.500,5.689,5.890,6.105,6.303,6.496,6.722,6.953,7.147,7.360,7.502,7.673,7.848,8.035,8.155,8.418,8.613,8.807,9.011,9.203,9.407,9.611,9.803,10.009,10.184,10.392,10.595,10.994,11.180,11.368,11.561,11.776,11.967,12.127,12.302,12.469,12.643,12.807,13.103,13.418,13.582,13.763,13.936,14.113,
