0,1,0.086,0.263,0.400,0.557,0.713,0.897,1.048,1.369,1.542,1.679,1.850,1.998,2.192,2.357,2.526,2.674,2.838,2.984,3.148,3.311,3.487,3.653,3.827,3.984,4.149,4.317,4.482,4.667,4.824,4.980,5.149,5.303,5.465,5.621,5.785,5.937,6.104,6.266,6.438,6.606,6.770,6.942,7.104,7.267,7.437,7.615,7.966,8.163,8.338,8.517,8.659,8.824,8.991,9.156,9.331,9.499,9.686,9.866,10.018,10.184,10.363,10.536,10.689,10.885,11.048,
0,1,0.180,0.326,0.472,0.639,0.802,0.963,1.125,1.283,1.431,1.584,1.748,1.911,2.077,2.250,2.396,2.548,2.701,2.869,3.019,3.192,3.344,3.519,3.672,3.825,3.992,4.136,4.306,4.463,4.607,4.770,4.915,5.078,5.233,5.408,5.576,5.770,5.916,6.072,6.247,6.413,6.572,6.771,6.925,7.082,7.228,7.421,7.575,7.771,7.912,8.077,8.245,8.412,8.570,8.752,8.903,9.080,9.229,9.403,9.556,9.734,9.921,10.078,10.275,
0,1,0.139,0.302,0.463,0.614,0.783,0.951,1.113,1.278,1.427,1.597,1.750,1.915,2.072,2.228,2.399,2.541,2.687,2.837,3.019,3.172,3.335,3.519,3.653,3.833,3.992,4.136,4.304,4.476,4.616,4.794,4.938,5.103,5.270,5.430,5.582,5.730,5.874,6.030,
0,1,0.073,0.237,0.401,0.550,0.710,0.864,1.035,1.205,1.361,1.518,1.671,1.822,1.978,2.135,2.300,2.479,2.627,2.796,2.967,3.147,3.311,3.491,3.636,3.825,3.964,4.127,4.296,4.442,4.603,4.735,4.912,5.059,5.238,5.390,5.557,5.702,5.851,6.050,6.190,6.329,
1,1,0.038,0.204,0.344,0.482,0.646,0.774,0.918,1.081,1.233,1.396,1.541,1.701,1.874,2.030,2.156,2.311,2.485,2.647,2.857,2.926,3.107,3.267,3.454,3.609,3.793,3.927,4.093,4.241,4.398,4.563,4.709,4.850,5.014,5.170,5.316,5.482,5.648,5.821,5.962,6.152,6.307,6.494,6.649,6.795,6.963,7.116,7.269,7.428,7.579,7.728,
1,2,0.087,0.249,0.400,0.568,0.730,0.895,1.061,1.225,1.338,1.541,1.724,1.908,2.047,2.195,2.375,2.535,2.693,2.838,2.997,3.169,3.334,3.470,3.661,3.890,4.055,4.201,4.390,4.524,4.660,4.837,4.965,5.202,5.440,5.600,5.774,5.909,6.071,6.220,6.373,6.539,6.690,6.855,7.025,7.161,7.297,7.450,7.608,7.775,7.936,8.082,
1,3,0.156,0.319,0.460,0.618,0.782,0.916,1.081,1.236,1.394,1.552,1.706,1.857,2.011,2.162,2.317,2.485,2.645,2.783,2.922,3.095,3.236,3.395,3.546,3.675,3.837,4.012,4.165,4.308,4.512,4.646,4.820,4.967,5.112,5.263,5.472,5.618,5.789,5.933,6.109,6.263,6.400,6.584,6.731,6.877,7.023,7.213,7.374,7.546,7.704,7.856,8.024,8.184,8.357,8.514,8.680,8.845,8.982,9.148,9.314,
1,4,0.150,0.282,0.440,0.590,0.734,0.900,1.037,1.202,1.353,1.498,1.668,1.829,1.987,2.142,2.289,2.457,2.616,2.778,2.914,3.055,3.268,3.385,3.499,3.667,3.810,3.961,4.112,4.275,4.428,4.591,4.749,4.922,5.082,5.269,5.402,5.566,5.701,5.845,5.986,6.141,6.289,6.455,6.618,6.770,6.932,7.084,7.238,7.410,7.562,7.721,7.887,8.000,8.187,8.339,8.485,8.637,8.789,8.948,9.102,9.271,9.404,9.555,9.717,9.888,10.038,10.183,10.347,10.522,10.612,10.852,11.022,11.123,11.272,11.416,11.572,11.875,12.081,12.272,12.426,12.579,12.843,12.958,13.060,13.220,13.465,13.603,13.722,13.900,14.055,14.221,14.390,
1,5,0.115,0.266,0.416,0.575,0.726,0.900,1.046,1.206,1.350,1.517,1.665,1.825,1.988,2.154,2.305,2.439,2.601,2.734,2.907,3.044,3.207,3.350,3.534,3.673,3.858,4.021,4.205,4.302,
1,6,0.214,0.353,0.500,0.666,0.827,0.972,1.149,1.293,1.423,1.599,1.743,1.903,2.050,2.221,2.400,2.538,2.687,2.857,3.020,3.165,3.311,3.465,3.612,3.767,3.925,4.056,4.197,4.371,4.527,4.695,4.833,4.969,5.141,5.323,5.480,5.646,5.819,5.971,6.155,6.305,6.468,6.644,6.798,6.966,7.122,7.268,7.437,7.590,7.769,7.922,8.082,8.269,
1,7,0.106,0.273,0.439,0.587,0.766,0.917,1.058,1.289,1.428,1.578,1.751,1.884,2.034,2.195,2.356,
1,8,0.063,0.223,0.365,0.527,0.682,0.828,0.980,1.147,1.309,1.464,1.623,1.797,1.994,2.144,2.308,2.468,2.615,2.765,2.921,3.076,3.264,3.421,3.581,3.761,3.919,4.094,4.276,4.441,4.584,4.762,4.915,5.065,5.220,5.375,5.512,5.649,5.832,6.002,6.175,6.323,6.466,6.589,6.786,6.903,7.071,7.232,7.396,7.544,7.674,7.859,8.023,8.183,8.333,8.483,8.647,8.798,8.941,9.096,9.243,9.397,9.564,9.711,9.860,10.021,10.160,10.326,10.464,10.606,10.768,10.927,11.088,11.232,11.371,11.518,11.668,11.841,11.991,
1,9,0.163,0.313,0.455,0.588,0.741,0.889,1.032,1.181,1.321,1.462,1.639,1.787,2.069,2.215,2.389,2.523,2.664,2.815,2.992,3.140,3.290,3.426,3.553,3.711,3.871,4.024,4.176,4.326,4.472,4.748,4.903,5.047,5.200,5.347,5.524,5.665,5.819,5.972,6.145,6.302,6.464,6.615,6.775,6.909,7.050,7.215,7.375,7.525,7.676,7.815,7.961,8.104,8.259,8.399,8.553,8.684,8.818,8.987,9.157,9.298,9.457,9.617,9.769,9.912,10.049,10.217,
1,10,0.105,0.267,0.435,0.581,0.735,0.868,1.002,1.144,1.304,1.485,1.656,1.777,1.949,2.092,2.261,
1,11,0.032,0.177,0.328,0.470,0.625,0.773,0.926,1.075,1.226,1.400,1.536,1.711,1.857,1.979,2.150,2.277,2.428,2.574,2.725,2.900,3.049,3.306,3.484,3.634,3.771,3.926,4.077,4.244,
1,12,0.161,0.307,0.456,0.619,0.745,0.889,1.039,1.174,1.329,1.530,1.620,1.773,1.937,2.077,2.234,2.375,2.662,2.825,2.976,3.127,3.274,3.420,3.585,3.717,3.920,4.041,4.173,4.351,4.478,4.619,4.799,4.952,5.124,5.284,5.440,5.603,5.775,5.926,6.101,6.275,6.409,6.577,6.742,6.899,7.059,7.223,7.376,7.532,7.679,7.827,7.986,8.231,8.377,8.526,8.672,8.840,8.992,9.164,9.345,9.494,9.643,9.811,9.985,10.165,10.323,10.485,10.644,10.804,10.936,11.110,11.244,11.398,11.572,11.730,11.874,12.045,12.211,
1,13,0.062,0.235,0.399,0.538,0.679,0.818,0.977,1.149,1.289,1.453,1.650,1.796,1.951,2.103,2.267,2.432,2.598,2.767,2.925,3.088,3.267,3.420,3.634,3.767,3.906,4.052,
1,14,0.085,0.243,0.405,0.555,0.703,0.864,1.030,1.186,1.358,1.519,1.671,1.820,1.982,2.174,2.359,2.534,2.713,2.859,3.041,3.201,3.355,3.502,3.648,3.833,3.998,4.150,4.299,4.469,4.651,4.802,4.989,5.149,5.309,5.465,5.634,5.812,5.976,6.151,6.288,
1,15,0.043,0.191,0.339,0.490,0.651,0.796,0.947,1.111,1.264,1.420,1.601,1.779,1.952,2.114,2.284,2.440,2.620,2.789,2.970,3.114,3.280,3.482,3.649,3.820,4.000,4.169,
1,16,0.161,0.326,0.462,0.609,0.763,0.926,1.076,1.238,1.397,1.545,1.715,1.853,2.028,2.194,2.358,2.538,2.723,2.864,3.024,3.189,3.359,3.529,3.682,3.845,3.997,4.152,4.297,4.469,4.655,4.782,5.015,5.168,5.324,5.496,5.678,6.016,6.266,6.669,7.016,7.193,7.318,7.454,
1,17,0.084,0.244,0.401,0.561,0.711,0.864,1.014,1.169,1.350,1.480,1.645,1.798,1.932,2.099,2.251,2.405,2.565,2.731,2.910,3.056,3.222,3.359,3.513,3.678,3.854,3.995,4.161,4.329,4.513,4.684,4.853,5.013,5.164,5.315,5.463,5.647,5.793,5.934,6.165,6.333,6.464,6.647,6.774,6.944,7.098,7.264,7.422,7.587,7.735,7.898,
1,18,0.184,0.318,0.466,0.593,0.766,0.900,1.031,1.189,1.332,1.622,1.794,1.937,2.083,2.242,2.376,2.524,2.663,2.817,2.948,3.091,3.229,3.401,3.518,3.688,3.851,4.176,4.359,4.518,4.768,4.961,5.103,5.224,5.414,5.624,5.769,5.890,6.025,6.138,
1,19,0.031,0.189,0.355,0.529,0.700,0.869,1.034,1.197,1.357,1.535,1.696,1.858,2.015,2.148,2.312,2.470,2.649,2.812,2.975,3.149,3.312,3.480,3.664,3.839,4.016,4.181,4.342,4.486,4.649,4.796,4.976,5.150,5.298,5.494,5.707,5.876,6.032,6.185,6.343,6.517,6.668,6.848,7.035,7.188,7.344,7.534,7.702,7.908,8.042,8.188,8.374,8.543,8.723,8.875,9.057,9.210,9.370,9.536,
1,20,0.149,0.292,0.424,0.560,0.722,0.854,0.994,1.114,1.266,1.526,1.667,1.813,1.946,2.054,2.221,2.363,2.517,2.648,2.799,2.935,3.083,3.236,3.400,3.524,3.658,3.797,4.084,4.249,4.386,4.551,4.718,4.875,5.025,5.166,5.315,5.477,5.627,5.768,5.924,6.065,6.221,6.359,6.522,6.675,6.800,6.977,7.148,7.293,7.446,7.578,7.724,7.876,8.086,8.209,8.363,8.519,8.672,8.816,8.950,9.118,9.270,9.393,9.547,9.687,9.850,10.020,10.163,10.311,10.474,10.627,10.783,10.948,11.094,11.250,11.396,11.546,11.696,11.852,12.028,12.174,12.320,12.462,12.626,12.771,
1,21,0.089,0.245,0.399,0.531,0.702,0.841,0.970,1.115,1.241,1.415,1.578,1.714,1.864,2.017,2.282,2.430,2.593,2.767,2.917,3.081,3.232,3.401,3.559,3.731,3.901,4.028,4.146,4.314,4.488,4.635,4.778,4.938,5.084,5.268,5.362,5.518,5.674,5.819,5.999,6.135,
1,22,0.034,0.190,0.328,0.481,0.651,0.792,0.954,1.119,1.287,1.468,1.626,1.792,1.936,2.107,2.283,
1,23,0.076,0.242,0.401,0.552,0.712,0.877,1.055,1.228,1.377,1.548,1.713,1.888,2.053,2.236,
1,24,0.032,0.193,0.359,0.516,0.659,0.824,0.978,1.159,1.320,1.482,1.653,1.815,1.971,2.318,2.497,2.655,2.825,3.000,3.182,3.343,3.517,3.690,3.861,4.047,4.198,4.349,4.530,4.698,4.859,5.033,5.156,5.331,5.481,5.644,5.812,5.991,6.152,6.303,
1,25,0.056,0.233,0.399,0.543,0.705,0.866,1.036,1.240,1.399,1.555,1.711,1.899,2.048,2.194,2.349,2.534,2.681,2.831,2.996,3.157,3.299,3.449,3.605,3.767,3.935,4.092,4.235,4.403,4.569,4.689,4.866,5.034,5.239,5.373,5.524,6.018,6.341,6.490,6.649,6.793,6.934,7.099,7.269,7.525,7.669,7.801,7.933,8.075,8.252,8.322,8.495,
1,26,0.082,0.274,0.390,0.556,0.721,0.865,1.024,1.163,1.328,1.475,1.641,1.789,1.940,2.074,2.275,
1,27,0.157,0.315,0.464,0.583,0.767,0.900,1.049,1.215,1.360,1.544,1.693,1.826,2.028,2.151,2.311,2.480,2.619,2.768,2.919,3.110,3.250,3.402,3.592,3.735,3.914,4.065,4.238,4.393,4.558,4.714,4.857,5.019,5.182,5.332,5.519,5.655,5.804,5.949,6.096,6.270,6.425,6.601,6.737,6.863,6.987,7.140,
1,28,0.101,0.264,0.437,0.578,0.724,0.897,1.017,1.174,1.328,1.481,1.631,1.785,1.925,2.078,2.237,2.401,2.547,2.721,2.851,2.999,3.165,3.319,3.479,3.632,3.775,3.921,4.074,4.247,4.413,4.565,4.710,4.855,5.025,5.174,5.325,5.494,5.649,5.801,5.953,6.097,6.249,6.600,6.740,6.900,7.051,7.202,7.348,
1,29,0.123,0.278,0.432,0.587,0.742,0.890,1.029,1.192,1.331,1.485,1.636,1.798,1.947,2.113,2.269,2.470,2.578,2.698,2.886,3.037,3.194,3.350,3.503,3.668,3.787,3.952,4.270,4.425,4.587,4.749,4.860,4.988,5.099,5.251,5.416,5.550,5.724,5.861,6.002,6.174,
1,30,0.121,0.232,0.414,0.558,0.699,0.847,0.931,1.077,1.398,1.576,1.711,1.851,1.987,2.148,2.272,2.415,2.525,2.658,2.802,2.984,3.148,3.275,3.415,3.530,3.659,3.778,3.997,4.149,4.272,4.416,4.540,4.691,4.832,4.983,5.125,5.279,5.417,5.546,5.733,5.873,6.023,6.165,6.350,6.454,6.620,6.767,6.922,7.068,7.232,7.391,7.537,7.702,7.901,
1,31,0.150,0.279,0.425,0.586,0.732,0.900,1.032,1.173,1.318,1.470,1.626,1.768,1.928,2.079,2.225,2.367,2.521,2.659,2.824,2.987,3.135,3.285,3.466,3.635,3.768,3.951,4.135,4.269,4.427,4.583,4.729,4.875,5.036,5.238,5.415,5.556,5.711,5.813,5.959,6.095,6.230,6.351,6.540,
1,32,0.147,0.264,0.397,0.526,0.664,0.808,0.949,1.077,1.214,1.398,1.527,1.658,1.838,1.977,2.118,2.265,2.408,2.561,2.719,2.898,3.037,3.175,3.308,3.596,3.750,3.899,4.051,4.198,4.354,4.516,4.661,4.795,4.966,5.100,5.243,5.399,5.528,5.696,5.859,5.989,6.150,6.296,6.471,6.618,6.777,6.913,7.047,7.221,7.400,7.561,7.729,7.901,8.029,8.242,8.428,8.768,8.897,9.042,9.169,9.312,9.451,9.572,9.837,
1,33,0.078,0.242,0.402,0.553,0.709,0.842,0.986,1.146,1.281,1.423,1.568,1.732,1.896,2.045,2.201,2.362,2.513,2.653,2.805,2.944,3.104,3.243,3.397,3.530,3.686,3.828,3.978,4.147,4.303,4.442,4.588,4.744,4.912,5.039,5.224,5.353,5.472,5.631,5.792,5.933,6.076,6.249,6.367,6.530,6.678,6.827,6.979,7.149,7.290,7.429,7.572,7.701,7.838,7.999,8.149,
1,34,0.072,0.216,0.359,0.517,0.657,0.806,0.970,1.115,1.267,1.420,1.569,1.717,1.901,2.032,2.203,2.336,2.485,2.690,2.819,3.018,3.166,3.325,3.493,3.671,3.768,3.968,4.135,4.268,
1,35,0.152,0.303,0.460,0.610,0.742,0.899,1.053,1.186,1.323,1.480,1.623,1.776,1.933,2.070,2.216,2.400,2.528,2.670,2.838,2.976,3.134,3.279,3.413,3.549,3.690,3.834,4.017,4.151,4.353,4.518,4.659,4.807,5.116,5.268,5.407,5.563,5.720,5.885,6.080,6.220,6.360,6.519,6.662,6.838,6.986,7.152,7.306,7.463,7.614,7.769,7.910,8.083,8.177,8.314,8.455,8.614,8.770,8.931,9.068,9.243,9.377,9.537,9.673,
1,36,0.150,0.300,0.397,0.459,0.647,0.934,1.078,1.219,1.359,1.497,1.647,1.781,1.942,2.094,2.268,2.437,2.546,2.746,2.867,3.015,3.173,3.303,3.474,3.603,3.739,3.899,4.062,4.227,4.552,4.679,4.860,5.055,5.201,5.331,5.587,5.805,5.965,6.247,6.400,6.580,6.767,6.900,7.027,7.177,7.338,7.471,7.634,7.767,7.913,8.035,8.188,8.339,8.491,8.651,8.744,8.921,9.090,9.227,9.375,9.525,9.678,9.837,9.991,10.117,
1,37,0.032,0.149,0.356,0.523,0.669,0.800,0.946,1.098,1.246,1.400,1.539,1.686,1.841,1.977,2.300,2.427,2.583,2.752,2.913,3.052,3.232,3.348,3.485,3.727,3.887,4.018,4.151,4.296,4.446,4.584,4.718,4.872,5.018,5.140,5.275,5.409,5.555,5.696,5.837,5.959,6.087,6.208,6.327,6.598,6.746,6.868,7.002,7.136,7.269,7.372,7.519,7.636,7.776,7.935,8.057,8.184,
1,38,0.058,0.209,0.344,0.464,0.599,0.739,0.884,1.002,1.146,1.274,1.718,1.841,1.965,2.080,2.297,2.407,2.718,2.842,2.975,3.110,3.246,3.422,3.560,3.686,3.976,4.160,4.246,4.413,
1,39,0.126,0.271,0.412,0.545,0.682,0.835,0.975,1.145,1.271,1.398,1.548,1.698,1.833,1.976,2.100,2.272,2.408,2.551,2.708,2.853,3.142,3.323,3.453,3.577,3.741,3.912,4.062,4.198,
1,40,0.113,0.273,0.412,0.550,0.670,0.821,0.939,1.076,1.239,1.375,1.534,1.683,1.836,1.967,2.141,2.274,
1,41,0.043,0.201,0.337,0.516,0.618,0.773,0.917,1.068,1.230,1.400,1.549,1.692,1.823,1.948,2.093,2.243,2.517,2.680,2.826,2.998,3.161,3.314,3.462,3.651,3.807,3.955,4.121,4.305,4.450,4.611,4.791,4.958,5.122,
1,42,0.080,0.236,0.395,0.541,0.675,0.796,0.923,1.112,1.246,1.371,1.502,1.646,1.766,1.896,2.013,2.146,2.269,2.396,2.517,2.647,2.752,2.897,2.997,3.147,3.264,3.443,3.554,3.662,3.820,4.072,4.214,4.355,
1,43,0.034,0.173,0.287,0.482,0.875,1.037,1.151,1.239,1.368,1.499,1.642,1.775,1.909,2.045,2.203,2.345,2.492,2.749,2.907,3.044,3.189,3.347,3.509,3.660,3.826,3.962,4.126,4.287,4.430,4.597,4.730,4.900,5.032,5.183,5.338,5.494,5.790,5.948,6.097,6.287,
1,44,0.071,0.238,0.375,0.523,0.627,0.785,0.928,1.077,1.217,1.344,1.479,1.662,1.798,1.939,2.088,
1,45,0.034,0.174,0.311,0.459,0.593,0.729,0.884,0.984,1.154,1.295,1.450,1.608,1.896,2.040,2.171,2.346,2.478,2.635,2.788,2.924,3.050,3.191,3.361,3.519,3.655,3.811,3.963,4.112,4.269,4.403,4.563,4.705,4.864,4.981,5.124,5.282,5.439,5.620,5.782,5.919,6.042,
1,46,0.060,0.202,0.340,0.486,0.645,0.786,0.942,1.075,1.219,1.370,1.512,1.668,1.828,1.960,2.118,2.285,2.475,2.620,2.790,2.933,3.083,3.240,3.409,3.564,3.716,3.897,4.001,4.164,4.305,4.476,4.617,4.764,4.919,5.070,5.224,5.398,5.500,5.654,5.774,5.924,6.067,6.195,6.321,6.437,6.581,
1,47,0.156,0.302,0.443,0.591,0.730,0.891,1.028,1.189,1.327,1.483,1.635,1.769,1.912,2.085,2.221,2.376,2.687,2.861,2.996,3.165,3.328,3.473,3.642,3.806,3.951,4.270,4.386,4.562,4.741,4.911,5.079,5.220,5.367,5.520,5.681,5.853,6.021,6.167,
1,48,0.119,0.291,0.426,0.595,0.747,0.892,1.045,1.213,1.370,1.522,1.694,1.855,2.022,2.177,2.339,2.502,2.659,2.812,2.965,3.139,3.295,3.451,3.588,3.773,3.941,4.097,4.339,4.496,4.773,4.937,5.107,5.274,5.417,5.544,5.692,5.838,5.998,6.147,6.309,6.474,6.641,6.799,6.927,7.044,7.193,7.337,7.495,7.641,7.916,8.087,8.239,
1,49,0.036,0.248,0.400,0.560,0.705,0.860,1.023,1.169,1.343,1.485,1.640,1.790,1.935,2.094,2.271,
1,50,0.197,0.331,0.488,0.651,0.782,0.951,1.106,1.267,1.404,1.576,1.732,1.869,2.021,2.149,2.322,2.488,2.651,2.780,2.929,3.097,3.268,3.397,3.553,3.706,3.863,4.043,4.175,4.333,4.492,4.652,4.776,4.914,5.068,5.249,5.389,5.566,5.707,5.866,6.038,6.198,
1,51,0.237,0.394,0.542,0.688,0.820,0.946,1.068,1.203,1.330,1.638,1.854,2.022,2.138,2.284,2.418,2.522,2.658,2.799,2.933,3.062,3.389,3.526,3.664,3.830,3.969,4.152,4.307,4.417,4.849,5.023,5.169,5.320,5.487,5.650,5.780,5.937,6.163,6.324,6.495,6.647,6.991,7.148,7.290,7.426,7.564,7.697,7.823,7.923,
1,52,0.068,0.214,0.366,0.517,0.651,0.799,0.933,1.068,1.232,1.368,1.532,1.669,1.800,1.968,2.079,2.231,2.400,2.545,2.674,2.818,2.946,3.073,3.208,3.360,3.519,3.635,3.769,3.947,4.109,4.269,4.389,4.566,4.713,4.872,5.037,5.187,5.331,5.476,5.621,5.770,5.910,6.067,6.221,6.347,6.499,6.653,6.797,6.955,7.086,7.271,7.413,
1,53,0.141,0.274,0.418,0.566,0.704,0.833,0.974,1.110,1.248,1.392,1.525,1.669,1.810,1.979,2.103,2.275,2.392,2.532,2.657,2.810,2.971,3.127,3.291,3.434,3.563,3.719,3.875,4.051,4.207,4.393,4.534,4.695,4.863,5.012,5.175,5.292,5.479,5.617,
1,54,0.171,0.347,0.525,0.681,0.853,0.971,1.142,1.317,1.473,1.655,1.841,1.993,2.152,2.306,2.486,2.643,2.925,3.088,3.249,3.393,3.583,3.762,3.957,4.246,4.404,4.551,4.702,4.894,5.014,5.186,5.328,5.447,5.550,5.729,
1,55,0.048,0.212,0.374,0.502,0.670,0.787,0.943,1.081,1.265,1.424,1.552,1.871,2.016,2.149,2.272,2.415,2.596,2.766,2.902,3.050,3.197,3.349,3.494,3.650,3.825,3.942,4.078,4.230,4.400,4.553,4.672,4.837,4.998,5.172,5.350,5.517,5.690,5.812,5.977,6.156,
1,56,0.028,0.170,0.327,0.478,0.600,0.750,0.895,1.014,1.167,1.323,1.473,1.605,1.771,1.908,2.065,2.214,2.331,2.517,2.693,2.833,2.970,3.146,3.322,3.448,3.646,3.781,3.925,4.067,4.215,4.362,4.525,4.678,4.836,5.000,5.147,5.320,5.478,5.650,5.792,5.929,6.024,6.196,6.363,6.501,6.648,6.797,6.915,7.032,7.151,7.268,
1,57,0.153,0.336,0.470,0.621,0.785,0.946,1.097,1.282,1.436,1.613,1.790,1.941,2.115,2.243,2.401,2.561,2.697,2.854,3.029,3.195,3.364,3.515,3.668,3.824,3.979,4.117,4.314,4.408,4.557,4.745,4.902,5.077,5.223,5.399,5.566,5.732,5.868,6.016,6.177,
1,58,0.151,0.295,0.453,0.602,0.736,0.901,1.058,1.207,1.366,1.528,1.680,1.854,2.022,2.178,2.360,2.537,2.695,2.841,3.022,3.177,3.333,3.478,3.772,3.914,4.066,4.215,4.355,4.547,4.717,4.890,5.056,5.186,5.329,5.463,5.679,5.777,
1,59,0.155,0.311,0.467,0.613,0.751,0.923,1.059,1.396,1.536,1.693,1.844,1.989,2.147,2.310,2.460,2.647,2.780,2.915,3.068,3.218,3.373,3.514,3.677,3.829,3.979,4.154,4.375,4.536,4.709,4.874,5.015,5.160,5.346,5.488,5.648,5.957,6.112,6.265,6.399,6.546,6.718,
1,60,0.077,0.264,0.376,0.536,0.682,0.848,0.981,1.102,1.238,1.410,1.555,1.717,1.898,2.032,2.236,2.398,2.522,2.819,3.015,3.149,3.315,3.593,3.766,3.903,4.053,4.200,
1,61,0.069,0.166,0.326,0.482,0.627,0.765,0.931,1.079,1.225,1.376,1.533,1.660,1.849,1.967,2.149,2.286,
1,62,0.094,0.264,0.421,0.565,0.729,0.876,1.024,1.202,1.335,1.499,1.658,1.816,1.967,2.100,2.272,2.365,2.576,2.727,2.855,3.047,3.185,3.365,3.515,3.661,3.786,3.972,4.159,4.313,4.464,4.579,4.766,4.909,5.075,5.235,5.366,5.531,5.662,5.830,5.946,6.095,
1,63,0.104,0.296,0.429,0.565,0.744,0.898,1.046,1.196,1.338,1.522,1.658,1.815,1.955,2.107,2.272,2.421,2.558,2.691,2.848,3.002,3.161,3.331,3.467,3.639,3.793,3.938,4.106,4.273,4.404,4.841,
1,64,0.061,0.217,0.353,0.518,0.950,1.149,1.287,1.432,1.582,1.734,1.899,2.084,2.322,2.469,2.649,2.773,2.869,2.974,3.073,3.276,3.416,3.575,3.796,3.946,4.036,4.194,4.338,4.657,4.792,4.900,5.158,5.321,5.458,5.594,
1,65,0.140,0.290,0.450,0.609,0.771,0.921,1.089,1.246,1.406,1.563,1.750,1.913,2.073,2.231,2.409,2.563,2.715,2.900,3.054,3.188,3.367,3.542,3.708,3.876,4.042,4.208,4.399,4.564,4.738,4.889,5.055,5.220,5.367,5.523,5.684,
1,66,0.095,0.272,0.417,0.581,0.749,0.921,1.098,1.276,1.439,1.584,1.690,1.904,2.087,2.273,2.440,2.606,2.793,2.956,3.118,3.280,3.452,3.625,3.811,3.974,4.160,4.333,4.524,4.668,4.840,5.024,5.190,5.362,5.539,5.729,5.891,6.047,6.198,6.341,
1,67,0.089,0.246,0.400,0.559,0.695,0.831,0.979,1.121,1.267,1.401,1.541,1.678,1.829,1.967,2.099,2.242,2.374,2.528,2.693,2.800,2.934,3.094,3.221,3.352,3.501,3.645,3.783,3.946,4.096,4.238,4.385,4.522,4.636,
1,68,0.108,0.266,0.403,0.536,0.682,0.825,0.978,1.238,1.400,1.531,1.687,1.825,1.971,2.119,2.267,2.422,2.555,2.724,2.884,3.021,3.168,3.314,3.468,3.644,3.752,3.970,4.116,4.283,4.406,4.522,4.671,4.837,4.979,
1,69,0.040,0.212,0.357,0.500,0.663,0.830,0.994,1.154,1.312,1.465,1.638,1.791,1.942,2.099,2.252,2.416,2.556,2.710,2.873,3.051,3.230,3.405,3.556,3.701,3.871,4.039,4.166,
1,70,0.113,0.273,0.445,0.606,0.773,0.927,1.109,1.298,1.445,1.607,1.777,1.946,2.121,2.311,2.481,2.673,2.845,3.028,3.173,3.435,3.588,3.709,3.848,4.002,4.141,4.275,4.414,4.547,4.693,4.841,4.988,5.124,5.275,5.399,5.543,5.691,5.828,5.973,6.119,6.241,
1,71,0.056,0.215,0.371,0.518,0.651,0.782,0.940,1.099,1.245,1.408,1.553,1.686,1.868,2.028,2.206,2.339,2.518,2.657,2.820,2.969,3.118,3.269,3.410,3.564,3.702,3.886,4.019,4.143,
1,72,0.146,0.271,0.416,0.573,0.746,0.905,1.063,1.205,1.370,1.537,1.692,1.843,1.997,2.168,2.345,2.513,2.650,2.826,2.993,3.178,3.351,3.495,3.664,3.867,4.011,4.186,4.354,4.519,4.681,4.829,4.984,5.171,5.337,5.493,5.660,5.807,
1,73,0.136,0.280,0.445,0.596,0.770,0.928,1.093,1.245,1.562,1.729,1.855,2.050,2.198,2.351,2.531,2.675,2.847,3.021,3.165,3.323,3.491,
1,74,0.028,0.196,0.349,0.526,0.684,0.840,0.993,1.145,1.303,1.462,1.607,1.779,1.939,2.098,2.262,2.418,2.575,2.776,2.947,3.127,3.283,3.454,3.646,3.832,4.013,4.195,4.361,4.517,4.696,4.876,5.034,5.194,5.370,5.532,5.716,5.898,6.056,6.197,
1,75,0.121,0.292,0.447,0.611,0.771,0.928,1.108,1.267,1.411,1.591,1.728,1.909,2.079,2.242,2.389,2.562,2.725,2.862,3.049,3.212,3.319,3.531,3.671,3.966,4.191,4.360,4.519,4.804,5.019,5.120,5.296,5.449,5.619,5.801,5.955,6.118,6.297,
1,76,0.139,0.289,0.455,0.596,0.772,0.923,1.092,1.276,1.442,1.591,1.773,1.905,2.081,2.273,2.414,2.733,2.897,3.089,3.246,3.394,3.560,3.749,3.897,4.085,4.251,4.391,
1,77,0.195,0.344,0.485,0.649,0.820,0.970,1.149,1.278,1.473,1.649,1.793,1.941,2.117,2.354,2.570,2.751,2.910,3.078,3.237,3.400,3.561,3.732,3.901,4.021,4.207,4.371,
1,78,0.260,0.423,0.581,0.760,0.897,1.069,1.222,1.359,1.520,1.686,1.846,2.021,2.203,2.344,2.514,2.627,2.817,2.990,3.145,3.419,3.604,3.761,3.902,4.209,4.395,4.529,4.676,4.813,5.015,5.175,5.315,5.452,5.617,5.777,5.908,6.054,6.217,6.396,6.541,6.722,6.855,7.000,7.184,7.360,7.486,7.659,7.813,8.014,8.162,8.320,
1,79,0.037,0.199,0.374,0.520,0.687,0.835,0.982,1.186,1.312,1.455,1.614,1.785,1.938,2.116,2.285,2.458,2.617,2.802,2.985,3.145,3.300,3.456,3.622,3.783,3.971,4.127,4.265,4.405,4.587,4.762,4.942,5.085,5.234,5.406,5.583,5.724,5.908,6.066,6.237,6.396,6.572,6.722,6.897,7.042,7.193,7.350,7.498,7.669,7.825,7.984,8.147,8.313,
1,80,0.106,0.266,0.429,0.560,0.722,0.899,1.036,1.191,1.368,1.516,1.669,1.816,1.991,2.150,2.328,2.481,2.650,2.817,2.974,3.150,3.309,
1,81,0.033,0.199,0.373,0.517,0.660,0.784,0.957,1.123,1.274,1.416,1.581,1.717,1.901,2.037,2.190,2.350,2.673,2.836,2.986,3.139,3.301,3.436,3.582,3.738,3.897,4.048,4.191,4.336,4.483,4.638,4.805,4.932,5.090,5.269,5.558,5.728,5.900,6.054,
1,82,0.065,0.228,0.398,0.540,0.673,0.802,0.965,1.110,1.266,1.423,1.589,1.735,1.899,2.047,2.186,2.343,2.490,2.656,2.781,2.961,3.121,3.286,3.442,3.607,3.774,3.934,4.108,4.267,4.428,4.581,4.767,4.901,5.034,5.171,5.445,5.586,5.724,5.871,6.024,6.196,6.351,6.521,6.657,6.768,6.908,7.064,7.210,7.349,7.582,7.710,7.864,8.035,8.221,8.385,8.526,8.653,8.816,9.177,9.371,9.541,9.676,9.850,10.001,10.214,
1,83,0.248,0.396,0.533,0.704,0.845,1.023,1.177,1.354,1.644,1.825,2.207,
1,84,0.046,0.191,0.329,0.455,0.586,0.766,0.914,1.048,1.193,1.341,1.493,1.649,1.766,1.899,2.026,2.162,2.320,2.485,2.601,2.752,2.900,3.044,3.177,3.330,3.464,3.608,3.773,3.901,4.041,4.180,4.307,4.457,4.646,4.809,5.039,5.218,5.355,5.496,5.666,5.809,5.951,6.104,6.240,6.354,6.545,6.694,6.832,7.140,7.293,7.424,7.682,7.831,7.974,8.157,
1,85,0.032,0.182,0.315,0.465,0.642,0.774,0.899,1.044,1.184,1.335,1.509,1.653,1.808,1.962,2.119,2.260,2.420,2.526,2.692,2.836,3.010,3.282,3.450,3.591,3.748,3.897,4.059,4.200,4.330,4.511,4.671,4.834,4.977,5.157,5.317,5.454,5.594,5.761,5.895,6.071,6.234,6.405,6.575,6.742,6.895,7.032,7.191,7.328,7.548,7.721,7.855,7.946,8.310,8.462,8.618,8.786,8.960,9.119,9.263,9.420,9.571,9.717,9.897,10.050,10.177,10.315,10.485,10.662,10.808,10.966,11.147,11.246,11.407,11.580,11.730,11.876,12.021,12.173,
1,86,0.193,0.342,0.482,0.626,0.788,0.868,0.995,1.153,1.319,1.461,1.600,1.774,1.890,2.024,2.155,2.301,2.427,2.551,2.699,2.845,3.024,3.156,3.289,3.431,3.571,3.712,3.864,3.995,4.127,4.275,4.358,4.574,4.720,5.025,5.142,5.275,5.402,5.564,5.773,5.915,6.152,6.397,6.575,6.722,6.844,6.992,7.178,7.321,7.476,7.622,7.802,7.935,8.234,8.515,8.644,8.780,8.953,9.042,9.144,9.360,9.537,9.706,9.856,9.998,10.144,10.273,10.424,10.563,10.701,10.852,11.011,11.170,11.330,11.478,11.665,11.809,11.953,12.099,12.245,
1,87,0.149,0.288,0.399,0.515,0.649,0.769,0.921,1.032,1.149,1.281,1.399,1.493,1.669,1.769,1.918,2.117,2.247,2.359,2.530,2.667,2.843,2.991,3.118,3.270,3.396,3.650,3.797,3.950,4.037,4.187,4.280,4.455,4.583,4.732,4.901,5.041,5.181,5.344,5.525,5.686,5.854,6.041,6.235,6.404,6.601,6.735,6.920,7.102,7.288,7.446,7.626,7.799,7.957,8.115,8.240,8.386,8.544,8.701,8.868,9.048,9.238,9.655,9.839,10.046,10.180,10.297,10.602,10.785,10.942,11.049,11.185,11.353,11.521,11.698,11.839,12.038,12.202,12.454,12.592,12.737,12.888,13.038,13.186,13.335,13.472,13.611,13.772,13.895,14.039,14.186,14.328,14.472,14.610,14.772,14.905,15.039,15.175,15.329,15.465,15.619,15.751,16.096,16.242,
1,88,0.102,0.248,0.396,0.528,0.673,0.817,1.069,1.208,1.359,1.526,1.647,1.803,1.952,2.090,2.246,2.397,2.529,2.686,2.824,2.977,3.121,3.264,3.398,3.555,3.721,4.024,4.195,4.348,4.472,4.655,4.806,4.975,5.104,5.250,5.402,5.562,5.730,5.899,6.040,6.202,6.372,6.543,6.696,6.865,7.028,7.191,7.322,7.468,7.615,7.770,7.919,8.072,8.267,
1,89,0.177,0.339,0.485,0.650,0.789,0.944,1.117,1.215,1.400,1.546,1.694,1.850,2.017,2.165,2.292,2.477,2.611,2.797,2.948,3.098,3.271,3.450,3.599,3.747,3.899,4.057,4.213,4.371,4.525,4.681,4.869,5.018,5.162,5.337,5.467,5.656,5.803,5.962,6.119,6.269,6.421,6.553,6.726,6.923,7.071,7.228,7.403,7.564,7.749,7.901,8.074,8.217,
1,90,0.036,0.180,0.329,0.495,0.653,0.823,0.981,1.146,1.307,1.466,1.636,1.787,1.959,2.106,2.270,2.431,2.594,2.770,2.924,3.067,3.222,3.394,3.535,3.674,3.847,4.001,4.185,4.348,4.501,4.648,4.963,5.142,5.322,5.485,5.648,5.813,5.970,6.149,6.300,6.474,6.619,6.779,7.125,7.301,7.481,7.646,7.819,7.995,8.149,8.321,8.467,8.617,8.780,8.962,9.152,9.475,9.640,9.786,9.913,10.274,10.377,10.524,10.701,10.841,11.002,11.148,11.455,11.606,11.740,11.857,12.025,12.193,12.470,12.642,12.787,12.963,13.329,13.493,13.621,13.795,13.944,14.090,14.276,14.643,14.847,15.031,15.150,15.515,15.647,15.846,16.015,16.119,
1,91,0.039,0.334,0.497,0.652,0.816,0.971,1.140,1.276,1.422,1.541,1.723,1.894,2.030,2.204,2.359,2.524,2.647,2.789,2.949,3.097,3.244,3.430,3.596,3.774,3.938,4.106,4.278,4.453,
1,92,0.155,0.521,0.680,0.818,0.973,1.123,1.335,1.499,1.789,1.953,2.107,2.225,2.389,2.526,2.656,2.823,2.979,3.086,3.242,3.412,3.703,3.874,4.023,4.143,4.298,4.446,4.584,4.733,4.890,5.036,5.189,5.334,5.497,5.658,5.801,5.952,6.085,6.274,6.429,
1,93,0.159,0.309,0.450,0.592,0.728,0.872,1.011,1.144,1.285,1.407,1.582,1.733,1.895,2.025,2.191,2.322,2.440,2.762,2.910,3.052,3.175,3.355,3.497,3.670,3.834,3.962,4.146,4.262,4.396,4.557,4.742,4.874,5.031,5.168,5.334,5.472,5.602,5.763,5.914,6.049,6.218,6.397,6.558,6.710,6.845,7.014,7.162,7.280,7.449,7.573,7.750,7.897,8.034,8.206,8.398,8.534,8.716,8.862,9.015,9.180,9.331,9.487,9.658,9.812,9.958,10.123,10.269,10.415,10.571,10.707,11.038,11.218,11.368,11.675,11.832,11.979,12.149,12.313,12.476,12.650,12.806,13.021,13.150,13.311,13.454,13.606,13.767,13.916,14.088,14.250,
1,94,0.032,0.183,0.329,0.477,0.649,0.775,0.911,1.079,1.212,1.374,1.516,1.659,1.807,1.980,2.156,2.308,
1,95,0.124,0.274,0.426,0.566,0.700,0.841,0.990,1.148,1.310,1.441,1.586,1.742,1.909,2.057,2.214,2.373,2.553,2.746,2.892,3.025,3.189,3.375,3.467,3.580,3.800,3.986,4.451,4.591,4.734,4.909,5.143,5.403,5.650,5.797,5.925,6.066,6.209,6.374,6.540,6.688,6.811,6.943,7.144,7.275,7.414,7.571,7.720,7.861,8.000,8.164,8.317,8.451,8.713,8.929,9.218,9.368,9.518,9.649,9.795,9.945,10.102,10.206,10.297,10.479,10.627,10.806,11.013,11.229,11.411,11.513,11.718,11.921,12.069,12.217,12.427,12.615,12.956,13.079,
1,96,0.051,0.244,0.400,0.559,0.707,0.873,1.037,1.185,1.493,1.661,1.819,1.973,2.151,2.297,2.446,2.601,2.741,2.899,3.053,3.198,3.347,3.518,3.652,3.932,4.112,4.269,4.431,4.583,4.769,4.905,5.095,5.269,5.422,5.549,5.733,5.910,6.088,6.240,6.432,6.554,6.692,7.020,7.175,7.341,7.637,7.974,
1,97,0.044,0.192,0.367,0.513,0.680,0.810,0.967,1.118,1.281,1.437,1.580,1.744,1.897,2.039,2.211,2.377,2.523,2.678,2.843,3.000,3.158,3.312,3.467,3.648,3.798,3.944,4.097,4.252,4.442,4.608,4.782,4.958,5.149,5.516,5.674,6.016,6.149,6.354,6.516,6.735,6.906,7.041,7.266,7.447,7.801,7.952,8.114,8.267,8.418,8.568,8.731,8.920,9.086,9.267,9.401,9.517,9.649,9.792,9.926,10.246,10.399,
1,98,0.080,0.241,0.385,0.556,0.680,0.820,1.101,1.272,1.415,1.551,1.698,1.852,2.164,2.350,2.496,2.643,2.804,2.954,3.113,3.276,3.422,3.717,3.903,4.070,4.230,4.387,4.545,4.697,4.874,5.020,5.163,5.322,5.486,5.676,5.847,6.021,6.188,6.313,6.438,6.605,6.784,6.900,7.086,7.271,7.400,7.577,7.736,7.888,8.072,8.198,8.358,8.532,8.688,8.853,9.000,9.304,
