1,1,1.001,36,5.672,5.680,6.343,7.344,5,5
1,2,9.046,6,0.759,0.786,1.772,10.818,5,10
1,3,12.519,173,32.000,32.014,32.775,45.294,5,15
1,4,46.995,92,18.128,18.163,18.851,65.847,5,20
1,5,67.547,155,32.000,32.011,32.763,100.310,5,25
1,6,102.012,29,5.672,5.683,5.924,107.936,5,30
1,7,109.638,9,1.604,1.626,2.275,111.913,5,35
1,8,113.613,55,10.201,10.223,10.775,124.388,5,40
1,9,126.090,55,10.201,10.220,10.990,137.080,5,45
1,10,138.781,11,1.604,1.613,2.547,141.328,5,50
1,11,143.030,29,5.672,5.685,6.219,149.249,5,55
1,12,150.951,91,18.128,18.157,18.642,169.593,5,60
1,13,171.295,91,18.128,18.156,18.901,190.196,5,65
1,14,191.897,3,0.276,0.288,1.023,192.921,5,70
1,15,194.622,95,18.128,18.157,18.892,213.514,5,75
1,16,215.215,5,0.759,0.782,1.401,216.616,5,80
1,17,218.317,11,1.604,1.616,2.443,220.759,5,85
1,18,222.460,6,0.759,0.774,1.459,223.919,5,90
1,19,225.620,16,3.083,3.100,3.747,229.367,5,95
1,20,231.069,49,10.201,10.224,10.892,241.961,5,100
1,21,243.662,89,18.128,18.156,18.858,262.521,5,105
1,22,264.222,53,10.201,10.219,10.861,275.083,5,110
1,23,276.784,162,32.000,32.024,32.818,309.602,5,115
1,24,311.304,141,32.000,NaN,29.929,341.232,0,115
1,25,343.233,2,0.276,0.291,1.026,344.259,5,120
1,26,345.960,10,1.604,1.616,2.408,348.369,5,125
1,27,350.070,0,0.276,0.291,0.502,350.572,5,130
1,28,352.274,17,3.083,3.106,3.651,355.925,5,135
1,29,357.626,94,18.128,18.163,18.861,376.487,5,140
1,30,378.188,10,1.604,1.620,2.296,380.484,5,145
1,31,382.186,72,32.000,NaN,15.410,397.597,0,145
1,32,399.598,18,3.083,3.104,3.851,403.449,5,150
1,33,405.151,9,1.604,1.620,2.179,407.330,5,155
1,34,409.031,96,18.128,18.149,20.519,429.550,5,160
1,35,431.251,27,5.672,5.684,6.269,437.520,5,165
1,36,439.220,16,3.083,3.100,3.694,442.915,5,170
1,37,444.616,28,5.672,5.692,6.510,451.126,5,175
1,38,452.828,48,10.201,10.219,10.778,463.606,5,180
1,39,465.306,27,5.672,5.695,6.272,471.578,5,185
1,40,473.280,28,5.672,5.691,6.591,479.871,5,190
1,41,481.572,2,0.276,0.301,0.870,482.442,5,195
1,42,484.144,4,0.759,0.780,1.343,485.488,5,200
1,43,487.189,27,5.672,5.689,6.341,493.530,5,205
1,44,495.231,145,32.000,32.013,32.703,527.934,5,210
1,45,529.635,5,0.759,0.777,1.460,531.095,5,215
1,46,532.796,4,0.759,0.785,1.343,534.139,5,220
1,47,535.841,17,18.128,NaN,4.050,539.890,0,220
1,48,541.892,16,3.083,3.094,3.870,545.762,5,225
1,49,547.463,4,0.759,0.775,1.355,548.818,5,230
1,50,550.520,47,10.201,10.223,10.831,561.352,5,235
1,51,563.054,15,3.083,3.092,3.776,566.829,5,240
1,52,568.530,15,3.083,3.102,3.614,572.144,5,245
1,53,573.846,3,0.276,0.287,1.022,574.868,5,250
1,54,576.569,146,32.000,32.014,32.765,609.335,5,255
1,55,611.037,51,10.201,10.219,10.868,621.905,5,260
1,56,623.606,6,0.759,0.784,1.657,625.263,5,265
1,57,626.965,4,0.276,0.293,1.145,628.110,5,270
1,58,629.812,3,0.276,0.298,1.061,630.873,5,275
1,59,632.574,50,10.201,10.225,10.841,643.415,5,280
1,60,645.116,3,0.276,0.284,0.961,646.077,5,285
1,61,647.778,28,5.672,5.693,6.252,654.029,5,290
1,62,655.731,5,0.759,0.774,1.526,657.257,5,295
1,63,658.958,83,18.128,18.157,18.776,677.734,5,300
1,64,679.435,18,3.083,3.100,4.461,683.896,5,305
1,65,685.597,60,32.000,NaN,13.897,699.494,0,305
1,66,701.496,8,1.604,1.615,2.151,703.647,5,310
1,67,705.347,9,1.604,1.616,2.234,707.581,5,315
1,68,709.283,16,3.083,3.099,3.836,713.119,5,320
1,69,714.820,15,3.083,3.098,3.674,718.494,5,325
1,70,720.196,3,0.276,0.290,1.142,721.338,5,330
1,71,723.039,2,0.276,0.298,0.813,723.852,5,335
1,72,725.555,85,18.128,18.159,19.002,744.557,5,340
1,73,746.257,3,0.276,0.291,1.046,747.304,5,345
1,74,749.018,16,3.083,3.100,3.718,752.736,5,350
1,75,754.437,83,18.128,18.157,18.861,773.298,5,355
1,76,775.000,5,0.759,0.779,1.432,776.432,5,360
1,77,778.133,138,32.000,32.012,32.647,810.780,5,365
1,78,812.482,45,10.201,10.219,11.038,823.520,5,370
1,79,825.222,79,18.128,18.156,18.774,843.996,5,375
1,80,845.697,8,1.604,1.616,2.236,847.933,5,380
1,81,849.635,15,3.083,3.097,3.899,853.534,5,385
1,82,855.235,45,10.201,10.219,10.951,866.186,5,390
2,1,1.001,0,10.201,NaN,2.299,3.300,0,390
2,2,5.300,0,5.672,5.684,6.025,11.326,5,395
2,3,13.326,0,5.672,5.695,6.013,19.339,5,400
2,4,21.343,0,0.759,0.780,1.155,22.498,5,405
2,5,24.501,0,3.083,NaN,0.404,24.904,0,405
2,6,26.906,0,0.759,0.786,1.122,28.027,5,410
2,7,30.030,0,1.604,1.614,1.916,31.946,5,415
2,8,33.949,0,32.000,NaN,13.574,47.524,0,415
2,9,49.526,0,10.201,10.214,10.499,60.025,5,420
2,10,62.027,0,18.128,18.157,18.525,80.552,5,425
2,11,82.557,0,5.672,5.680,6.035,88.592,5,430
2,12,90.594,0,0.276,0.294,0.620,91.214,5,435
2,13,93.215,0,5.672,NaN,2.356,95.572,0,435
2,14,97.574,0,3.083,3.102,3.411,100.985,5,440
2,15,102.989,0,32.000,NaN,21.664,124.653,0,440
2,16,126.656,0,0.759,0.783,1.137,127.793,5,445
2,17,129.796,0,0.759,0.778,1.047,130.843,5,450
2,18,132.845,0,18.128,NaN,6.268,139.113,0,450
2,19,141.114,0,32.000,NaN,8.399,149.514,0,450
2,20,151.516,0,3.083,3.103,3.504,155.020,5,455
2,21,157.021,0,18.128,NaN,17.366,174.388,0,455
2,22,176.390,0,18.128,18.164,21.184,197.575,5,460
2,23,199.577,0,0.276,0.297,1.248,200.824,5,465
2,24,202.826,0,10.201,10.220,10.618,213.445,5,470
2,25,215.447,0,10.201,10.222,10.724,226.171,5,475
2,26,228.175,0,32.000,NaN,23.479,251.654,0,475
2,27,253.656,1,5.672,5.679,6.075,259.731,5,480
2,28,261.733,0,18.128,18.162,18.897,280.630,5,485
2,29,282.632,0,1.604,1.615,4.401,287.033,5,490
2,30,289.035,0,3.083,3.099,3.478,292.513,5,495
2,31,294.513,0,5.672,5.691,6.116,300.629,5,500
2,32,302.631,0,10.201,NaN,5.352,307.983,0,500
2,33,309.987,0,0.759,0.789,1.185,311.172,5,505
2,34,313.174,0,10.201,NaN,10.167,323.341,0,505
2,35,325.344,0,1.604,1.623,2.052,327.396,5,510
2,36,329.398,0,0.759,0.787,1.171,330.570,5,515
2,37,332.574,0,0.276,0.296,0.692,333.266,5,520
2,38,335.269,0,18.128,NaN,4.220,339.489,0,520
2,39,341.493,0,0.759,0.781,2.034,343.527,5,525
2,40,345.532,0,32.000,NaN,8.223,353.755,0,525
2,41,355.757,0,18.128,NaN,3.774,359.531,0,525
2,42,361.534,1,3.083,3.101,3.576,365.110,5,530
2,43,367.110,0,0.276,0.293,0.601,367.711,5,535
2,44,369.714,0,0.759,0.774,1.021,370.735,5,540
2,45,372.738,0,5.672,NaN,2.850,375.587,0,540
2,46,377.589,0,1.604,1.619,1.939,379.528,5,545
2,47,381.529,0,18.128,NaN,7.464,388.993,0,545
2,48,390.994,0,10.201,NaN,8.783,399.778,0,545
2,49,401.779,0,3.083,3.092,3.591,405.370,5,550
2,50,407.372,0,10.201,NaN,9.069,416.440,0,550
2,51,418.443,0,0.276,0.301,0.650,419.093,5,555
2,52,421.095,0,3.083,NaN,1.220,422.315,0,555
2,53,424.319,0,1.604,1.612,1.961,426.280,5,560
2,54,428.283,0,0.276,0.299,0.602,428.884,5,565
2,55,430.889,0,0.276,0.294,0.801,431.690,5,570
2,56,433.695,0,32.000,NaN,3.994,437.689,0,570
2,57,439.692,0,0.276,0.296,0.751,440.443,5,575
2,58,442.446,0,1.604,1.627,1.957,444.403,5,580
2,59,446.405,0,5.672,NaN,3.706,450.110,0,580
2,60,452.112,0,32.000,NaN,2.250,454.362,0,580
2,61,456.367,0,1.604,1.612,1.946,458.314,5,585
2,62,460.316,0,10.201,NaN,3.871,464.188,0,585
2,63,466.189,0,10.201,NaN,7.947,474.136,0,585
2,64,476.139,0,32.000,NaN,9.889,486.027,0,585
2,65,488.029,0,32.000,NaN,16.600,504.629,0,585
2,66,506.632,0,1.604,1.621,1.978,508.610,5,590
2,67,510.612,0,1.604,1.626,1.922,512.534,5,595
2,68,514.534,0,32.000,NaN,11.012,525.546,0,595
2,69,527.550,0,0.759,0.779,1.229,528.779,5,600
2,70,530.781,0,32.000,NaN,0.482,531.264,0,600
2,71,533.267,0,5.672,5.684,6.056,539.323,5,605
2,72,541.324,0,10.201,NaN,1.401,542.724,0,605
2,73,544.727,0,5.672,NaN,4.736,549.463,0,605
2,74,551.467,0,3.083,3.091,3.643,555.110,5,610
2,75,557.114,1,3.083,3.097,3.564,560.678,5,615
2,76,562.680,0,18.128,NaN,9.870,572.550,0,615
2,77,574.553,0,5.672,NaN,5.403,579.956,0,615
2,78,581.957,0,32.000,NaN,15.913,597.869,0,615
2,79,599.872,0,18.128,NaN,7.262,607.135,0,615
2,80,609.135,0,18.128,NaN,17.996,627.131,0,615
2,81,629.133,0,3.083,3.096,3.647,632.780,5,620
2,82,634.783,0,5.672,5.683,6.108,640.891,5,625
2,83,642.892,0,5.672,5.694,6.263,649.155,5,630
2,84,651.157,0,18.128,NaN,16.328,667.484,0,630
2,85,669.486,0,0.759,0.777,1.184,670.671,5,635
2,86,672.672,0,0.276,0.292,0.651,673.323,5,640
2,87,675.326,0,3.083,3.091,3.693,679.019,5,645
2,88,681.020,0,10.201,10.220,10.665,691.685,5,650
2,89,693.686,0,1.604,1.623,2.042,695.727,5,655
2,90,697.729,0,18.128,NaN,7.831,705.560,0,655
2,91,707.564,0,1.604,1.618,1.976,709.540,5,660
2,92,711.543,0,10.201,10.211,10.763,722.306,5,665
2,93,724.308,0,3.083,3.099,3.577,727.885,5,670
2,94,729.887,0,3.083,3.106,3.598,733.484,5,675
2,95,735.487,0,0.276,0.291,0.709,736.196,5,680
2,96,738.200,0,1.604,1.613,2.371,740.571,5,685
2,97,742.574,0,0.759,0.774,1.142,743.716,5,690
2,98,745.719,0,5.672,NaN,3.708,749.427,0,690
2,99,751.428,0,0.759,0.791,1.142,752.570,5,695
2,100,754.575,0,18.128,NaN,6.899,761.475,0,695
2,101,763.479,0,0.276,0.295,0.647,764.126,5,700
2,102,766.128,0,32.000,NaN,7.961,774.089,0,700
2,103,776.092,0,10.201,10.210,10.511,786.603,5,705
2,104,788.606,0,18.128,NaN,14.889,803.494,0,705
2,105,805.498,0,10.201,NaN,9.185,814.683,0,705
2,106,816.688,0,0.276,0.295,2.210,818.898,5,710
2,107,820.900,0,10.201,NaN,7.622,828.522,0,710
2,108,830.525,0,0.759,0.782,1.133,831.658,5,715
2,109,833.661,0,1.604,1.614,2.184,835.845,5,720
2,110,837.847,0,1.604,1.613,1.981,839.829,5,725
2,111,841.832,0,0.276,0.296,2.772,844.604,5,730
2,112,846.605,0,0.276,0.292,0.824,847.429,5,735
2,113,849.432,0,5.672,5.686,6.230,855.661,5,740
2,114,857.663,1,1.604,1.624,2.025,859.688,5,745
2,115,861.689,0,3.083,3.100,3.557,865.246,5,750
2,116,867.250,0,0.759,0.790,1.580,868.830,5,755
2,117,870.833,0,0.759,0.776,1.192,872.025,5,760
2,118,874.028,0,10.201,NaN,7.656,881.683,0,760
2,119,883.684,0,0.759,0.781,1.149,884.833,5,765
2,120,886.834,0,3.083,3.100,3.640,890.474,5,770
2,121,892.476,0,1.604,1.627,2.019,894.494,5,775
2,122,896.498,0,5.672,NaN,0.866,897.363,0,775
2,123,899.364,0,0.276,0.291,0.559,899.923,5,780
3,1,1.001,0,18.128,NaN,3.546,4.547,0,780
3,2,6.550,0,1.604,1.620,2.022,8.572,5,785
3,3,10.577,0,0.276,0.295,0.900,11.477,5,790
3,4,13.480,0,1.604,1.627,2.022,15.502,5,795
3,5,17.503,0,0.759,0.789,1.126,18.629,5,800
3,6,20.633,0,1.604,NaN,1.440,22.073,0,800
3,7,24.074,0,5.672,NaN,2.097,26.171,0,800
3,8,28.173,0,1.604,1.624,1.961,30.133,5,805
3,9,32.135,0,10.201,NaN,3.616,35.751,0,805
3,10,37.755,1,18.128,NaN,6.316,44.071,0,805
3,11,46.072,0,3.083,3.101,3.442,49.514,5,810
3,12,51.515,0,0.759,0.776,1.169,52.684,5,815
3,13,54.687,0,0.759,0.789,1.281,55.968,5,820
3,14,57.971,0,5.672,NaN,2.991,60.962,0,820
3,15,62.964,0,18.128,NaN,8.778,71.742,0,820
3,16,73.746,0,0.276,0.306,0.700,74.446,5,825
3,17,76.448,0,32.000,NaN,6.122,82.570,0,825
3,18,84.573,0,3.083,3.102,3.421,87.993,5,830
3,19,89.995,0,0.276,0.297,0.619,90.614,5,835
3,20,92.617,0,10.201,NaN,6.148,98.765,0,835
3,21,100.768,0,0.276,0.297,0.703,101.470,5,840
3,22,103.474,0,5.672,5.695,6.242,109.716,5,845
3,23,111.718,0,3.083,3.103,3.419,115.137,5,850
3,24,117.140,0,18.128,NaN,4.685,121.824,0,850
3,25,123.828,0,32.000,NaN,7.119,130.948,0,850
3,26,132.949,0,32.000,NaN,5.466,138.415,0,850
3,27,140.417,0,0.759,0.783,1.057,141.474,5,855
3,28,143.475,0,0.276,0.292,0.606,144.082,5,860
3,29,146.085,0,0.276,0.301,0.623,146.708,5,865
3,30,148.709,0,0.759,0.778,1.161,149.870,5,870
3,31,151.872,0,32.000,NaN,2.385,154.258,0,870
3,32,156.261,0,10.201,NaN,1.649,157.909,0,870
3,33,159.911,0,5.672,NaN,3.635,163.545,0,870
3,34,165.548,0,0.276,0.297,0.597,166.145,5,875
3,35,168.148,0,3.083,3.100,3.428,171.575,5,880
3,36,173.580,0,10.201,NaN,4.290,177.870,0,880
3,37,179.873,0,3.083,3.097,3.416,183.289,5,885
3,38,185.290,0,3.083,3.099,3.441,188.731,5,890
3,39,190.733,0,1.604,1.624,2.071,192.804,5,895
3,40,194.806,0,1.604,1.621,1.973,196.779,5,900
3,41,198.781,0,32.000,NaN,5.804,204.585,0,900
3,42,206.588,0,18.128,NaN,2.646,209.234,0,900
3,43,211.236,0,5.672,NaN,1.686,212.922,0,900
3,44,214.924,0,10.201,10.216,10.569,225.494,5,905
3,45,227.497,0,10.201,NaN,3.674,231.171,0,905
3,46,233.174,0,0.759,0.787,1.219,234.393,5,910
3,47,236.395,0,10.201,NaN,5.813,242.208,0,910
3,48,244.211,0,1.604,1.622,2.066,246.276,5,915
3,49,248.281,0,3.083,3.105,3.523,251.804,5,920
3,50,253.807,0,32.000,NaN,9.229,263.036,0,920
3,51,265.037,0,0.276,0.288,0.706,265.744,5,925
3,52,267.748,0,18.128,NaN,7.809,275.557,0,925
3,53,277.559,0,18.128,NaN,8.547,286.106,0,925
3,54,288.108,0,10.201,NaN,3.819,291.927,0,925
3,55,293.931,0,32.000,NaN,2.063,295.994,0,925
