0,1,0.240,0.395,0.559,0.735,0.902,1.077,1.262,1.442,1.616,1.800,1.969,2.146,2.319,2.498,2.685,2.864,3.030,3.212,3.396,3.572,3.763,3.938,4.122,4.302,4.514,4.698,4.897,5.089,5.264,5.444,5.619,5.796,5.978,6.162,6.352,6.544,6.726,6.920,7.102,7.287,7.477,7.665,7.862,8.052,8.237,8.411,8.593,8.778,8.979,9.176,9.371,9.562,9.766,9.931,10.116,10.308,
0,1,0.041,0.214,0.384,0.569,0.768,0.916,1.084,1.268,1.429,1.599,1.768,1.941,2.101,2.272,2.440,2.616,2.794,2.968,3.150,3.335,3.519,3.689,3.871,4.039,4.201,4.364,4.533,4.716,4.898,5.077,5.248,5.419,5.596,5.774,5.940,6.096,6.270,6.428,6.593,6.770,6.967,7.158,7.339,7.521,7.690,7.888,8.065,8.233,8.402,8.573,8.742,8.920,9.104,9.286,9.462,9.652,9.833,10.022,10.202,10.399,
0,1,0.249,0.429,0.603,0.768,0.919,1.089,1.269,1.432,1.592,1.769,1.940,2.136,2.306,2.481,2.643,2.816,2.997,3.179,3.355,3.526,3.691,3.855,4.032,4.206,4.375,4.554,4.730,4.906,5.070,5.241,5.410,5.591,5.774,5.949,6.123,6.303,6.484,6.656,6.832,7.021,7.160,7.337,7.489,7.701,7.888,8.082,8.272,8.446,8.639,8.826,9.022,9.180,9.355,9.540,9.724,9.904,10.092,10.287,
0,1,0.324,0.518,0.686,0.871,1.045,1.213,1.385,
1,1,0.052,0.189,0.340,0.496,0.646,0.807,0.960,1.119,1.273,1.438,1.600,1.763,1.926,2.096,2.267,2.431,2.594,2.764,2.926,3.087,3.264,3.424,3.589,3.748,3.910,4.063,4.236,4.398,4.567,4.719,4.898,5.047,
1,2,0.035,0.191,0.341,0.483,0.645,0.803,0.955,1.127,1.294,1.469,1.624,1.789,1.968,2.127,2.297,2.470,2.636,2.799,2.981,3.150,3.317,3.495,3.655,3.822,3.992,4.155,4.324,4.493,4.655,4.815,4.996,5.169,5.337,5.500,5.662,5.824,6.000,6.177,6.340,6.522,6.667,6.830,7.022,7.189,7.372,7.549,7.715,7.889,8.071,8.240,8.406,8.567,8.749,8.915,9.045,
1,3,0.084,0.250,0.422,0.591,0.750,0.935,1.101,1.268,1.442,1.600,1.768,1.938,2.106,2.276,2.422,2.589,
1,4,0.043,0.235,0.416,0.589,0.773,0.936,1.113,1.295,1.460,1.640,1.823,2.024,2.192,2.390,2.568,2.752,2.925,3.102,3.274,3.445,3.614,3.789,3.962,4.141,4.326,4.525,4.674,4.865,5.057,5.236,5.419,5.591,5.773,5.943,6.111,
1,5,0.050,0.220,0.397,0.551,0.721,0.897,1.058,1.216,1.398,1.565,1.736,1.901,2.074,2.237,2.408,2.586,2.765,2.935,3.114,3.294,3.457,3.649,3.807,3.984,4.156,
1,6,0.266,0.419,0.577,0.750,0.918,1.083,1.267,1.420,1.573,1.731,1.896,2.049,2.211,2.401,2.551,2.722,2.884,3.042,3.210,3.369,3.537,3.717,3.885,4.056,4.222,4.400,4.553,4.720,4.892,5.063,5.240,5.412,5.594,5.769,5.934,6.097,6.234,
1,7,0.060,0.194,0.335,0.468,0.625,0.770,0.944,1.104,1.267,1.439,1.615,1.773,1.932,2.098,2.267,2.432,2.600,2.777,2.940,3.110,3.271,3.447,3.614,3.778,3.960,4.137,4.304,
1,8,0.192,0.340,0.501,0.666,0.826,0.987,1.161,1.321,1.478,1.647,1.813,1.972,2.150,2.314,2.478,2.647,2.813,2.973,3.125,3.309,3.471,3.648,3.816,3.983,4.160,4.340,4.518,4.690,4.858,5.027,5.207,5.398,5.581,5.736,5.909,6.089,6.266,
1,9,0.092,0.267,0.417,0.589,0.767,0.928,1.093,1.267,1.430,1.605,1.777,1.950,2.134,2.306,2.475,2.666,2.851,3.035,3.205,3.385,3.589,3.768,3.934,4.099,4.288,4.473,4.657,4.830,5.019,5.196,5.386,5.563,5.734,5.919,6.113,6.279,6.466,6.640,6.814,6.990,7.172,7.351,7.520,
1,10,0.074,0.266,0.425,0.605,0.784,0.976,1.153,1.326,1.517,1.680,1.864,2.032,2.229,2.413,2.596,2.785,2.960,3.151,3.300,3.487,3.669,3.860,4.025,4.198,4.385,4.550,4.746,4.917,5.092,5.283,5.434,5.616,
1,11,0.084,0.266,0.439,0.614,0.784,0.951,1.102,1.300,1.454,1.650,1.806,1.978,2.153,2.329,2.517,2.687,2.867,3.049,3.239,3.428,3.625,3.809,3.994,4.181,4.370,4.545,4.722,4.890,5.045,5.234,5.399,5.580,5.769,5.939,
1,12,0.056,0.224,0.402,0.573,0.763,0.923,1.100,1.277,1.452,1.646,1.815,1.997,2.175,2.363,2.565,2.764,2.940,3.109,3.298,3.480,3.662,3.864,4.041,4.214,4.398,4.580,4.774,4.956,5.148,5.328,5.532,5.722,5.905,6.095,6.265,6.445,6.623,6.800,6.982,7.156,7.334,7.480,
1,13,0.176,0.346,0.518,0.691,0.868,1.050,1.231,1.412,1.594,1.772,1.953,2.125,2.296,2.486,2.675,2.855,3.044,3.226,3.421,3.601,3.780,3.959,4.151,4.339,4.520,4.694,4.875,5.052,5.234,5.427,5.608,5.774,
1,14,0.147,0.343,0.535,0.720,0.906,1.085,1.268,1.455,1.644,1.827,2.011,2.186,2.395,2.562,2.748,2.936,3.145,3.314,3.492,3.697,3.872,
1,15,0.102,0.285,0.455,0.617,0.802,0.969,1.142,1.326,1.494,1.681,1.849,2.023,2.205,2.390,2.557,2.728,2.893,3.079,3.252,3.434,3.607,3.777,3.949,4.141,4.318,4.502,4.690,4.874,5.059,5.224,5.406,5.598,5.775,5.943,6.122,6.309,6.489,6.661,6.849,7.029,7.201,7.392,7.575,7.759,7.924,8.109,8.278,8.459,8.612,
1,16,0.176,0.353,0.537,0.708,0.895,1.070,1.248,1.419,1.603,1.776,1.956,2.145,2.312,2.491,2.677,2.867,3.048,3.234,3.421,3.612,3.804,3.989,4.183,4.396,4.566,4.746,4.938,5.147,5.319,5.514,5.685,5.856,6.043,6.202,
1,17,0.145,0.294,0.472,0.648,0.835,1.011,1.184,1.361,1.542,1.718,1.902,2.082,2.269,2.446,2.649,2.828,3.012,3.204,3.396,3.559,3.739,3.933,4.101,4.272,4.458,4.647,4.798,4.967,5.150,5.325,5.514,5.696,5.875,6.051,6.228,6.414,6.582,6.764,6.942,7.115,7.301,7.476,7.648,7.829,8.015,8.195,8.399,8.564,8.741,8.928,9.100,
1,18,0.110,0.288,0.461,0.651,0.824,0.988,1.177,1.355,1.521,1.675,1.833,1.988,2.164,2.333,
1,19,0.264,0.397,0.556,0.720,0.897,1.058,1.214,1.398,1.571,1.743,1.917,2.110,2.285,2.471,2.652,2.821,3.001,3.173,3.350,3.522,3.698,3.868,4.043,4.215,4.399,4.563,4.732,4.914,5.087,5.266,5.427,5.599,5.770,5.944,6.112,6.283,6.451,6.623,6.774,6.900,
1,20,0.151,0.306,0.458,0.651,0.818,0.979,1.151,1.315,1.484,1.652,1.827,2.001,2.168,2.349,2.525,2.711,2.885,3.055,3.240,3.421,3.597,3.769,3.949,4.136,4.296,4.479,4.655,4.836,5.020,5.184,5.363,5.532,5.709,5.870,6.059,6.226,6.416,6.599,6.777,6.962,7.137,7.310,
1,21,0.188,0.374,0.550,0.725,0.904,1.082,1.266,1.456,1.645,1.819,2.012,2.183,2.359,2.584,2.749,2.949,3.146,3.333,3.521,3.704,3.896,4.062,4.243,4.450,4.646,4.827,5.013,5.196,5.372,5.571,5.773,5.963,6.147,6.323,6.520,6.715,6.915,7.104,7.279,7.473,7.657,7.857,8.054,
1,22,0.142,0.302,0.473,0.659,0.846,1.023,1.194,1.364,1.548,1.720,1.903,2.102,2.286,2.471,2.643,2.838,3.019,3.199,3.393,3.559,3.760,3.937,4.113,4.292,4.467,4.614,
1,23,0.176,0.358,0.537,0.713,0.895,1.070,1.242,1.420,1.590,1.762,1.944,2.145,2.306,2.487,2.665,2.847,3.026,3.199,3.396,3.582,3.763,3.933,4.115,4.302,4.488,4.668,4.858,5.060,5.251,5.443,5.647,5.807,
1,24,0.042,0.238,0.413,0.596,0.773,0.936,1.117,1.305,1.523,1.664,1.841,2.073,2.273,2.439,2.643,2.847,3.048,3.250,3.469,3.658,3.872,4.084,4.284,4.472,
1,25,0.323,0.481,0.645,0.817,0.983,1.160,1.329,1.520,1.696,1.887,2.057,2.231,2.404,2.594,2.778,2.967,3.138,3.325,3.521,3.704,3.897,4.084,4.272,
1,26,0.228,0.393,0.539,0.714,0.886,1.056,1.232,1.401,1.569,1.724,1.904,2.076,2.244,2.416,2.577,2.742,2.907,3.067,3.250,3.423,3.592,3.741,
1,27,0.085,0.226,0.400,0.556,0.725,0.900,1.072,1.243,1.413,1.584,1.760,1.926,2.103,2.289,
1,28,0.408,0.576,0.712,0.893,1.064,1.241,1.413,1.588,1.770,1.936,2.094,2.271,2.448,2.624,2.803,2.970,3.188,3.339,3.538,3.704,3.891,4.058,4.242,4.406,4.595,4.772,
1,29,0.040,0.204,0.400,0.539,0.725,0.900,1.054,1.224,1.408,1.581,1.767,1.935,2.103,2.285,
1,30,0.310,0.477,0.650,0.813,0.987,1.157,1.331,1.502,1.672,1.850,2.021,2.200,2.371,2.540,2.717,2.901,3.066,3.237,3.435,3.591,3.778,3.956,4.135,4.317,4.469,4.635,4.796,
1,31,0.161,0.332,0.492,0.667,0.834,1.002,1.174,1.349,1.523,1.677,1.854,2.024,2.189,2.365,2.534,2.721,2.891,3.066,3.274,3.435,3.608,3.781,3.959,4.141,4.316,
1,32,0.141,0.285,0.445,0.598,0.745,0.909,1.084,1.240,1.392,1.567,1.740,1.919,2.101,2.286,2.460,2.642,2.823,3.002,3.182,3.363,3.543,3.714,3.893,4.046,4.204,
1,33,0.039,0.200,0.358,0.522,0.676,0.832,0.980,1.121,1.297,1.463,1.640,1.798,1.962,2.120,2.300,2.466,2.640,2.818,2.983,3.157,3.336,3.524,3.683,3.858,4.024,4.161,
1,34,0.145,0.299,0.476,0.645,0.809,0.987,1.155,1.317,1.488,1.662,1.849,2.024,2.195,2.364,
1,35,0.409,0.557,0.726,0.897,1.044,1.216,1.381,1.544,1.711,1.898,2.051,2.222,2.398,2.544,2.709,2.862,3.030,3.187,3.353,3.525,3.683,3.831,
1,36,0.074,0.247,0.414,0.565,0.728,0.900,1.064,1.218,1.390,1.553,1.723,1.892,2.056,2.226,2.389,2.546,2.731,2.898,3.092,3.270,3.440,3.610,3.802,3.962,
1,37,0.145,0.302,0.485,0.659,0.820,0.982,1.162,1.330,1.516,1.687,1.847,2.031,2.196,2.393,2.565,2.776,2.935,3.107,3.291,3.479,3.663,3.847,4.032,4.214,4.408,4.600,4.787,4.987,5.168,5.351,5.527,
1,38,0.033,0.204,0.375,0.549,0.723,0.899,1.078,1.267,1.424,1.604,1.777,1.954,2.150,2.308,2.474,2.650,2.826,3.017,3.180,3.365,3.551,3.719,3.902,4.084,
1,39,0.054,0.232,0.398,0.552,0.737,0.905,1.096,1.289,1.463,1.649,1.819,1.994,2.179,2.361,2.531,2.713,2.917,3.097,3.283,3.456,3.650,3.777,
1,40,0.152,0.311,0.485,0.650,0.818,0.991,1.148,1.311,1.474,1.651,1.833,2.017,2.212,2.401,2.582,2.768,2.933,3.113,3.295,3.463,3.646,3.805,4.001,4.181,4.359,4.536,4.703,
1,41,0.060,0.223,0.398,0.558,0.738,0.913,1.076,1.265,1.428,1.593,1.782,1.952,2.149,2.332,2.515,2.693,2.868,3.043,3.224,3.399,3.570,3.740,3.918,4.097,4.288,
1,42,0.143,0.319,0.486,0.658,0.829,1.010,1.173,1.340,1.513,1.683,1.856,2.030,2.208,2.394,2.552,2.723,2.905,3.082,3.261,3.439,3.645,3.807,4.002,
1,43,0.033,0.204,0.400,0.567,0.743,0.919,1.098,1.277,1.467,1.650,1.814,1.991,2.170,2.358,2.544,2.739,2.926,3.113,3.305,3.492,3.681,3.863,4.052,4.237,4.419,4.601,4.783,4.959,5.135,5.299,5.489,5.660,5.837,
1,44,0.112,0.271,0.442,0.612,0.801,0.991,1.178,1.355,1.535,1.717,1.898,2.093,2.269,2.455,2.659,2.868,3.099,3.325,3.531,3.740,3.936,4.133,4.313,4.516,4.699,4.900,5.078,5.270,5.447,5.650,5.811,
1,45,0.063,0.243,0.433,0.605,0.794,0.978,1.154,1.351,1.522,1.688,1.872,2.052,2.223,2.402,2.565,2.749,2.922,3.111,3.305,3.523,3.687,3.890,4.064,4.249,4.425,4.607,4.791,4.978,5.173,5.346,5.487,
1,46,0.135,0.298,0.471,0.642,0.823,1.019,1.179,1.347,1.539,1.727,1.910,2.095,2.286,
1,47,0.171,0.316,0.491,0.663,0.834,1.016,1.159,1.317,1.485,1.652,1.827,1.992,2.166,2.333,2.497,2.664,2.833,3.016,3.160,3.333,3.476,3.654,3.799,
1,48,0.083,0.249,0.416,0.570,0.733,0.905,1.072,1.245,1.407,1.592,1.778,1.943,2.139,2.311,2.502,2.676,2.886,3.077,3.269,3.437,3.612,
1,49,0.155,0.306,0.469,0.644,0.821,0.973,1.141,1.296,1.465,1.617,1.789,1.956,2.127,2.285,2.462,2.642,2.812,2.976,3.149,3.327,3.501,3.674,3.844,4.026,4.198,4.332,
1,50,0.075,0.244,0.413,0.583,0.760,0.920,1.094,1.273,1.445,1.620,1.795,1.962,2.144,2.302,2.477,2.657,2.851,3.023,3.201,3.366,3.511,3.677,3.868,4.062,
1,51,0.367,0.501,0.661,0.832,0.996,1.166,1.332,1.499,1.669,1.839,2.023,2.206,2.399,
1,52,0.071,0.236,0.399,0.562,0.717,0.899,1.062,1.230,1.399,1.570,1.732,1.899,2.067,2.236,2.403,2.574,2.743,2.919,3.087,3.267,3.429,3.610,3.799,3.993,4.162,4.345,
1,53,0.088,0.220,0.389,0.540,0.692,0.861,1.023,1.198,1.362,1.533,1.689,1.859,2.027,2.187,2.352,2.527,2.701,2.876,3.047,3.217,3.397,3.573,3.749,3.932,4.112,4.278,4.450,4.623,4.801,4.935,
1,54,0.055,0.226,0.392,0.544,0.729,0.889,1.051,1.220,1.370,1.534,1.686,1.868,2.043,2.205,2.376,2.538,2.699,2.890,3.067,3.237,3.407,3.577,3.748,3.914,4.082,4.247,4.422,4.585,
1,55,0.082,0.222,0.389,0.547,0.695,0.856,1.022,1.181,1.343,1.500,1.661,1.820,1.977,2.140,2.303,2.459,2.640,2.799,2.972,3.143,3.305,3.468,3.611,
1,56,0.116,0.278,0.444,0.594,0.762,0.923,1.088,1.263,1.425,1.593,1.763,1.923,2.094,2.263,2.416,2.581,2.753,2.933,3.120,3.319,3.514,3.679,3.849,4.025,4.210,4.401,4.590,4.768,4.973,5.165,5.344,
1,57,0.036,0.199,0.374,0.532,0.694,0.859,1.019,1.185,1.346,1.492,1.653,1.799,1.972,2.137,2.297,2.457,2.613,2.797,2.972,3.121,
1,58,0.052,0.216,0.373,0.527,0.695,0.853,1.015,1.168,1.340,1.515,1.681,1.856,2.016,2.169,2.336,2.494,2.662,2.820,2.981,3.159,3.327,
1,59,0.146,0.295,0.467,0.640,0.780,0.944,1.121,1.293,1.440,1.604,1.773,1.927,2.097,2.280,
1,60,0.246,0.393,0.541,0.694,0.852,1.010,1.170,1.333,1.501,1.661,1.824,1.967,2.127,
1,61,0.149,0.281,0.451,0.616,0.773,0.941,1.104,1.267,1.415,1.580,1.745,1.903,2.056,2.226,2.391,2.561,2.717,2.901,3.037,3.176,
1,62,0.089,0.248,0.412,0.572,0.733,0.900,1.068,1.227,1.390,1.551,1.721,1.903,2.087,2.274,2.440,2.624,2.778,2.945,3.124,3.305,3.481,3.651,3.833,3.993,4.154,
1,63,0.081,0.245,0.422,0.596,0.783,0.960,1.137,1.316,1.494,1.671,1.849,2.046,2.227,2.406,2.587,2.771,2.943,3.117,3.271,
1,64,0.169,0.323,0.480,0.650,0.794,0.957,1.119,1.287,1.450,1.616,1.781,1.938,2.110,2.282,2.457,2.651,2.834,3.018,3.161,3.331,3.501,
1,65,0.149,0.313,0.470,0.649,0.816,0.975,1.150,1.306,1.466,1.627,1.806,1.976,2.133,2.299,2.464,2.636,2.806,2.979,3.151,3.316,3.477,3.627,
1,66,0.036,0.193,0.366,0.516,0.679,0.854,1.039,1.221,1.400,1.561,1.713,1.900,2.056,2.246,2.415,2.571,2.736,2.911,3.066,3.227,3.371,
1,67,0.125,0.281,0.434,0.602,0.765,0.927,1.082,1.238,1.402,1.576,1.730,1.908,2.075,2.262,2.447,2.620,2.798,2.976,3.146,3.321,3.513,3.676,3.865,4.037,4.186,
1,68,0.151,0.304,0.475,0.645,0.812,0.974,1.145,1.302,1.456,1.621,1.812,1.957,2.145,2.302,
1,69,0.159,0.299,0.434,0.579,0.733,0.877,1.026,1.189,1.349,1.517,1.670,1.833,1.988,2.150,2.304,2.462,2.619,2.770,2.923,3.081,3.222,3.369,3.521,3.670,3.795,3.921,4.055,4.173,
1,70,0.028,0.194,0.349,0.498,0.665,0.829,0.998,1.155,1.320,1.489,1.646,1.810,1.976,2.149,2.308,2.475,2.646,2.791,
1,71,0.070,0.230,0.395,0.537,0.699,0.863,1.029,1.192,1.354,1.522,1.665,1.835,2.001,2.166,2.332,2.523,2.659,
1,72,0.072,0.232,0.397,0.558,0.725,0.897,1.056,1.222,1.398,1.561,1.729,1.898,2.071,2.238,2.408,2.581,2.749,2.913,3.081,3.234,
1,73,0.043,0.202,0.354,0.521,0.687,0.855,1.015,1.187,1.364,1.540,1.721,1.899,2.069,2.239,2.406,2.596,2.779,2.960,3.149,3.309,3.472,3.650,3.808,3.931,
1,74,0.094,0.267,0.417,0.575,0.726,0.888,1.062,1.229,1.401,1.564,1.730,1.884,2.057,2.236,
1,75,0.245,0.438,0.605,0.767,0.929,1.101,1.267,1.441,1.608,1.764,1.924,2.092,2.268,2.435,2.594,2.765,2.917,3.076,
1,76,0.138,0.289,0.451,0.619,0.787,0.954,1.122,1.287,1.455,1.620,1.787,1.957,2.126,
1,77,0.078,0.202,0.351,0.524,0.685,0.839,1.014,1.176,1.347,1.514,1.674,1.859,2.029,2.199,2.371,2.543,2.720,2.898,3.041,3.197,3.371,3.544,3.704,
1,78,0.073,0.240,0.408,0.561,0.729,0.894,1.054,1.212,1.394,1.557,1.728,1.894,2.060,2.232,
1,79,0.277,0.403,0.566,0.729,0.893,1.059,1.229,1.401,1.566,1.732,1.897,2.054,2.227,2.384,2.560,2.720,2.901,3.067,3.206,
1,80,0.103,0.273,0.442,0.614,0.775,0.939,1.109,1.296,1.452,1.609,1.774,1.955,2.146,2.303,2.487,2.662,2.832,2.986,
1,81,0.071,0.244,0.411,0.574,0.732,0.911,1.089,1.261,1.431,1.606,1.764,1.946,2.144,2.323,2.497,2.662,2.826,2.993,
1,82,0.150,0.293,0.459,0.614,0.786,0.952,1.107,1.282,1.454,1.626,1.791,1.972,2.149,2.327,2.517,2.690,2.872,3.045,3.210,3.364,
1,83,0.166,0.327,0.481,0.652,0.823,0.990,1.155,1.333,1.495,1.660,1.817,1.990,2.148,2.276,2.461,2.648,2.824,
1,84,0.028,0.189,0.359,0.523,0.694,0.895,1.050,1.216,1.396,1.565,1.734,1.896,2.063,2.236,2.396,2.537,2.712,2.896,
1,85,0.148,0.303,0.466,0.636,0.796,0.944,1.105,1.279,1.452,1.607,1.771,1.933,2.090,2.249,2.413,2.581,2.749,2.904,
1,86,0.172,0.348,0.515,0.687,0.856,1.026,1.187,1.351,1.521,1.685,1.864,2.022,2.200,2.396,2.567,2.734,2.906,
1,87,0.146,0.288,0.453,0.611,0.773,0.937,1.106,1.274,1.429,1.592,1.742,1.914,2.070,2.241,2.435,2.641,2.819,2.989,3.141,
1,88,0.175,0.319,0.476,0.641,0.806,0.967,1.150,1.294,1.464,1.634,1.807,1.966,2.151,2.287,
1,89,0.394,0.532,0.698,0.866,1.022,1.198,1.339,1.518,1.696,1.859,2.033,2.222,2.395,2.555,2.729,2.895,3.060,3.243,3.425,3.593,3.762,3.925,4.085,4.243,
1,90,0.268,0.395,0.548,0.706,0.893,1.036,1.206,1.376,1.541,1.711,1.877,2.050,2.221,
1,91,0.147,0.264,0.431,0.581,0.764,0.924,1.085,1.250,1.404,1.571,1.736,1.915,2.074,2.240,
1,92,0.040,0.182,0.345,0.524,0.678,0.835,1.000,1.160,1.311,1.490,1.659,1.836,1.995,2.156,2.328,2.502,2.673,2.841,3.009,
1,93,0.120,0.280,0.439,0.611,0.776,0.950,1.099,1.273,1.437,1.600,1.767,1.929,2.100,2.267,2.427,2.588,2.748,2.904,
1,94,0.096,0.250,0.404,0.581,0.730,0.901,1.077,1.234,1.417,1.582,1.762,1.917,2.114,2.315,2.495,2.663,2.815,
1,95,0.080,0.244,0.410,0.573,0.738,0.903,1.074,1.241,1.406,1.569,1.717,1.871,2.033,2.202,
1,96,0.109,0.276,0.432,0.587,0.759,0.925,1.088,1.249,1.415,1.571,1.749,1.933,2.108,2.274,
1,97,0.093,0.211,0.376,0.539,0.697,0.852,1.019,1.172,1.333,1.494,1.662,1.826,1.998,2.155,2.324,2.487,2.653,2.831,3.000,3.165,3.341,3.498,3.656,
1,98,0.117,0.276,0.445,0.618,0.786,0.967,1.146,1.309,1.481,1.669,1.845,2.033,2.213,2.397,2.592,2.775,2.946,
1,99,0.149,0.310,0.471,0.649,0.802,0.982,1.176,1.356,1.528,1.700,1.877,2.046,2.235,2.415,2.587,2.766,2.919,3.087,
1,100,0.029,0.160,0.323,0.486,0.656,0.806,0.965,1.122,1.290,1.462,1.620,1.772,1.926,2.114,2.288,2.460,2.604,2.782,2.953,3.121,3.264,3.446,
1,101,0.268,0.416,0.584,0.740,0.905,1.067,1.230,1.400,1.560,1.730,1.902,2.070,2.238,2.399,2.578,2.736,2.886,
1,102,0.123,0.286,0.447,0.605,0.766,0.924,1.100,1.270,1.429,1.592,1.767,1.920,2.085,2.277,2.447,2.617,2.787,
1,103,0.074,0.247,0.421,0.579,0.737,0.897,1.069,1.247,1.421,1.579,1.742,1.907,2.078,2.252,2.434,2.619,2.791,2.968,3.148,3.316,3.515,3.675,
1,104,0.185,0.353,0.522,0.696,0.856,1.023,1.161,1.339,1.523,1.688,1.861,2.040,2.213,2.390,2.571,2.723,2.897,
1,105,0.160,0.342,0.510,0.678,0.855,1.020,1.190,1.351,1.514,1.717,1.894,2.086,2.252,
1,106,0.150,0.270,0.436,0.597,0.745,0.900,1.066,1.206,1.366,1.534,1.711,1.884,2.037,2.200,2.348,2.517,2.651,2.829,2.996,3.151,
1,107,0.076,0.236,0.399,0.563,0.727,0.899,1.026,1.193,1.357,1.533,1.682,1.864,2.039,2.233,2.361,2.556,2.724,2.900,3.076,3.234,3.366,
1,108,0.068,0.232,0.401,0.544,0.710,0.887,1.069,1.268,1.445,1.613,1.787,1.962,2.127,2.290,2.462,2.645,2.820,2.992,3.169,3.369,3.553,
1,109,0.101,0.266,0.402,0.568,0.725,0.900,1.063,1.238,1.417,1.602,1.791,1.982,2.157,2.335,2.495,2.651,
1,110,0.150,0.296,0.451,0.650,0.784,0.949,1.133,1.296,1.467,1.612,1.777,1.942,2.112,2.282,2.445,2.598,2.734,2.972,3.190,3.362,
1,111,0.065,0.223,0.388,0.539,0.690,0.845,1.022,1.170,1.323,1.471,1.639,1.797,1.965,2.139,2.289,2.455,2.618,2.773,
1,112,0.154,0.309,0.471,0.621,0.802,0.962,1.134,1.282,1.443,1.610,1.768,1.989,2.156,2.351,2.547,2.745,
1,113,0.061,0.218,0.387,0.538,0.705,0.871,1.035,1.200,1.363,1.521,1.688,1.862,2.021,2.187,2.342,2.521,2.689,2.862,3.028,3.182,
1,114,0.060,0.217,0.392,0.556,0.716,0.888,1.051,1.219,1.413,1.603,1.775,1.949,2.139,2.304,2.476,2.646,2.814,2.975,3.139,3.302,3.450,
1,115,0.075,0.240,0.398,0.570,0.771,0.903,1.068,1.237,1.413,1.602,1.781,1.999,2.194,2.377,2.551,2.730,2.908,3.094,3.272,
1,116,0.168,0.350,0.497,0.675,0.850,1.028,1.210,1.369,1.545,1.734,1.921,2.084,2.268,2.438,2.611,2.798,2.975,3.106,
1,117,0.116,0.283,0.449,0.621,0.787,0.947,1.112,1.305,1.454,1.619,1.808,1.976,2.158,2.331,2.522,2.727,2.914,3.090,3.273,3.463,3.647,3.812,
1,118,0.090,0.268,0.434,0.595,0.768,0.938,1.116,1.297,1.493,1.684,1.885,2.072,2.268,2.442,2.618,2.772,2.937,3.126,3.320,3.499,3.673,3.850,4.026,4.202,4.375,
1,119,0.142,0.293,0.453,0.615,0.776,0.948,1.109,1.276,1.466,1.652,1.842,2.024,2.207,2.393,2.577,2.760,2.940,3.126,
1,120,0.055,0.228,0.383,0.548,0.736,0.907,1.083,1.279,1.469,1.658,1.838,2.029,2.206,2.401,2.564,2.737,2.934,3.089,3.268,3.443,3.621,3.798,3.971,4.162,4.348,4.528,4.718,4.900,5.080,5.269,5.437,5.612,5.776,5.948,6.147,6.340,6.526,6.733,6.936,7.113,
1,121,0.086,0.235,0.397,0.556,0.733,0.900,1.068,1.239,1.413,1.573,1.729,1.904,2.081,2.274,2.428,2.610,2.799,3.008,3.178,3.368,3.537,3.708,
1,122,0.100,0.267,0.435,0.601,0.746,0.911,1.101,1.278,1.448,1.617,1.785,1.958,2.124,2.283,2.441,2.602,2.775,2.923,3.075,
1,123,0.097,0.266,0.424,0.591,0.760,0.927,1.102,1.282,1.447,1.619,1.809,1.996,2.171,2.345,2.527,2.707,2.901,3.073,3.238,
1,124,0.155,0.327,0.496,0.664,0.829,0.998,1.164,1.325,1.521,1.692,1.866,2.038,2.221,2.398,2.528,2.714,2.888,
1,125,0.081,0.266,0.428,0.597,0.766,0.949,1.150,1.329,1.516,1.677,1.853,2.044,2.214,
1,126,0.124,0.294,0.460,0.621,0.801,0.970,1.126,1.302,1.488,1.656,1.816,1.990,2.172,
1,127,0.032,0.198,0.366,0.535,0.690,0.864,1.038,1.206,1.364,1.544,1.708,1.900,2.225,2.410,2.578,
1,128,0.042,0.202,0.369,0.537,0.703,0.863,1.050,1.227,1.399,1.564,1.724,1.909,2.086,
1,129,0.036,0.201,0.373,0.563,0.726,0.909,1.098,1.292,1.469,1.647,1.826,2.001,2.185,
1,130,0.171,0.349,0.523,0.693,0.868,1.029,1.216,1.400,1.560,1.731,1.910,2.083,2.267,2.432,2.605,
1,131,0.117,0.284,0.454,0.620,0.795,0.964,1.146,1.318,1.477,1.647,1.812,1.979,2.153,2.342,2.530,2.706,2.897,3.090,3.279,3.473,3.667,3.840,
1,132,0.052,0.196,0.362,0.523,0.694,0.868,1.040,1.190,1.376,1.548,1.721,1.897,2.077,2.274,2.418,2.582,2.746,2.916,
1,133,0.093,0.275,0.431,0.601,0.776,0.931,1.097,1.269,1.439,1.619,1.789,1.959,2.143,2.316,2.493,2.672,2.850,3.017,3.180,3.348,3.502,
1,134,0.214,0.363,0.542,0.703,0.869,1.033,1.200,1.369,1.555,1.740,1.929,2.092,2.279,2.454,2.616,2.767,
1,135,0.032,0.168,0.338,0.516,0.676,0.844,1.016,1.179,1.347,1.520,1.689,1.875,2.058,2.228,
1,136,0.118,0.281,0.444,0.607,0.787,0.935,1.084,1.272,1.410,1.586,1.747,1.918,2.080,2.238,2.389,
1,137,0.047,0.200,0.366,0.532,0.701,0.863,1.019,1.183,1.359,1.523,1.679,1.850,2.029,2.201,2.383,2.542,2.687,
1,138,0.108,0.290,0.453,0.648,0.837,1.045,1.243,1.431,1.645,1.829,2.023,2.216,2.408,2.805,3.002,
1,139,0.195,0.369,0.545,0.712,0.899,1.072,1.243,1.409,1.590,1.766,1.948,2.114,2.300,2.489,2.660,2.833,
1,140,0.241,0.396,0.562,0.735,0.897,1.057,1.225,1.400,1.567,1.734,1.912,2.083,2.243,2.424,2.599,2.769,
1,141,0.040,0.194,0.363,0.527,0.692,0.860,1.035,1.199,1.370,1.537,1.707,1.901,2.062,2.237,2.404,2.562,
1,142,0.139,0.299,0.460,0.639,0.802,0.968,1.155,1.336,1.479,1.715,1.922,2.107,2.300,2.493,2.687,2.871,3.051,3.234,
1,143,0.120,0.252,0.417,0.577,0.771,0.932,1.113,1.287,1.455,1.638,1.813,1.974,2.154,2.341,2.528,2.702,
1,144,0.185,0.352,0.535,0.721,0.898,1.073,1.270,1.449,1.640,1.826,2.020,2.192,2.387,2.549,
1,145,0.165,0.315,0.477,0.641,0.824,1.022,1.181,1.342,1.522,1.702,1.865,2.039,2.222,
