0,1,0.077,0.285,0.484,0.685,0.876,1.079,1.285,1.498,1.700,1.902,2.125,2.327,2.550,2.750,2.981,3.187,3.473,3.650,3.856,4.058,4.323,4.517,4.774,4.971,5.195,5.401,5.613,5.825,6.032,6.241,6.450,6.661,6.870,7.084,7.304,7.522,7.733,7.948,8.162,8.373,8.587,8.806,9.019,9.226,9.458,9.675,9.886,10.103,10.358,
0,1,0.156,0.366,0.577,0.805,1.019,1.233,1.460,1.670,1.874,2.250,2.469,2.684,2.895,3.136,3.333,3.569,3.777,3.988,4.197,4.418,4.653,4.869,5.096,5.305,5.524,5.747,5.963,6.183,6.403,6.638,6.850,7.063,7.286,7.535,7.748,7.962,8.179,8.401,8.627,8.846,9.071,9.295,9.523,9.735,9.985,10.223,
0,1,0.450,0.680,0.884,1.105,1.320,1.540,1.749,1.968,2.181,2.399,2.620,2.844,3.058,3.269,
0,1,0.110,0.317,0.535,0.768,0.979,1.201,1.417,1.642,1.855,2.063,2.269,2.502,2.720,2.959,
2,1,0.501,0.686,0.897,1.084,1.295,1.497,1.703,1.912,2.115,2.326,
2,2,0.163,0.371,0.577,0.783,0.991,1.199,1.409,1.619,1.820,2.031,2.245,
2,3,0.043,0.241,0.447,0.661,0.894,1.086,1.297,1.511,1.725,1.941,2.159,2.369,2.586,2.788,3.000,3.223,3.441,3.662,3.871,4.082,4.315,
2,4,0.080,0.277,0.491,0.697,0.903,1.124,1.329,1.542,1.773,1.977,2.183,2.416,2.615,2.829,3.049,3.264,3.479,3.706,3.925,4.147,
2,5,0.113,0.330,0.548,0.744,0.946,1.183,1.400,1.600,1.830,2.046,2.267,2.471,2.714,2.937,3.157,3.401,3.603,3.829,4.032,4.268,4.501,4.717,4.943,5.168,5.387,5.608,5.844,6.060,6.281,6.519,6.731,6.956,7.191,7.407,7.636,7.844,8.093,8.314,8.523,8.770,8.984,9.206,9.424,9.678,9.887,10.123,
2,6,0.217,0.421,0.647,0.870,1.091,1.313,1.531,1.750,1.980,2.216,2.447,2.655,2.870,3.115,3.336,3.547,3.765,4.000,4.217,4.436,4.652,4.864,5.094,5.319,5.528,5.750,5.973,6.182,6.410,6.624,6.850,7.063,7.297,7.517,7.729,7.972,8.180,8.634,8.851,9.069,9.301,9.533,9.768,9.985,10.210,10.449,10.657,10.902,11.116,11.359,11.594,11.823,12.061,12.302,
2,7,0.078,0.280,0.516,0.720,0.946,1.166,1.399,1.597,1.846,2.065,2.305,2.533,2.738,2.959,3.194,3.432,3.650,3.862,4.091,4.307,
2,8,0.183,0.409,0.642,0.861,1.089,1.314,1.547,1.775,2.026,2.247,2.466,2.686,2.927,3.153,3.372,3.605,3.821,4.054,4.292,4.522,4.746,4.986,5.207,5.436,5.656,5.894,6.108,6.320,6.550,6.780,7.011,7.233,7.463,7.679,7.920,8.145,8.361,8.594,8.789,9.023,9.269,9.473,9.698,9.940,10.159,10.366,10.579,10.794,11.041,11.250,11.467,11.703,11.921,12.164,
2,9,0.156,0.373,0.594,0.804,1.031,1.245,1.449,1.663,1.900,2.118,2.338,2.566,2.809,3.035,3.289,3.521,3.729,3.948,4.171,4.389,4.621,4.829,5.048,5.268,5.483,5.703,5.937,6.150,6.374,6.592,6.815,7.031,7.243,7.476,7.730,7.932,8.165,
2,10,0.136,0.355,0.578,0.790,1.000,1.236,1.442,1.663,1.858,2.084,2.300,2.533,2.745,2.968,3.191,3.437,3.656,3.854,4.087,4.298,4.522,4.707,4.937,5.150,5.370,5.601,5.836,6.044,6.273,
2,11,0.197,0.420,0.650,0.857,1.071,1.288,1.517,1.767,1.979,2.207,2.442,2.651,2.885,3.093,3.317,3.550,3.793,4.018,4.269,4.473,4.701,4.926,5.140,5.374,5.600,5.827,6.056,6.284,6.495,
2,12,0.186,0.400,0.625,0.864,1.065,1.293,1.524,1.726,1.939,2.174,2.391,2.605,2.836,3.052,3.275,3.497,3.730,3.959,4.191,4.414,
2,13,0.209,0.420,0.644,0.869,1.097,1.319,1.547,1.768,1.999,2.217,2.431,2.667,2.875,3.109,3.339,3.563,3.791,4.022,4.273,4.493,4.714,5.163,5.396,5.593,5.818,6.052,6.277,
2,14,0.033,0.245,0.463,0.687,0.903,1.122,1.343,1.559,1.779,1.994,2.212,2.423,2.654,2.884,3.094,3.342,3.560,3.772,3.992,4.216,4.444,4.679,4.899,5.140,5.362,5.585,5.796,6.046,6.269,6.480,6.695,6.934,7.157,7.386,7.610,7.837,8.084,
2,15,0.082,0.319,0.553,0.770,1.020,1.228,1.459,1.670,1.899,2.118,2.336,2.554,2.780,2.997,3.234,3.455,3.683,3.906,4.138,4.359,
2,16,0.144,0.339,0.557,0.808,1.036,1.262,1.484,1.699,1.917,2.145,2.372,2.592,2.806,3.041,3.263,3.489,3.750,3.996,4.218,4.438,4.691,4.909,5.147,5.368,5.592,5.839,6.070,6.338,6.561,6.791,7.021,7.251,7.492,7.738,7.950,8.177,8.398,8.648,8.856,9.102,9.348,9.586,
2,17,0.201,0.417,0.651,0.895,1.103,1.322,1.538,1.765,2.000,2.231,2.452,2.672,2.896,3.125,3.341,3.551,3.789,4.013,4.234,
2,18,0.147,0.378,0.590,0.807,1.025,1.250,1.492,1.705,1.914,2.144,2.350,
2,19,0.150,0.350,0.569,0.785,0.994,1.207,1.440,1.664,1.870,2.091,2.310,2.533,2.748,2.977,3.213,3.434,3.657,3.895,4.087,4.317,4.545,4.781,5.016,5.234,5.450,5.687,5.913,6.146,6.365,6.603,6.835,7.058,7.272,7.489,7.718,7.926,8.157,8.397,8.609,8.869,9.095,9.318,9.568,9.811,10.042,
2,20,0.153,0.377,0.620,0.821,1.066,1.284,1.549,1.779,2.227,2.450,2.679,2.922,3.179,3.407,3.680,3.907,4.172,4.411,4.674,4.937,5.185,5.435,5.677,5.921,6.173,6.413,6.658,6.926,7.170,7.419,7.700,7.953,8.203,8.458,8.715,8.954,9.233,9.526,9.776,10.032,10.269,10.529,10.770,11.031,11.287,11.549,11.816,12.069,12.322,12.567,12.807,13.057,13.315,13.562,13.815,14.080,14.305,
2,21,0.105,0.318,0.581,0.823,1.049,1.280,1.518,1.748,1.973,2.220,2.458,2.718,2.939,3.188,3.409,3.643,3.869,4.097,4.371,4.602,4.833,5.076,5.313,5.554,5.789,6.035,6.270,6.523,6.777,6.993,7.246,7.486,7.736,7.965,8.225,8.445,
2,22,0.089,0.318,0.542,0.775,0.991,1.238,1.465,1.691,1.938,2.169,2.368,2.601,2.839,3.065,3.305,3.538,3.776,4.009,4.239,4.469,4.729,4.981,5.233,5.454,5.705,6.176,6.394,6.648,6.853,7.144,7.346,7.591,7.812,8.041,8.290,8.518,8.762,8.988,9.244,9.476,9.692,9.937,10.175,10.415,10.663,10.899,11.153,11.396,11.625,11.856,12.086,
2,23,0.229,0.440,0.668,0.911,1.148,1.394,1.644,1.916,2.164,2.417,2.660,2.916,3.179,3.425,3.667,3.939,4.182,4.437,4.700,4.947,5.222,5.481,5.766,6.033,6.295,6.562,6.827,7.104,7.361,7.647,7.921,8.165,8.451,8.728,9.015,9.282,9.534,9.824,10.113,10.368,10.649,10.947,11.227,11.516,11.788,12.089,12.354,12.621,12.923,
2,24,0.125,0.399,0.642,0.896,1.172,1.399,
2,25,0.085,0.355,0.620,0.893,1.156,1.404,1.683,1.963,2.217,2.472,2.778,3.035,3.334,3.569,3.866,4.145,4.395,4.675,4.979,5.241,5.512,5.801,6.093,6.350,6.653,6.920,7.210,7.491,7.740,8.037,8.308,8.597,8.866,9.147,9.397,9.676,9.951,10.226,10.515,10.787,11.062,11.346,11.652,11.911,12.194,
2,26,0.044,0.312,0.608,0.887,1.188,1.484,1.801,2.067,2.397,2.728,2.945,3.272,3.539,3.833,4.122,4.420,4.730,5.075,5.351,5.655,5.946,6.231,6.530,6.823,7.118,7.420,7.692,7.974,8.274,8.544,8.865,9.141,9.411,9.725,9.985,10.261,10.572,10.892,11.174,11.466,11.776,12.078,
2,27,0.047,0.314,0.613,0.915,1.209,1.515,1.809,2.116,2.419,2.693,3.016,3.301,3.599,3.916,4.231,4.529,4.833,5.121,5.435,5.706,6.017,6.326,6.647,6.935,7.252,7.586,7.873,8.186,8.485,8.815,9.119,9.417,9.769,10.081,
2,28,0.190,0.522,0.778,1.110,1.389,1.677,1.974,2.285,2.586,2.922,3.238,3.535,3.874,4.153,4.483,4.743,5.024,5.294,5.610,5.891,6.178,6.478,6.775,7.057,7.351,7.671,7.977,8.276,8.550,8.842,9.126,9.446,9.745,10.071,10.368,10.655,10.927,11.205,11.517,11.760,12.040,12.334,12.593,
2,29,0.280,0.558,0.873,1.137,1.443,1.725,2.018,2.313,2.611,2.905,3.147,3.475,3.773,4.078,
2,30,0.065,0.344,0.641,0.940,1.223,1.528,1.802,2.061,2.392,2.656,2.921,3.201,3.463,3.776,4.055,4.364,4.649,4.932,5.214,5.491,5.770,6.081,6.360,6.644,6.925,7.230,7.515,7.806,8.104,
2,31,0.040,0.292,0.597,0.859,1.123,1.410,1.695,1.982,2.281,2.561,2.870,3.167,3.465,3.747,4.028,4.312,4.611,4.923,5.231,5.529,5.815,6.105,6.422,6.702,6.984,7.275,7.586,7.858,8.178,
2,32,0.243,0.553,0.859,1.149,1.431,1.735,2.016,2.294,2.576,2.875,3.169,3.476,3.771,4.078,4.387,4.596,4.916,5.195,5.482,5.783,6.084,6.361,6.669,6.949,7.247,7.569,7.845,8.136,8.450,8.770,9.096,9.372,9.665,10.020,10.280,
2,33,0.064,0.330,0.640,0.935,1.243,1.524,1.813,2.120,2.403,2.705,3.001,3.316,3.618,3.902,4.196,4.502,4.812,5.114,5.417,5.714,6.039,6.351,
2,34,0.036,0.287,0.611,0.873,1.159,1.480,1.775,2.038,2.356,2.675,2.954,3.298,3.581,3.900,4.209,4.489,4.821,5.115,5.411,5.703,5.997,6.287,6.592,6.870,7.181,7.480,7.780,8.065,8.395,8.670,8.972,9.309,9.570,9.896,10.200,10.492,10.831,11.113,11.397,11.725,12.014,12.247,
2,35,0.233,0.530,0.834,1.155,1.460,1.749,2.077,2.354,
2,36,0.202,0.464,0.742,1.025,1.332,1.622,1.931,2.249,2.553,2.863,3.155,3.473,3.738,4.068,4.395,4.677,4.977,5.262,5.595,5.896,6.177,6.494,6.811,7.150,7.465,7.749,8.112,8.397,8.714,9.018,9.316,9.648,9.929,10.244,10.534,
2,37,0.062,0.395,0.674,0.962,1.262,1.572,1.896,2.203,2.519,2.832,3.161,3.426,3.739,4.029,4.364,4.647,4.965,5.279,5.590,5.898,6.198,6.515,6.854,
2,38,0.309,0.606,0.895,1.200,1.497,1.793,2.090,
2,39,0.104,0.345,0.654,0.913,1.252,1.565,1.838,2.153,2.440,2.770,3.057,3.371,3.673,3.974,4.271,4.558,4.842,5.156,5.463,5.772,6.081,6.365,
2,40,0.236,0.554,0.834,1.099,1.375,1.725,2.023,2.335,2.640,2.929,3.228,3.524,3.850,4.141,4.452,4.781,5.108,5.392,5.688,5.987,6.290,6.613,6.938,7.223,7.541,7.852,8.182,8.488,8.811,9.093,9.447,9.714,9.991,
2,41,0.126,0.432,0.706,1.026,1.333,1.638,1.946,2.273,2.581,2.875,3.170,3.461,3.787,4.101,4.415,
2,42,0.053,0.421,0.686,0.982,1.326,1.611,1.943,2.226,2.550,2.858,3.173,3.524,3.835,4.150,4.486,4.804,5.095,5.418,5.730,6.057,6.365,6.718,7.064,7.312,7.642,7.934,8.281,8.587,8.893,9.208,9.500,9.811,10.150,10.445,10.748,11.048,
2,43,0.173,0.469,0.809,1.096,1.416,1.693,2.030,2.305,2.648,2.921,3.240,3.540,3.839,4.167,4.454,4.783,5.090,5.396,5.714,6.019,6.338,6.646,6.975,7.282,7.614,7.907,8.228,8.570,8.857,9.167,9.476,9.831,10.148,10.415,
2,44,0.098,0.416,0.739,1.048,1.399,1.686,2.023,2.365,
2,45,0.277,0.611,0.901,1.198,1.540,1.834,2.145,2.469,2.769,3.060,3.361,3.689,3.966,4.308,4.595,4.886,5.178,5.520,5.807,6.126,6.437,6.723,7.033,7.325,7.626,7.931,8.237,8.573,8.892,9.222,9.532,9.860,10.171,10.500,10.824,11.112,11.491,11.790,12.111,12.440,12.738,13.065,13.397,13.733,14.046,14.355,14.695,15.001,15.275,
2,46,0.235,0.520,0.803,1.120,1.418,1.747,2.114,2.400,2.701,3.037,3.334,3.668,3.975,4.310,4.651,4.936,5.278,5.562,5.895,6.209,6.519,6.825,7.151,7.473,7.819,8.136,8.487,8.799,9.137,9.421,9.739,10.055,10.361,10.713,11.021,11.303,11.638,11.956,12.252,12.568,12.858,
2,47,0.281,0.561,0.898,1.167,1.447,1.740,2.018,2.299,2.581,2.899,3.181,3.516,3.826,4.149,4.460,4.770,5.095,5.417,5.716,6.017,6.315,
2,48,0.033,0.317,0.649,0.961,1.359,1.650,1.937,2.248,2.556,2.855,3.166,3.459,3.784,4.081,4.401,4.695,5.018,5.337,5.645,5.983,6.272,6.595,6.917,7.214,7.535,7.845,8.175,8.481,8.809,9.088,9.450,9.771,10.057,10.369,10.646,10.961,11.281,11.607,11.898,12.209,12.490,12.795,13.110,13.406,13.701,14.023,14.314,14.618,14.890,15.273,15.523,15.812,16.107,16.406,
2,49,0.149,0.438,0.739,1.046,1.342,1.653,1.973,2.266,
2,50,0.361,0.668,0.948,1.268,1.569,1.876,2.176,2.502,2.786,3.097,3.395,3.702,4.019,4.299,4.611,4.920,5.232,5.538,5.851,6.158,6.467,6.780,7.116,7.416,7.707,8.021,8.301,
2,51,0.223,0.524,0.797,1.106,1.417,1.713,2.021,2.345,2.638,2.928,3.227,3.522,3.792,4.098,4.400,4.695,5.023,5.297,5.574,5.890,6.173,6.485,6.807,7.085,7.390,7.709,7.993,8.330,8.615,8.910,9.233,9.525,9.843,10.152,10.492,10.802,11.077,11.371,11.657,11.949,12.246,12.568,12.850,13.125,13.425,13.809,14.086,14.372,14.666,14.948,15.223,
2,52,0.192,0.487,0.770,1.050,1.364,1.647,1.949,2.230,2.541,2.859,3.117,3.409,3.772,4.059,4.355,4.650,4.977,5.298,5.608,5.924,6.217,
2,53,0.177,0.429,0.707,0.970,1.272,1.578,1.862,2.176,2.460,
2,54,0.161,0.481,0.761,1.041,1.345,1.621,1.910,2.177,2.454,2.733,3.043,3.331,3.661,3.955,4.241,4.516,4.820,5.108,5.397,5.688,5.988,6.288,6.573,6.867,7.148,7.434,7.726,8.021,8.333,8.624,8.933,9.213,9.490,
2,55,0.141,0.420,0.707,1.001,1.275,1.603,1.892,2.169,2.453,2.721,3.026,3.276,3.541,3.803,4.080,4.349,4.607,4.893,5.173,5.439,5.694,5.982,6.242,6.511,6.783,7.063,7.334,7.645,7.910,8.213,8.480,8.765,9.054,9.344,9.616,9.915,10.195,10.488,10.787,11.071,11.359,11.647,11.970,12.213,12.499,12.779,13.052,13.344,13.648,13.921,14.204,14.493,14.791,15.081,15.353,15.648,15.911,16.178,
2,56,0.137,0.396,0.648,0.908,1.206,1.470,1.771,1.989,2.298,2.588,2.861,3.152,3.424,3.733,4.059,4.299,4.569,4.826,5.124,5.429,5.697,5.981,6.273,6.536,6.815,7.104,7.390,7.640,7.897,8.201,
2,57,0.038,0.308,0.566,0.859,1.139,1.413,1.696,1.970,2.252,2.526,2.800,3.092,3.390,3.709,3.986,4.286,4.570,4.855,5.153,5.413,5.717,5.972,6.274,6.543,6.829,7.106,7.395,7.674,7.953,8.240,8.475,8.737,9.041,9.340,9.609,9.908,10.160,10.476,10.760,11.055,11.316,11.627,11.894,12.188,12.467,12.761,13.048,13.325,13.614,13.909,
2,58,0.241,0.524,0.787,1.057,1.322,1.618,1.890,2.164,2.449,2.737,3.019,3.272,3.526,3.801,4.066,4.338,4.653,4.913,5.203,5.449,5.745,5.986,6.270,6.550,6.827,7.109,7.388,7.678,7.943,8.225,
2,59,0.046,0.323,0.580,0.873,1.164,1.429,1.693,1.965,2.247,
2,60,0.073,0.360,0.634,0.886,1.168,1.447,1.720,1.988,2.268,2.522,2.801,3.070,3.362,3.614,3.890,4.165,
2,61,0.035,0.326,0.599,0.861,1.137,1.429,1.694,1.986,2.239,2.519,2.781,3.059,3.340,3.613,3.874,4.158,4.413,4.677,4.964,5.221,5.487,5.771,6.042,6.317,6.599,6.877,7.167,7.464,7.737,8.022,8.289,8.581,8.843,9.139,9.389,9.692,9.955,10.230,10.523,10.793,11.043,
2,62,0.172,0.673,0.913,1.159,1.409,1.683,1.945,2.193,2.450,2.723,2.980,3.250,3.525,3.806,4.072,4.338,4.590,4.859,5.148,5.404,5.683,5.969,6.251,6.522,6.807,7.081,7.358,
2,63,0.232,0.538,0.773,1.035,1.336,1.594,1.890,2.168,2.448,2.734,3.024,3.303,3.604,3.937,4.234,4.524,4.781,5.073,5.372,5.642,5.906,6.191,6.497,6.775,7.062,7.322,7.577,7.859,
2,64,0.221,0.500,0.749,1.017,1.302,1.539,1.807,2.055,2.329,2.572,2.839,3.120,3.387,3.655,3.910,4.162,4.437,4.706,4.974,5.252,5.526,5.799,6.071,6.360,6.620,6.899,7.171,7.416,7.697,7.964,8.227,8.521,
2,65,0.054,0.341,0.537,0.800,1.038,1.298,1.541,1.783,2.037,2.267,2.517,2.741,3.017,3.231,3.498,3.733,3.986,4.237,4.518,4.727,5.002,5.232,5.701,5.947,6.173,6.406,6.645,6.885,7.121,7.372,7.607,7.918,8.100,8.369,8.605,8.852,9.102,9.365,9.598,9.865,10.118,10.362,
2,66,0.163,0.390,0.644,0.866,1.102,1.350,1.595,1.824,2.084,2.309,2.569,2.817,3.071,3.309,3.562,3.807,4.038,4.295,4.533,4.776,5.014,5.304,5.544,5.779,6.024,6.277,
2,67,0.081,0.329,0.570,0.810,1.025,1.277,1.516,1.745,1.978,2.228,2.468,2.684,2.912,3.150,3.400,3.607,3.846,4.062,4.313,4.537,4.767,5.024,5.267,5.527,5.768,6.018,6.249,6.470,6.708,6.958,7.198,7.432,7.664,7.912,8.147,8.374,8.609,8.865,9.095,9.334,9.558,9.801,10.030,10.270,10.520,
2,68,0.165,0.410,0.612,0.838,1.081,1.297,1.527,1.767,2.017,2.237,2.486,2.727,2.955,3.193,3.428,3.664,3.909,4.149,4.369,4.585,4.830,5.070,5.291,5.531,5.779,6.019,6.269,6.498,6.736,6.988,7.213,7.453,7.690,7.935,8.181,8.411,8.648,8.887,9.124,9.376,9.647,9.861,10.122,
2,69,0.160,0.381,0.620,0.843,1.071,1.300,1.525,1.765,1.984,2.240,2.453,2.666,2.919,3.149,3.416,3.607,3.833,4.065,4.301,
2,70,0.233,0.456,0.687,0.904,1.170,1.398,1.648,1.881,2.104,2.348,2.584,2.809,3.047,3.288,3.522,3.766,4.016,4.213,4.435,4.679,4.906,5.150,5.400,5.609,5.850,6.103,6.324,
2,71,0.041,0.274,0.489,0.705,0.945,1.195,1.401,1.664,1.863,2.089,2.307,2.526,2.776,2.983,3.214,3.451,3.687,3.927,4.146,4.393,4.614,4.847,5.071,5.311,5.537,5.782,6.010,6.263,6.477,6.727,6.956,7.188,7.421,7.674,7.914,8.160,8.422,8.645,8.867,9.109,9.360,9.598,9.819,10.060,10.287,10.570,
2,72,0.208,0.365,0.604,0.835,1.060,1.292,1.501,1.741,1.951,2.231,2.417,2.665,2.877,3.095,3.355,3.576,3.833,4.020,4.294,4.522,4.782,5.011,5.263,5.495,5.739,5.978,6.213,6.444,6.669,6.910,7.145,7.374,7.652,7.866,8.126,8.348,8.578,8.795,9.024,9.241,9.501,9.717,9.948,10.196,10.433,10.647,10.863,11.116,11.326,11.564,11.800,12.014,12.281,
2,73,0.095,0.334,0.540,0.766,1.035,1.229,1.468,1.691,1.899,2.150,2.367,2.581,2.867,3.046,3.296,3.520,3.736,3.991,4.209,4.447,4.663,4.923,5.149,5.401,5.606,5.829,6.050,6.322,6.528,6.768,6.994,7.240,7.502,7.696,7.924,8.196,
2,74,0.048,0.279,0.496,0.745,0.960,1.215,1.416,1.669,1.904,2.140,2.355,2.592,2.800,3.050,3.298,3.523,3.743,4.024,4.235,4.464,4.675,4.908,5.156,5.372,5.610,5.828,6.042,6.275,
2,75,0.232,0.431,0.652,0.870,1.082,1.306,1.527,1.731,1.952,2.174,2.425,2.651,2.867,3.073,3.287,3.524,3.775,3.967,4.213,4.438,4.661,4.892,5.108,5.342,5.555,5.791,6.041,6.248,6.476,6.704,6.948,7.182,7.425,7.651,7.886,8.122,8.326,8.549,8.780,9.020,9.225,9.443,9.684,9.906,10.126,10.369,10.602,10.822,11.038,11.271,11.487,11.719,11.968,12.179,12.408,
2,76,0.233,0.454,0.679,0.900,1.100,1.328,1.552,1.792,2.018,2.239,2.487,2.705,2.929,3.159,3.385,3.594,3.803,4.019,4.241,4.460,4.677,4.888,5.100,5.325,5.551,5.769,5.983,6.205,6.418,6.636,6.853,7.086,7.322,7.524,7.735,7.955,8.214,8.428,8.644,8.849,9.075,9.305,9.521,9.736,9.963,10.171,10.395,10.612,10.823,11.051,11.282,11.522,11.715,11.933,12.146,12.362,12.569,12.792,13.023,13.224,13.444,
2,77,0.104,0.310,0.512,0.717,0.927,1.146,1.346,1.563,1.763,1.974,2.181,2.406,2.612,2.832,3.066,3.310,3.517,3.732,3.953,4.185,4.417,4.683,4.898,5.148,5.342,5.550,5.775,5.998,6.214,6.438,6.680,6.905,7.096,7.328,7.535,7.766,7.963,8.191,8.427,8.626,8.837,9.056,9.483,9.699,9.907,10.123,10.343,10.576,10.804,11.017,11.236,11.455,11.676,11.889,12.100,
2,78,0.182,0.400,0.585,0.782,0.990,1.201,1.420,1.650,1.845,2.249,2.475,2.683,2.894,3.113,3.327,3.550,3.778,3.999,4.223,
2,79,0.213,0.437,0.677,0.895,1.098,1.332,1.550,1.769,1.969,2.177,2.399,2.658,2.862,3.076,3.329,3.523,3.741,3.950,4.156,4.366,4.594,4.846,5.033,5.242,5.475,5.696,5.913,6.121,6.348,6.590,6.819,7.032,7.268,7.515,7.717,7.913,8.125,8.339,8.557,8.780,8.996,9.213,9.421,9.649,9.899,10.099,
2,80,0.062,0.266,0.483,0.696,0.906,1.111,1.323,1.536,1.750,1.954,2.160,2.367,2.569,2.771,2.979,3.178,3.401,3.597,3.799,4.018,4.237,4.438,4.659,4.866,5.084,5.295,5.519,5.721,5.927,6.192,6.404,6.602,6.823,7.055,7.282,7.491,7.702,7.926,8.124,8.338,8.559,8.802,8.993,9.190,9.408,9.637,9.837,10.059,
2,81,0.034,0.228,0.426,0.644,0.875,1.069,1.276,1.487,1.696,1.905,2.121,2.315,
2,82,0.121,0.325,0.525,0.735,0.934,1.145,1.377,1.582,1.781,2.012,2.182,2.396,2.609,2.820,3.036,3.263,3.460,3.671,3.868,4.076,4.290,4.513,4.711,4.954,5.150,5.371,5.587,5.811,6.018,6.228,6.442,6.654,6.871,7.065,7.271,7.481,7.692,7.905,8.106,8.310,8.515,8.717,8.923,9.149,9.361,9.570,9.775,9.989,10.206,10.432,10.650,10.837,11.048,11.267,11.473,11.677,11.900,12.107,12.311,12.529,12.741,12.952,13.151,13.356,
2,83,0.029,0.212,0.425,0.646,0.830,1.046,1.263,1.462,1.681,1.909,2.110,2.368,2.567,2.775,2.977,3.184,3.414,3.609,4.021,4.231,
2,84,0.178,0.430,0.648,0.838,1.056,1.272,1.494,1.738,1.949,2.149,2.361,2.567,2.776,2.983,3.225,3.473,3.677,3.912,4.125,4.338,
2,85,0.155,0.361,0.591,0.807,1.040,1.442,1.646,1.846,2.076,2.308,
2,86,0.196,0.406,0.651,0.838,1.044,1.270,1.453,1.667,1.887,2.086,2.297,
2,87,0.249,0.433,0.639,0.834,1.030,1.240,1.448,1.665,1.869,2.070,2.283,2.490,2.705,2.933,3.141,3.331,3.534,3.746,3.961,4.168,4.376,4.585,4.781,4.994,5.207,5.415,5.642,5.841,6.048,6.268,
3,1,0.088,0.282,0.472,0.654,0.868,1.059,1.242,1.433,1.619,1.812,2.018,2.199,2.388,2.587,2.769,2.966,3.189,3.364,3.566,3.747,3.933,4.326,4.519,4.704,4.886,5.080,5.270,5.454,5.660,5.831,6.020,6.205,6.396,6.586,6.785,6.979,7.171,7.363,7.551,7.741,7.937,8.142,8.350,
3,2,0.091,0.283,0.474,0.648,0.829,1.021,1.203,1.376,1.570,1.771,1.941,2.138,2.330,2.521,2.704,2.892,3.090,3.284,3.465,3.662,3.853,4.051,4.248,4.472,4.639,4.836,5.032,5.213,5.404,5.604,5.820,6.211,
3,3,0.126,0.328,0.543,0.709,0.896,1.094,1.279,1.474,1.670,1.847,2.046,2.247,2.443,2.647,2.830,3.031,3.228,3.426,3.612,3.811,4.014,4.209,4.401,4.595,4.786,4.978,5.177,5.398,5.568,5.765,5.957,6.160,6.357,6.559,6.765,6.956,7.168,7.356,7.555,7.766,7.965,8.164,8.376,8.550,8.766,8.953,9.174,9.362,9.563,9.767,9.962,
3,4,0.141,0.336,0.539,0.736,0.929,1.122,1.330,1.528,1.905,2.093,2.294,2.479,2.671,2.845,3.062,3.272,3.438,3.639,3.791,3.997,4.189,4.371,4.562,4.773,4.948,5.140,5.332,5.527,5.713,5.907,6.092,6.286,6.481,6.660,6.857,7.071,7.274,7.457,7.668,7.891,8.086,8.275,8.470,8.683,8.861,9.050,9.252,9.460,9.654,9.851,10.048,10.259,10.449,10.649,10.869,11.043,11.411,11.607,11.801,11.990,12.162,
3,5,0.125,0.316,0.513,0.688,0.897,1.062,1.263,1.446,1.647,1.835,2.037,2.222,2.422,
3,6,0.025,0.212,0.418,0.603,0.802,0.997,1.186,1.392,1.582,1.776,1.972,2.172,2.354,2.553,2.750,2.944,3.117,3.320,3.496,3.696,3.893,4.078,4.275,4.462,4.656,4.865,5.056,5.292,5.472,5.671,5.867,6.118,6.299,6.485,6.679,6.868,7.082,7.278,7.472,7.671,7.866,8.090,8.287,8.496,8.717,8.942,9.127,9.324,9.524,9.954,10.150,
3,7,0.171,0.362,0.550,0.763,0.940,1.146,1.316,1.547,1.705,1.907,2.107,2.293,2.497,2.696,2.897,3.111,3.292,3.514,3.664,3.873,4.081,4.278,4.469,
3,8,0.158,0.373,0.558,0.734,0.950,1.112,1.334,1.513,1.695,1.896,2.074,2.475,2.647,2.831,3.017,3.223,3.397,3.623,3.813,4.000,4.189,4.407,4.587,4.789,4.994,5.194,5.398,5.576,5.775,5.969,6.163,6.374,6.596,6.790,6.972,7.179,7.399,7.597,7.792,7.958,8.159,8.343,8.546,8.766,8.958,9.156,9.355,9.553,9.743,9.949,10.127,10.318,
3,9,0.071,0.279,0.497,0.680,0.848,1.065,1.246,1.426,1.613,1.782,1.987,2.166,2.359,2.804,2.994,3.193,
3,10,0.166,0.392,0.581,0.829,0.982,1.181,1.389,1.598,1.799,2.023,2.196,2.390,2.582,2.784,2.978,3.169,3.362,3.552,3.774,3.964,4.170,4.362,4.559,4.774,4.974,5.171,5.391,5.586,5.785,5.984,6.178,6.392,6.603,6.795,6.993,7.194,7.399,7.599,7.798,8.009,8.199,
3,11,0.147,0.340,0.539,0.748,0.945,1.141,1.340,1.534,1.739,1.916,2.311,2.496,2.681,2.868,3.069,3.275,3.454,3.645,3.841,4.058,4.242,4.436,4.642,4.842,5.039,5.491,5.677,5.860,6.051,6.260,6.449,6.658,6.841,7.039,7.260,7.433,7.644,7.839,8.046,8.215,8.426,8.627,8.827,9.016,9.225,9.436,9.672,9.858,10.053,10.262,10.461,10.665,10.854,11.052,
3,12,0.068,0.274,0.449,0.654,0.841,1.040,1.440,1.642,1.829,1.996,2.203,2.392,2.587,2.775,2.980,3.167,3.396,3.558,3.759,4.009,4.172,4.364,4.546,4.739,4.930,5.143,5.328,5.533,5.725,5.928,6.144,6.336,6.528,6.735,6.941,7.148,7.344,7.552,7.761,7.944,8.155,8.354,8.574,8.778,8.981,9.182,9.371,9.571,9.776,10.026,10.207,10.406,10.607,10.798,11.013,11.202,11.411,11.620,11.817,12.069,12.240,12.436,
3,13,0.127,0.329,0.516,0.700,0.894,1.074,1.322,1.490,1.684,1.875,2.077,2.273,2.465,2.711,2.895,3.106,3.286,3.489,3.687,3.896,4.095,4.296,4.516,4.719,4.945,5.150,5.354,5.576,5.763,5.985,6.192,
3,14,0.098,0.292,0.487,0.671,0.870,1.096,1.337,1.521,1.726,1.911,2.096,2.306,2.521,2.698,2.899,3.109,3.325,3.522,3.714,3.911,4.103,4.316,4.522,4.707,4.917,5.113,5.319,5.523,5.722,5.922,6.119,
3,15,0.227,0.405,0.585,0.783,0.988,1.208,1.410,1.619,1.816,2.027,2.233,2.432,2.627,2.820,3.053,3.270,3.520,3.685,3.887,4.091,4.307,4.521,4.729,4.918,5.141,5.347,5.550,5.771,5.979,6.158,6.388,6.622,6.821,7.055,7.231,7.436,7.624,7.823,8.056,8.245,
3,16,0.093,0.293,0.496,0.695,0.891,1.086,1.305,1.499,1.688,1.902,2.114,2.317,2.526,
3,17,0.125,0.317,0.516,0.723,0.973,1.150,1.333,1.526,1.726,1.917,2.110,2.311,2.517,2.712,2.923,3.119,3.326,3.542,3.774,3.970,4.179,4.401,4.598,4.838,5.018,5.230,5.427,5.635,5.837,6.046,6.248,6.441,6.655,6.876,7.078,7.269,7.469,7.707,7.908,8.110,8.346,8.537,8.741,8.950,9.168,9.375,9.572,9.774,10.000,10.214,10.404,10.609,10.840,11.049,11.271,11.473,11.675,11.893,12.115,12.309,12.498,12.703,
3,18,,
3,19,0.193,0.400,0.585,0.776,0.971,1.179,1.400,1.590,1.789,1.988,2.192,2.401,2.596,2.795,3.001,3.207,3.416,3.626,3.824,4.025,4.243,4.446,4.649,4.859,5.036,5.240,5.443,5.636,5.835,6.049,6.233,6.440,6.651,6.865,7.071,7.270,7.476,7.692,7.875,8.108,8.297,8.486,8.680,8.891,9.097,9.300,9.500,9.683,9.874,10.090,10.291,10.485,10.693,10.903,11.109,11.318,11.528,11.738,11.947,12.172,12.377,12.591,12.794,
3,20,0.155,0.349,0.533,0.714,0.910,1.116,1.324,1.520,1.712,1.913,2.127,2.321,2.523,2.734,2.946,3.147,3.337,3.530,3.742,3.968,4.169,4.376,4.573,4.774,4.988,5.182,5.398,5.648,5.816,6.021,6.226,6.435,6.652,6.865,7.076,7.272,7.482,7.706,7.909,8.120,
3,21,0.145,0.362,0.545,0.762,0.949,1.159,1.366,1.570,1.771,1.979,2.197,2.400,2.597,2.806,3.013,3.210,3.431,3.653,3.861,4.063,4.277,4.513,4.708,4.919,5.126,5.347,5.572,5.774,5.985,6.204,6.428,6.648,6.848,7.073,7.276,7.474,7.691,7.902,8.120,8.319,8.549,8.772,8.995,9.203,9.416,9.649,9.869,10.077,10.305,
3,22,0.094,0.298,0.491,0.695,1.080,1.287,1.474,1.675,1.893,2.095,2.316,2.518,2.761,2.950,3.174,3.394,3.586,3.790,4.011,4.216,4.451,4.655,4.876,5.101,5.315,5.515,5.723,5.920,6.124,6.340,6.553,6.779,6.994,7.213,7.453,7.668,7.865,8.078,8.301,8.513,8.713,8.934,9.153,9.376,9.594,9.823,10.062,10.286,10.494,10.713,10.927,11.165,11.398,11.597,11.802,11.998,12.222,12.436,12.661,12.871,13.093,13.312,13.540,
3,23,0.045,0.267,0.464,0.665,0.900,1.093,1.331,1.527,1.714,1.933,2.151,2.360,2.591,2.792,3.018,3.218,3.426,3.652,3.877,4.077,4.305,
3,24,0.191,0.404,0.647,0.830,1.046,1.277,1.514,1.694,1.907,2.119,2.327,2.532,2.779,2.982,3.197,3.441,3.648,3.866,4.084,4.318,4.557,4.792,5.016,5.215,5.424,5.649,5.834,6.046,6.273,6.483,6.706,6.922,7.150,7.400,7.576,7.779,7.996,8.212,8.462,8.681,8.907,9.134,9.339,9.554,9.768,9.978,10.196,
3,25,0.039,0.239,0.452,0.649,0.858,1.089,1.304,1.530,1.773,1.970,2.198,2.405,2.618,2.847,3.045,3.247,3.456,3.664,3.874,4.090,4.301,4.524,4.741,4.945,5.163,5.391,5.581,5.788,5.996,6.230,
3,26,0.227,0.416,0.609,0.812,1.021,1.226,1.429,1.645,1.835,2.047,2.262,
3,27,0.071,0.269,0.495,0.703,0.910,1.116,1.328,1.534,1.738,1.954,2.167,
3,28,0.187,0.398,0.598,0.815,1.015,1.222,1.428,1.649,1.836,2.038,2.245,2.453,2.659,2.868,3.092,3.296,3.520,3.743,3.961,4.177,
3,29,0.124,0.333,0.547,0.772,0.962,1.178,1.377,1.592,1.804,2.035,2.232,2.439,2.652,2.869,3.087,3.303,3.523,3.717,3.922,4.140,
3,30,0.149,0.353,0.545,0.745,0.931,1.109,1.297,1.480,1.664,1.840,2.034,2.289,
3,31,0.038,0.268,0.467,0.672,0.895,1.099,1.315,1.531,1.741,1.955,2.188,2.399,2.620,2.829,3.046,3.263,3.477,3.698,3.926,4.147,4.364,4.614,4.835,5.043,5.264,5.475,5.704,5.933,6.148,6.350,6.563,6.780,6.995,7.212,7.450,7.678,7.916,8.108,8.309,
