0,1,0.119,0.277,0.433,0.583,0.836,0.985,1.135,1.268,1.400,1.538,1.691,1.890,2.022,2.161,2.300,2.448,2.593,2.739,2.894,3.046,3.189,3.321,3.475,3.636,3.769,3.917,4.067,4.216,4.360,4.520,4.653,4.802,4.944,5.099,5.242,5.376,5.502,5.649,5.795,5.942,6.071,6.215,6.372,6.521,6.664,6.817,6.966,7.111,7.249,7.391,7.538,7.679,7.823,7.956,8.102,8.272,8.405,8.528,8.685,8.832,8.981,9.139,9.289,9.427,9.556,9.692,9.855,10.001,10.156,10.300,10.436,10.616,
0,1,0.151,0.292,0.448,0.596,0.743,0.901,1.062,1.215,1.372,1.518,1.658,1.800,1.951,2.103,2.268,2.417,2.555,2.694,2.837,2.993,3.140,3.283,3.430,3.551,3.680,3.845,3.981,4.136,4.289,4.439,4.564,4.696,4.843,4.998,5.153,5.294,5.451,5.603,5.770,5.918,6.059,6.195,6.341,6.492,6.653,6.812,6.964,7.109,7.271,7.416,7.572,7.720,7.888,8.038,8.191,8.349,8.521,8.638,8.786,8.944,9.080,9.229,9.375,9.522,9.672,9.826,9.986,10.139,10.276,10.413,
0,1,0.148,0.283,0.422,0.568,0.702,0.835,0.966,1.100,1.239,1.377,1.518,1.652,1.782,1.911,2.045,2.185,2.331,2.473,2.613,2.710,2.863,3.000,3.141,3.293,3.436,3.584,3.733,3.864,4.020,4.146,4.283,4.416,4.535,4.651,4.775,4.901,5.037,5.164,5.295,5.422,5.555,5.690,5.827,5.960,6.304,6.471,6.624,6.776,6.926,7.064,7.202,7.346,7.491,7.648,7.790,7.935,8.088,8.226,8.360,8.529,8.668,8.821,8.974,9.145,9.290,9.440,9.607,9.753,9.924,10.073,10.224,10.416,10.580,
0,1,,
1,1,0.244,0.444,0.611,0.768,0.908,1.061,1.223,1.376,1.518,1.674,1.829,
1,2,0.274,0.420,0.577,0.721,0.867,1.024,1.160,1.302,1.436,1.577,1.721,1.875,2.025,2.159,2.309,2.459,2.610,2.775,2.909,3.065,3.225,3.370,3.525,3.674,3.820,3.951,4.102,4.259,4.402,4.554,4.714,4.869,5.018,5.169,5.310,5.455,5.612,5.776,5.917,
1,3,0.225,0.395,0.556,0.704,0.876,1.014,1.160,1.311,1.464,1.611,1.746,1.876,2.026,2.161,2.310,2.454,2.611,2.752,2.893,3.026,3.174,3.320,
1,4,0.283,0.456,0.625,0.781,0.944,1.100,1.252,1.404,1.554,1.709,1.867,2.025,2.171,2.324,2.481,2.642,2.795,2.944,3.109,3.271,
1,5,0.247,0.424,0.589,0.735,0.895,1.050,1.220,1.370,1.525,1.680,1.847,2.001,2.142,2.294,2.445,2.595,2.735,2.899,3.054,3.198,3.358,3.523,3.676,3.843,4.023,4.159,4.314,4.467,4.640,4.780,4.941,5.105,5.277,5.405,5.545,5.709,5.874,6.027,6.196,6.347,6.524,6.670,6.830,6.978,7.147,7.309,7.472,7.623,7.784,7.950,8.115,8.275,8.441,8.612,8.775,8.931,9.089,9.245,9.409,9.579,9.745,9.899,10.050,10.226,10.358,10.533,
1,6,0.227,0.392,0.560,0.711,0.869,1.033,1.191,1.337,1.485,1.646,1.791,1.935,
1,7,0.221,0.404,0.571,0.728,0.889,1.052,1.226,
1,8,0.220,0.388,0.551,0.722,0.874,1.031,1.198,1.352,1.522,1.654,1.809,1.934,2.083,2.237,2.389,2.572,2.700,2.845,2.996,3.154,3.309,3.460,3.607,3.746,3.904,4.047,4.188,4.341,4.494,4.668,4.825,4.976,5.109,5.273,5.427,5.581,5.736,5.894,6.075,6.241,6.391,6.530,6.694,6.860,7.024,7.193,7.357,7.524,7.645,7.787,7.957,8.141,8.294,8.448,8.614,8.775,8.898,9.055,9.210,9.392,9.535,9.691,9.869,10.016,10.164,10.310,10.461,10.610,10.776,10.899,11.053,11.184,11.328,11.476,11.615,11.740,11.869,12.034,12.173,12.316,12.454,12.650,12.787,12.938,13.086,13.242,13.397,13.534,13.676,13.823,13.965,14.106,14.208,14.354,14.496,14.626,14.772,14.917,15.062,15.234,15.395,15.541,15.673,15.961,16.112,16.262,16.410,16.566,16.707,16.852,17.012,17.167,17.330,17.452,17.594,17.763,17.920,18.073,18.236,18.406,
1,9,0.276,0.606,0.773,0.934,1.109,1.274,1.434,1.604,1.774,1.937,2.105,2.274,2.454,2.622,2.797,2.961,3.151,3.296,3.452,3.620,3.785,3.958,4.108,4.268,4.453,4.596,4.775,4.926,5.083,5.237,5.392,5.557,5.699,5.840,5.990,
1,10,0.320,0.481,0.645,0.801,0.972,1.125,1.299,1.456,1.620,1.774,1.945,
1,11,0.239,0.406,0.569,0.734,0.896,1.069,1.242,1.407,1.567,1.735,1.899,2.062,2.218,2.390,2.548,2.709,2.876,3.034,3.190,3.357,
1,12,0.231,0.411,0.561,0.734,0.886,1.067,1.241,1.416,1.596,1.771,1.928,2.092,2.271,2.428,2.605,2.771,2.921,3.083,3.268,3.445,3.611,3.775,3.944,4.101,4.269,4.432,4.596,4.769,4.948,5.121,5.284,5.446,5.605,5.776,
1,13,0.217,0.371,0.541,0.718,0.893,1.063,1.240,1.411,1.573,1.735,1.906,2.066,2.229,2.406,2.597,2.742,2.894,3.058,3.228,3.407,3.569,3.744,3.919,4.078,4.233,4.398,4.563,4.721,4.899,5.050,5.214,5.370,5.528,5.690,5.827,5.985,6.146,6.306,6.462,6.613,6.763,6.908,7.080,7.239,7.396,7.567,7.725,8.203,8.350,8.494,8.647,8.787,8.951,9.098,9.264,9.413,9.580,9.764,9.912,10.081,10.235,10.469,10.605,10.775,10.931,11.111,11.271,11.435,11.598,11.774,11.935,12.104,12.272,12.448,12.625,12.783,12.948,13.107,13.266,13.426,13.592,13.766,13.927,14.100,14.266,14.435,14.600,14.767,14.947,15.122,15.287,15.459,15.626,15.796,15.967,16.134,16.299,16.467,16.634,16.794,16.967,17.154,17.322,17.518,17.679,17.849,18.018,18.191,18.363,
1,14,0.241,0.397,0.571,0.772,0.914,1.093,1.272,1.433,1.623,1.788,1.962,2.139,2.326,2.491,2.674,2.848,3.027,3.197,3.390,3.540,3.716,3.890,4.036,4.189,4.367,4.533,4.697,4.891,5.041,5.199,5.345,5.524,5.680,5.843,5.996,6.144,6.317,6.494,6.648,6.820,6.975,7.142,7.295,7.478,7.642,7.812,7.982,8.154,8.275,8.417,8.592,8.776,8.951,9.143,9.290,9.459,9.643,9.816,9.998,10.175,10.342,10.527,10.690,10.865,11.048,11.216,11.373,11.551,11.700,11.871,12.042,12.225,12.394,12.589,12.761,12.898,13.164,13.344,13.511,13.689,13.859,14.037,14.221,14.460,14.614,14.783,14.951,15.145,15.313,15.473,15.699,15.874,16.046,16.244,16.416,16.646,16.815,16.965,17.181,17.368,17.559,17.703,17.866,18.032,18.199,18.397,
1,15,0.220,0.399,0.540,0.697,0.863,1.030,1.190,1.349,1.516,1.662,1.824,1.979,2.133,2.293,2.446,2.608,2.766,2.926,3.107,3.273,
1,16,0.235,0.427,0.597,0.770,0.945,1.144,1.299,1.471,1.644,1.792,
1,17,0.271,0.424,0.599,0.771,0.957,1.127,1.305,1.488,1.667,1.842,2.025,2.208,2.405,2.597,2.781,2.944,3.112,3.276,3.453,3.648,3.850,4.042,4.238,4.391,4.557,4.724,4.898,5.064,5.241,5.403,5.574,5.730,5.908,6.074,6.247,6.410,6.569,6.739,6.897,7.053,7.215,7.369,7.551,7.745,7.895,8.085,8.246,8.423,8.600,8.772,8.935,9.109,9.294,9.482,9.686,9.874,10.074,10.276,10.475,
1,18,0.192,0.370,0.538,0.722,0.931,1.118,1.303,1.485,1.662,1.834,2.017,2.189,2.363,2.536,2.706,2.876,3.051,3.231,3.404,3.576,3.748,3.918,4.088,4.265,4.438,4.608,4.782,4.928,5.096,5.275,5.442,5.649,5.802,
1,19,0.228,0.407,0.571,0.743,0.917,1.094,1.288,1.458,1.623,1.796,1.966,2.148,2.323,2.515,2.669,2.855,3.047,3.207,3.375,3.557,3.741,3.916,4.091,4.272,4.420,4.591,4.772,4.960,5.149,5.303,5.473,5.659,5.844,6.026,6.206,6.400,6.587,6.767,6.934,7.119,7.307,7.480,7.656,7.830,8.024,8.195,8.365,8.549,8.724,8.904,9.070,9.268,9.451,9.623,9.800,9.992,10.193,10.349,10.518,10.681,10.885,11.041,11.213,11.424,11.595,11.769,11.962,12.157,12.340,12.523,12.697,12.886,13.066,13.236,13.405,13.573,13.770,13.942,14.137,14.321,14.520,14.693,14.868,15.055,15.241,15.413,15.601,15.787,15.965,16.161,16.344,16.537,16.733,16.895,17.074,17.278,17.471,17.655,17.889,18.035,18.236,18.437,18.639,18.787,18.997,19.176,19.360,19.542,19.719,19.889,20.045,20.200,20.390,20.587,20.790,20.929,21.106,21.291,21.470,21.657,21.847,22.027,22.219,22.405,22.612,22.791,22.954,23.141,23.294,23.453,23.618,23.798,23.960,24.141,24.295,24.453,24.610,24.775,24.929,25.074,25.235,25.392,25.543,25.711,25.892,26.045,26.226,26.410,26.643,26.788,26.917,27.089,27.259,27.444,27.625,27.801,27.974,28.143,28.331,28.510,28.695,28.866,29.057,29.234,29.414,29.588,29.777,29.951,30.144,30.309,30.468,30.645,30.807,30.980,31.162,31.343,31.519,31.679,31.859,32.044,32.226,
1,20,0.251,0.439,0.614,
1,21,0.236,0.413,0.592,0.770,0.939,1.122,1.282,1.452,1.620,1.780,1.949,2.118,2.290,2.456,2.620,2.793,2.966,3.154,3.340,
1,22,0.241,0.421,0.583,0.752,0.924,1.101,1.277,1.460,1.647,1.814,1.980,2.150,2.326,2.502,2.677,2.844,3.021,3.196,3.372,3.556,3.721,3.912,4.096,4.296,4.481,4.665,4.853,5.044,5.236,5.425,5.603,5.810,6.015,6.196,6.375,6.555,6.732,6.924,7.099,7.281,7.468,7.650,7.822,7.995,8.182,8.372,8.573,8.767,8.935,9.146,9.346,9.524,9.714,9.903,10.081,10.267,10.440,10.651,10.804,10.985,11.173,11.368,11.555,11.730,11.929,12.104,12.281,12.459,12.662,12.859,13.053,13.226,13.390,13.556,13.728,13.907,14.093,14.287,14.473,14.651,14.833,15.023,15.204,15.403,15.562,15.770,15.930,16.101,16.292,16.494,16.687,16.871,17.058,17.251,17.435,17.599,17.771,17.946,18.155,18.327,
1,23,0.223,0.410,0.580,0.783,0.971,1.146,1.325,1.512,1.706,1.893,2.066,2.260,2.456,2.650,2.826,3.010,3.198,3.376,3.569,3.761,3.943,4.119,4.293,4.485,4.671,4.832,5.001,5.201,5.395,5.574,5.762,5.934,6.102,6.269,6.454,6.652,6.825,7.012,7.176,7.353,7.536,7.722,7.896,8.094,8.263,8.426,8.595,8.779,8.967,9.153,9.305,9.468,9.647,9.820,9.990,10.178,10.352,
1,24,0.272,0.450,0.617,0.808,0.994,1.198,1.401,1.593,1.782,1.981,2.174,2.360,2.553,2.761,2.955,3.110,3.287,3.473,3.670,3.852,4.031,4.193,4.357,4.531,4.711,4.896,5.054,5.224,5.396,5.554,5.734,5.913,6.069,6.244,6.400,6.582,6.770,6.962,7.147,7.293,7.461,7.647,7.794,7.984,8.181,8.368,8.554,8.752,8.917,9.085,9.264,9.438,9.648,9.799,9.981,10.168,10.351,
1,25,0.116,0.311,0.502,0.704,0.898,1.058,1.236,1.435,1.648,1.832,
1,26,0.232,0.389,0.561,0.746,0.925,1.102,1.301,1.459,1.651,1.861,
1,27,0.410,0.595,0.772,0.957,1.145,1.326,1.494,1.667,2.022,2.171,2.356,2.552,2.727,2.907,3.089,3.283,3.460,3.643,3.832,4.023,4.204,4.397,4.563,4.774,4.952,5.124,5.306,5.498,5.689,5.891,6.049,6.240,6.435,6.625,6.807,6.994,7.183,7.363,7.552,7.752,7.929,8.096,8.275,8.446,8.607,8.782,8.956,9.146,9.332,9.509,9.699,9.893,10.066,10.247,10.420,10.595,10.775,10.972,11.158,11.338,11.520,11.717,11.916,12.117,12.290,12.465,12.659,12.858,13.043,13.228,13.407,13.598,13.766,13.956,14.145,14.339,14.540,14.726,14.895,15.087,15.285,15.476,15.675,15.856,16.022,16.229,16.396,16.590,16.787,16.938,17.146,17.308,17.484,17.676,17.868,18.049,18.234,18.409,18.603,18.782,18.966,19.154,19.354,19.536,19.721,19.927,20.127,20.292,20.459,20.655,20.866,21.051,21.242,21.413,21.590,21.775,21.964,22.149,22.302,22.487,22.703,22.899,23.072,23.266,23.458,23.621,23.813,24.000,24.233,24.405,24.590,24.788,24.973,25.172,25.362,25.551,25.767,25.942,26.122,26.301,26.491,26.697,26.899,27.064,27.244,27.440,27.635,27.814,27.992,28.176,28.376,28.577,28.778,28.939,29.135,29.310,29.493,29.682,29.893,30.078,30.242,30.436,30.614,30.801,30.996,31.194,31.386,31.588,31.776,31.969,32.156,
1,28,0.333,0.494,0.882,1.052,1.242,1.432,1.620,1.807,1.982,2.166,2.356,2.554,2.733,2.914,3.095,3.281,3.478,3.662,3.857,4.036,4.236,4.427,4.650,4.833,5.032,5.243,5.430,5.634,5.838,6.047,6.232,6.428,6.625,6.824,7.018,7.203,7.392,7.570,7.768,7.963,8.138,8.318,8.519,8.706,8.898,9.090,9.279,9.473,9.673,9.855,10.037,10.209,10.398,10.593,10.773,10.961,11.146,11.321,11.501,11.836,12.021,12.200,12.387,12.567,12.771,12.936,13.118,13.298,13.487,13.675,13.875,14.060,14.243,14.429,14.605,14.799,14.984,15.184,15.389,15.547,15.736,15.936,16.139,16.341,16.553,16.750,16.917,17.112,17.298,17.486,17.683,17.873,18.062,18.240,
1,29,0.435,0.596,0.768,0.965,1.145,1.324,
1,30,0.219,0.394,0.557,0.746,0.933,1.144,1.339,1.516,1.701,1.895,2.098,2.282,2.476,2.675,2.862,3.043,3.248,
1,31,0.267,0.427,0.608,0.791,0.987,1.173,1.362,1.528,1.714,1.898,2.086,2.277,2.620,
1,32,0.210,0.377,0.550,0.737,0.936,1.120,1.307,1.480,1.674,1.854,2.040,2.228,2.407,2.586,2.769,2.954,3.146,3.323,3.513,3.699,3.896,4.061,4.240,4.431,4.646,4.823,5.013,5.351,5.514,5.681,5.848,6.027,6.204,6.524,6.869,7.039,7.216,7.408,7.585,7.765,7.927,8.100,8.278,8.455,8.648,8.816,8.991,9.181,9.358,9.545,9.710,9.899,10.073,10.250,10.438,
1,33,0.251,0.413,0.549,0.865,1.064,1.261,1.450,1.609,1.807,1.969,2.157,2.344,2.530,2.721,2.918,3.097,3.281,3.473,3.665,3.859,4.049,4.238,4.427,4.646,4.837,5.020,5.224,5.431,5.618,5.811,6.003,6.200,6.396,6.575,6.773,6.972,7.166,7.366,7.577,7.764,7.945,8.160,8.373,8.554,8.741,8.939,9.148,9.326,9.521,9.702,9.898,10.086,10.284,10.476,10.678,10.873,11.069,11.250,11.448,11.649,11.844,12.030,12.223,12.421,12.618,12.818,13.016,13.203,13.400,13.587,13.784,13.973,14.198,14.393,14.576,14.767,15.001,15.188,15.386,15.586,15.781,16.001,16.176,16.384,16.594,16.829,17.018,17.196,17.408,17.611,17.815,18.002,18.199,
1,34,0.058,0.269,0.443,0.643,0.848,1.034,1.239,1.411,1.620,1.797,1.989,
1,35,0.238,0.440,0.623,0.820,1.027,1.227,1.416,1.613,1.827,
1,36,0.219,0.435,0.595,0.801,0.993,1.188,1.401,1.567,1.746,1.926,2.111,2.297,2.492,2.684,2.876,3.070,3.250,3.432,3.621,3.810,3.983,4.171,4.344,4.531,4.718,4.902,5.098,5.284,5.463,5.650,5.826,
1,37,0.202,0.394,0.566,0.747,0.931,1.117,1.285,1.465,1.648,1.829,2.015,2.208,2.395,2.559,2.737,2.919,3.116,3.290,3.456,3.655,3.842,4.047,4.209,4.396,4.581,4.781,4.972,5.146,5.329,5.522,5.726,5.926,
1,38,0.066,0.268,0.406,0.610,0.784,0.977,
1,39,0.400,0.601,0.773,0.938,
1,40,0.211,0.405,0.583,0.767,0.964,1.165,1.370,1.556,1.752,1.954,2.156,2.353,2.551,2.729,2.921,3.151,3.343,3.552,3.775,3.982,4.186,4.388,4.582,4.778,4.970,5.171,5.366,5.565,5.769,
1,41,0.250,0.427,0.596,0.770,0.953,1.150,1.335,1.517,1.702,1.884,2.076,2.274,2.476,2.654,2.846,3.043,3.241,3.448,3.651,3.841,4.030,4.208,4.409,4.614,4.807,5.001,5.189,5.385,5.570,5.772,5.970,6.164,6.362,6.570,6.777,6.989,7.189,7.390,7.574,7.770,7.961,8.150,8.346,8.532,8.719,8.920,9.106,9.280,9.460,9.647,9.843,10.027,10.186,10.449,
1,42,0.204,0.410,0.574,
1,43,0.248,0.445,0.608,0.796,0.994,1.190,1.396,1.571,1.770,1.965,2.164,2.351,2.553,2.739,2.951,3.147,3.342,3.531,3.730,3.934,4.147,4.340,4.529,4.721,4.936,5.107,5.309,5.515,5.707,5.898,6.086,6.276,6.482,6.668,6.873,7.069,7.272,7.455,7.649,7.844,8.031,8.215,8.399,8.582,8.766,8.939,9.153,9.333,9.517,9.716,9.908,10.314,10.500,10.682,10.901,11.079,11.268,11.457,11.663,11.858,12.055,12.250,12.446,12.647,12.837,13.044,13.252,13.431,13.635,13.827,14.022,14.222,14.432,14.636,14.833,15.042,15.240,15.435,15.646,15.845,16.047,16.219,16.415,16.591,16.773,16.959,17.165,17.375,17.569,17.771,17.957,18.164,18.388,
1,44,0.267,0.426,0.650,0.799,1.021,1.212,1.391,1.598,1.794,2.018,2.230,2.414,2.611,2.807,3.018,3.223,3.431,3.640,3.842,4.031,4.223,4.429,4.635,4.808,5.019,5.218,5.421,5.636,5.845,6.052,6.270,6.465,6.674,6.868,7.086,7.295,7.491,7.690,7.907,8.101,8.303,8.521,8.707,8.911,9.104,9.313,9.521,9.713,9.912,10.125,10.323,10.534,10.736,10.930,11.139,11.338,11.546,11.772,11.952,12.172,12.377,12.581,12.776,12.970,13.193,13.402,13.616,13.783,13.931,14.155,14.340,14.551,14.774,14.953,15.177,15.391,15.583,15.784,15.986,16.180,16.373,16.564,16.745,16.943,17.125,17.324,17.525,17.720,17.912,18.111,18.322,18.526,18.747,18.939,19.149,19.372,19.575,19.780,20.000,20.187,20.403,20.610,20.826,21.032,21.260,21.465,21.661,21.862,22.066,22.278,22.479,22.681,22.894,23.078,23.285,23.478,23.701,23.895,24.079,24.320,24.422,24.579,24.762,24.954,25.145,25.337,25.555,25.746,25.942,26.158,26.355,26.562,26.763,26.942,27.159,27.368,27.555,27.763,27.977,28.179,28.397,28.558,28.764,28.970,29.164,29.357,29.543,29.745,29.951,30.161,30.358,30.550,30.768,30.964,31.161,31.369,31.544,31.744,31.935,32.118,
1,45,0.261,0.459,0.645,0.837,1.015,1.233,1.457,1.678,1.864,2.053,2.250,2.471,
1,46,0.233,0.420,0.617,
1,47,0.272,0.423,0.573,0.793,0.968,1.156,1.328,1.482,1.669,1.818,1.987,2.140,2.390,2.534,2.722,2.874,3.033,3.206,3.371,3.551,3.719,3.897,4.141,4.298,4.495,4.664,4.850,5.034,5.210,5.391,5.556,5.730,5.904,6.092,6.258,6.438,6.624,6.797,6.982,7.174,7.360,7.525,7.713,7.893,8.093,8.277,8.454,8.655,8.846,9.010,9.203,9.372,9.577,9.748,10.078,10.250,10.416,
1,48,0.212,0.394,0.586,0.761,0.953,1.144,1.334,1.518,1.703,1.874,2.045,2.217,2.395,2.572,2.713,2.895,3.076,3.262,
1,49,0.224,0.407,0.578,
1,50,0.231,0.419,
1,51,0.242,0.436,0.662,0.842,1.016,1.211,1.400,1.556,1.726,1.900,2.063,2.234,2.405,2.600,2.767,2.927,3.101,3.274,3.445,3.623,3.799,3.970,4.151,4.317,4.497,4.683,4.855,5.035,5.198,5.371,5.531,5.694,5.854,6.028,6.222,6.366,6.551,6.718,6.888,7.065,7.233,7.422,7.613,7.808,7.952,8.136,8.301,8.478,8.672,8.983,9.153,9.313,9.520,9.673,9.868,10.054,10.271,10.403,10.587,10.771,10.943,11.111,11.300,11.492,11.669,11.833,12.021,12.192,12.388,12.556,12.735,12.915,13.095,13.301,13.482,13.679,13.850,14.037,14.237,14.433,14.612,14.792,14.985,15.176,15.361,15.566,15.744,15.914,16.124,16.296,16.493,16.677,16.849,17.034,17.210,17.397,17.594,17.774,17.993,18.156,18.331,18.525,18.707,18.908,19.098,19.296,19.525,19.674,19.867,20.062,20.250,20.451,20.642,20.819,21.026,21.228,21.402,21.605,21.791,22.012,22.172,22.393,22.593,22.777,22.974,23.150,23.360,23.552,23.746,23.943,24.144,24.340,24.511,24.678,24.894,25.067,25.278,25.451,25.657,25.856,26.045,26.231,26.422,26.610,26.805,27.000,27.216,27.395,27.599,27.790,27.998,28.210,28.396,28.571,28.763,28.960,29.161,29.344,29.529,29.713,29.897,30.084,30.290,30.501,30.706,30.897,31.085,31.288,31.488,31.687,31.898,32.088,
1,52,,
1,53,0.320,0.464,0.651,
1,54,0.274,0.473,0.647,0.839,1.020,
1,55,0.185,0.400,0.559,0.760,0.945,1.144,1.332,1.522,1.733,1.931,2.119,2.310,2.523,2.645,2.858,3.038,3.230,3.428,3.607,3.815,3.996,4.199,4.396,4.570,4.769,4.971,5.156,5.356,5.562,5.747,6.013,6.173,6.368,6.567,6.772,6.986,7.196,7.419,7.620,7.811,7.987,8.167,8.359,8.553,8.728,8.911,9.098,9.282,9.459,9.648,9.843,10.032,10.214,10.398,10.583,10.775,10.949,11.121,11.307,11.483,11.678,11.865,12.053,12.237,12.431,12.621,12.820,13.016,13.206,13.400,13.587,13.784,13.984,14.177,14.391,14.578,14.774,14.967,15.173,15.374,15.576,15.785,15.982,16.177,16.392,16.601,16.795,17.018,17.223,17.424,17.609,17.802,17.996,18.193,18.385,18.585,18.812,19.019,19.233,19.448,19.663,19.886,20.078,20.299,20.530,20.774,20.991,21.204,21.408,21.640,21.848,22.203,22.391,22.521,22.750,22.945,23.156,23.352,23.553,23.721,23.918,24.114,24.321,24.522,24.737,24.945,25.172,25.389,25.599,25.807,26.022,26.224,26.411,26.614,26.819,27.023,27.228,27.436,27.660,27.861,28.074,28.273,28.493,28.724,28.923,29.159,29.358,29.598,29.818,30.059,30.270,30.455,30.648,30.865,31.086,31.270,31.497,31.737,31.892,32.118,32.325,
1,56,0.225,0.403,0.583,0.781,0.977,1.165,1.358,1.552,1.751,1.965,2.174,2.368,2.559,2.768,2.958,3.150,3.340,3.536,
1,57,0.101,0.230,0.453,0.643,0.840,1.030,1.217,1.406,1.601,1.792,1.989,2.171,2.361,2.555,2.745,2.943,3.145,3.335,3.544,3.743,3.943,4.147,4.342,4.553,4.769,4.956,5.167,5.362,5.566,5.769,5.969,6.167,6.370,6.581,6.770,6.959,7.148,7.356,7.557,7.770,7.976,8.192,8.387,8.584,8.805,9.021,9.391,9.607,9.771,9.954,10.153,10.350,10.548,10.772,10.958,11.165,11.357,11.591,11.793,12.033,12.273,12.462,12.649,12.861,13.072,13.232,13.433,13.659,13.890,14.121,14.280,14.477,14.667,14.890,15.108,15.274,15.474,15.665,15.903,16.100,16.274,16.458,16.659,16.872,17.043,17.436,17.623,17.829,18.011,18.210,18.436,18.607,18.815,19.281,19.514,19.736,19.971,20.149,20.405,20.600,20.979,21.190,21.408,21.613,21.819,22.029,22.214,22.421,22.644,22.843,23.048,23.264,23.468,23.671,23.858,24.062,24.270,24.471,24.672,24.895,25.072,25.293,25.512,25.719,25.927,26.126,26.327,26.539,26.739,26.926,27.146,27.348,27.551,27.767,27.965,28.159,28.350,28.545,28.737,28.931,29.147,29.359,29.581,29.802,30.001,30.214,30.422,30.658,30.870,31.039,31.251,31.460,31.680,31.898,32.111,
1,58,0.216,0.472,0.839,1.041,1.269,1.480,1.686,1.898,2.093,2.321,2.539,2.751,2.966,3.202,3.435,3.667,3.889,4.096,4.317,4.540,4.770,4.977,5.186,5.391,5.604,5.815,6.027,6.251,6.456,6.664,6.874,7.272,7.464,7.653,7.889,8.071,8.282,8.486,8.690,8.889,9.110,9.324,9.532,9.738,9.921,10.140,10.339,10.552,10.773,10.971,11.182,11.397,11.640,11.845,12.041,12.250,12.459,12.680,12.891,13.097,13.297,13.525,13.734,13.947,14.161,14.358,14.557,14.775,14.968,15.392,15.572,15.759,15.963,16.162,16.362,16.587,16.806,17.014,17.250,17.418,17.643,17.826,18.034,18.234,18.477,18.666,18.869,19.059,19.260,19.458,19.669,19.898,20.079,20.300,20.511,20.737,20.960,21.167,21.407,21.627,21.826,22.041,22.269,22.469,22.697,22.896,23.099,23.311,23.519,23.729,23.925,24.146,24.342,24.541,24.763,24.962,25.163,25.370,25.584,25.783,26.014,26.203,26.419,26.620,26.816,27.014,27.204,27.432,27.648,27.867,28.074,28.278,28.515,28.704,28.957,29.104,29.322,29.547,29.742,29.948,30.171,30.374,30.607,30.803,31.033,31.173,31.439,31.650,31.816,32.023,32.236,
1,59,0.305,0.647,0.946,1.264,1.563,1.847,2.014,2.184,2.345,2.514,2.668,2.833,3.015,3.176,3.338,3.515,3.674,3.843,3.998,4.171,4.332,4.484,4.649,4.958,5.149,5.300,5.475,5.649,5.829,
1,60,0.269,0.411,0.594,
1,61,0.297,0.472,0.660,0.850,1.049,1.236,1.440,1.625,1.816,
1,62,0.230,0.422,0.599,0.808,0.981,1.182,1.338,1.531,1.710,1.901,2.078,2.275,2.431,2.606,2.775,2.943,3.123,3.300,3.478,3.666,3.862,4.048,4.235,4.417,4.604,4.771,4.951,5.143,5.325,5.502,5.689,5.877,6.063,6.249,6.428,6.605,6.815,6.964,7.158,7.349,7.549,7.737,7.931,8.117,8.327,8.530,8.720,8.934,9.115,9.310,9.521,9.720,9.927,10.125,10.315,10.512,10.736,10.944,11.221,11.425,11.675,12.019,12.205,12.396,12.586,12.790,12.990,13.183,13.366,13.582,13.763,13.965,14.184,14.397,14.575,14.786,14.997,15.225,15.417,15.618,15.830,16.042,16.245,16.623,16.831,16.988,17.224,17.426,17.623,17.812,18.022,18.207,
1,63,0.235,0.440,0.621,
1,64,0.215,0.600,0.806,1.019,1.192,1.393,1.593,1.794,2.020,2.212,2.415,2.620,2.814,3.020,3.429,3.637,3.842,4.057,4.271,4.461,4.667,4.869,5.068,5.275,5.486,5.688,5.892,
1,65,0.203,0.410,0.602,0.805,1.030,
1,66,0.212,0.421,0.608,0.802,1.003,1.201,1.407,1.602,1.778,2.021,2.218,2.437,2.654,2.860,3.058,3.298,3.492,3.720,3.949,4.187,4.430,4.696,4.918,5.111,5.328,5.560,5.766,5.950,6.159,6.399,6.601,6.829,7.033,7.231,7.458,7.670,7.900,8.100,8.307,8.517,8.719,8.932,9.154,9.369,9.603,9.814,10.037,10.268,10.463,10.679,10.861,11.091,11.280,11.482,11.696,11.900,12.111,12.332,12.541,12.750,12.966,13.162,13.386,13.546,13.738,13.951,14.172,14.376,14.583,14.795,15.020,15.206,15.387,15.641,15.839,16.050,16.239,16.487,16.711,16.944,17.155,17.420,17.609,17.823,18.031,18.243,18.424,18.658,18.840,19.078,19.305,19.501,19.706,19.923,20.124,20.352,20.598,20.791,20.997,21.193,21.421,21.640,21.864,22.071,22.273,22.465,22.672,22.867,23.099,23.274,23.524,23.711,23.894,24.078,24.274,24.422,24.588,24.775,24.989,25.156,25.350,25.525,25.729,25.958,26.169,26.396,26.582,26.778,26.966,27.179,27.393,27.583,27.789,28.109,28.331,28.537,28.808,29.010,29.251,29.510,29.807,30.057,30.450,30.659,30.843,31.073,31.251,31.486,31.714,31.952,32.124,
1,67,0.189,0.400,0.594,0.819,1.020,1.226,1.440,1.640,1.840,2.060,2.271,2.482,2.693,2.910,3.138,3.359,3.585,3.800,4.054,4.340,4.619,4.848,5.061,5.282,5.493,5.719,5.902,6.120,6.356,6.581,6.829,7.040,7.273,7.523,7.727,7.939,8.152,8.369,8.577,8.803,9.024,9.214,9.407,9.576,9.778,9.981,10.173,10.409,
1,68,0.031,0.220,0.408,0.615,0.790,0.984,1.182,1.399,1.558,1.749,1.938,2.123,2.322,2.528,2.725,2.934,3.149,3.326,3.516,3.723,3.924,4.150,4.325,4.529,4.741,4.941,5.121,5.316,5.517,5.697,5.901,6.081,6.268,6.435,6.651,6.836,7.035,7.207,7.404,7.604,7.800,7.999,8.191,8.397,8.585,8.803,9.019,9.251,9.459,9.688,9.981,10.202,10.440,10.711,
1,69,0.273,0.441,0.618,0.790,0.963,1.156,
1,70,0.208,0.400,0.573,0.766,0.946,1.150,1.342,1.536,1.726,1.910,2.103,2.288,2.472,2.666,2.847,3.032,3.219,3.409,3.597,3.788,3.990,4.188,4.390,4.590,4.785,4.985,5.147,5.385,5.580,5.726,5.954,
1,71,0.245,0.429,0.631,0.806,
1,72,0.392,0.572,0.752,0.944,1.146,1.339,1.524,1.704,1.896,2.085,2.276,2.474,2.675,2.893,3.064,3.285,
1,73,0.232,0.343,0.582,0.776,0.945,1.143,1.325,1.526,1.733,1.939,2.120,2.315,2.526,2.727,2.933,3.143,
1,74,0.202,0.413,0.598,0.784,0.977,1.180,1.363,1.549,1.721,1.974,2.167,2.385,2.579,2.788,2.994,3.208,3.445,3.643,3.820,4.019,4.218,4.409,4.595,4.776,4.974,5.142,5.323,5.520,5.708,5.898,6.094,6.297,6.520,6.704,6.893,7.077,7.274,7.467,7.637,
1,75,0.197,0.399,0.570,0.766,0.934,1.116,1.284,1.463,1.641,1.820,2.017,2.194,2.367,2.535,2.734,2.910,3.093,3.299,3.518,3.663,3.853,4.040,4.373,4.583,4.836,5.025,5.203,5.402,5.597,5.825,6.019,6.216,6.407,6.591,6.772,6.968,7.148,7.304,7.519,7.679,7.860,8.054,8.248,8.452,8.639,8.819,9.020,9.206,9.387,9.556,9.771,9.947,10.152,10.354,10.530,
1,76,0.200,0.396,0.603,0.805,1.023,1.218,1.416,1.623,1.807,2.030,2.228,2.446,2.665,2.876,3.092,3.295,3.493,3.697,3.898,4.093,4.292,4.486,4.678,4.874,5.064,5.258,5.455,5.648,5.841,
1,77,0.246,0.426,0.617,0.824,1.018,1.184,1.385,1.585,1.775,1.968,2.164,2.356,2.548,2.750,2.946,3.154,3.347,3.563,3.747,3.937,4.136,4.323,4.494,4.687,4.853,5.047,5.236,5.410,5.594,5.785,5.976,6.170,6.375,6.562,6.771,6.975,7.167,7.357,7.548,7.739,7.948,8.148,8.333,8.528,8.733,8.925,9.118,9.319,9.522,9.707,9.921,10.122,10.336,10.529,10.727,10.934,11.146,11.344,11.538,11.745,11.869,12.114,12.308,12.493,12.682,12.876,13.078,13.299,13.493,13.687,13.903,14.091,14.296,14.524,14.722,14.913,15.141,15.361,15.575,15.777,15.985,16.186,16.392,16.590,16.790,17.009,17.216,17.405,17.608,17.837,18.229,18.410,18.608,18.820,19.026,19.246,19.486,19.700,19.913,20.144,20.369,20.577,20.798,21.011,21.232,21.438,21.654,21.895,22.107,22.326,22.562,22.783,22.983,23.211,23.437,23.660,23.896,24.146,24.402,24.646,24.867,25.075,25.289,25.496,25.710,25.933,26.147,26.346,26.580,26.801,27.038,27.242,27.470,27.617,27.897,28.082,28.286,28.478,28.690,28.898,29.093,29.309,29.500,29.700,29.930,30.149,30.341,30.547,30.772,30.994,31.220,31.460,31.649,31.837,32.048,32.266,
1,78,0.214,0.429,0.610,0.806,1.029,1.224,1.455,1.668,1.850,2.062,2.271,2.455,2.661,2.859,2.997,3.230,3.448,3.650,3.807,4.038,4.245,4.449,4.616,4.775,4.980,5.164,5.367,5.568,5.769,5.958,6.165,6.353,6.562,6.748,6.976,7.170,7.363,7.567,7.779,7.979,8.188,8.401,8.602,8.810,9.021,9.210,9.406,9.602,9.808,10.021,10.218,10.439,10.638,10.876,11.095,11.294,11.488,11.678,11.889,12.091,12.304,12.523,12.721,12.954,13.169,13.371,13.613,13.817,14.044,14.277,14.501,14.728,14.976,15.216,15.444,15.650,15.857,16.068,16.274,16.486,16.700,16.916,17.141,17.336,17.535,17.730,17.932,18.142,18.361,
1,79,0.216,0.405,0.595,0.792,0.996,1.212,1.435,1.659,1.869,
1,80,0.208,0.396,0.597,0.764,0.962,1.160,1.357,1.562,1.774,1.993,2.190,2.365,2.573,2.765,2.938,3.144,3.326,3.527,3.724,3.926,4.144,4.336,4.535,4.742,4.953,5.145,5.339,5.537,5.745,5.946,6.152,6.343,6.544,6.743,6.927,7.122,7.315,7.516,7.724,7.932,8.146,8.326,8.548,8.746,8.953,9.146,9.327,9.527,9.729,9.938,10.162,10.376,
1,81,0.237,0.437,0.636,0.848,1.076,1.307,1.527,1.739,
