0,1,0.088,0.262,0.423,0.591,0.770,0.940,1.114,1.286,1.467,1.647,1.820,2.013,2.200,2.397,2.582,2.764,2.951,3.147,3.327,3.521,3.718,3.922,4.148,4.335,4.534,4.734,4.932,5.119,5.314,5.515,5.670,5.899,6.077,6.265,6.443,6.649,6.828,7.016,7.203,7.399,7.587,7.773,7.961,8.153,8.337,8.534,8.747,8.937,9.150,9.345,9.550,9.767,9.959,10.156,10.360,
0,1,0.363,0.865,
0,1,0.236,0.438,0.634,0.824,1.035,1.212,
0,1,0.302,0.554,0.854,1.124,1.405,1.687,1.969,2.246,2.519,
2,1,0.185,0.377,0.585,0.790,1.013,1.200,1.409,1.601,1.826,
2,2,0.077,0.246,0.422,0.597,0.772,0.958,1.136,1.310,1.519,1.712,1.905,2.110,2.299,2.492,2.704,2.896,3.104,
2,3,0.213,0.402,0.594,0.776,0.968,1.174,1.373,1.560,1.767,1.949,2.155,2.357,2.559,2.752,2.978,3.180,3.373,3.598,3.789,4.002,4.217,4.413,4.606,4.785,
2,4,0.033,0.220,0.420,0.613,0.799,1.020,1.212,1.420,1.624,1.835,2.047,2.267,2.457,2.665,2.846,3.123,3.297,3.491,3.691,3.892,4.091,4.291,4.483,
2,5,0.215,0.390,0.585,0.786,0.993,1.191,1.400,1.602,1.811,2.002,2.216,2.424,2.618,2.821,3.040,3.236,3.445,3.637,3.836,4.047,4.249,4.465,4.654,4.854,5.048,5.242,5.431,
2,6,0.209,0.406,0.605,0.812,1.021,1.204,1.399,1.604,1.812,2.021,2.222,2.438,2.644,2.849,3.070,3.272,3.472,3.673,3.874,
2,7,0.228,0.410,0.602,0.807,1.014,1.213,1.421,1.619,1.812,2.021,2.234,2.430,2.658,2.858,3.018,3.265,3.447,3.649,3.853,4.060,4.266,4.460,
2,8,0.071,0.277,0.481,0.692,0.887,1.089,1.287,1.520,1.717,1.924,2.102,2.332,2.531,2.736,2.943,3.169,3.369,3.576,3.791,4.022,4.233,4.428,
2,9,0.144,0.343,0.540,0.761,0.960,
2,10,0.087,0.270,0.459,0.661,0.867,
2,11,0.152,0.355,0.562,0.766,0.982,1.176,1.399,1.606,1.795,2.016,2.210,2.419,2.626,2.813,3.020,3.238,3.439,3.650,3.832,4.046,
2,12,0.068,0.244,0.423,0.616,0.813,1.028,
2,13,0.222,0.420,0.639,0.831,1.059,1.282,1.501,1.735,
2,14,0.231,0.404,
2,15,0.068,0.292,0.514,0.711,0.920,1.161,1.408,1.648,
2,16,0.209,0.405,0.622,0.844,
2,17,0.239,0.432,0.619,0.828,1.044,1.272,1.469,1.700,1.913,2.149,2.307,2.586,2.783,3.023,3.230,
2,18,0.054,0.230,0.429,0.642,0.854,1.079,1.279,1.497,1.701,1.929,2.143,2.348,2.561,2.784,3.016,3.236,3.450,3.670,3.864,4.089,4.287,4.496,
2,19,0.230,0.426,0.616,0.822,1.034,1.243,1.459,1.674,1.898,
2,20,0.036,0.233,0.434,0.650,0.851,1.060,1.273,1.500,1.711,1.910,2.150,2.333,2.547,2.746,2.960,3.180,3.384,3.593,3.790,4.018,4.203,
2,21,0.191,0.398,
2,22,0.084,0.278,0.473,0.689,0.900,1.104,1.313,1.517,1.720,1.932,2.150,2.361,2.566,2.779,2.998,3.197,3.406,3.608,
2,23,0.055,0.276,0.495,0.701,0.912,
2,24,0.238,0.396,
2,25,0.052,0.219,0.449,0.654,0.850,1.044,1.245,1.476,1.699,1.908,2.134,2.365,2.569,2.793,2.997,3.215,3.448,3.669,3.897,4.108,4.349,4.546,
2,26,0.193,0.396,0.601,0.812,1.056,1.273,1.455,1.670,1.872,2.098,2.295,2.524,2.713,2.939,3.156,3.391,3.590,3.791,4.031,4.229,
2,27,0.210,0.421,0.601,0.798,0.997,1.208,1.424,1.645,1.839,2.045,2.262,2.478,2.711,2.913,3.119,3.317,3.525,3.726,
2,28,0.184,0.396,0.589,
2,29,0.180,0.374,0.575,0.786,0.996,1.195,1.418,1.619,1.823,2.022,2.251,2.465,2.674,2.897,3.107,3.326,
2,30,0.245,0.425,0.620,0.828,1.042,
2,31,0.261,0.431,0.620,0.817,1.033,1.240,1.444,1.645,1.841,2.048,2.269,2.471,2.680,2.896,3.097,3.311,3.533,3.751,3.984,
2,32,0.192,0.400,0.614,0.822,1.024,1.238,1.450,1.649,1.896,2.088,2.288,2.502,2.712,2.940,3.156,
2,33,0.235,0.431,0.640,0.828,1.039,1.274,1.495,1.706,1.917,2.141,2.391,2.579,2.802,3.025,3.234,3.450,3.666,3.869,4.077,4.276,
2,34,0.125,0.334,0.545,0.706,0.955,1.149,1.363,1.572,1.776,2.001,2.220,2.466,2.667,2.920,3.150,3.357,
2,35,0.240,0.436,0.643,0.833,1.043,1.250,1.490,1.706,1.925,2.147,2.357,2.593,2.802,3.027,3.250,3.460,3.676,3.894,4.112,4.337,4.545,4.948,
2,36,0.093,0.267,0.445,0.626,0.810,1.002,1.206,1.419,1.609,1.828,2.014,2.206,2.397,2.598,2.768,2.959,3.148,3.340,3.534,3.732,3.927,4.122,4.310,4.491,4.683,4.899,5.071,5.266,5.455,
2,37,0.182,0.394,0.586,0.795,1.001,1.205,1.431,1.661,1.894,2.114,2.353,2.580,2.793,3.019,3.231,
2,38,0.266,0.452,0.646,0.836,1.053,1.270,1.486,1.700,1.918,
2,39,0.198,0.395,0.609,0.813,1.037,1.235,1.451,1.660,1.873,2.095,2.291,2.512,2.724,2.933,3.146,3.400,3.610,3.823,4.047,4.263,4.465,4.657,
2,40,0.236,0.432,0.647,0.853,1.061,1.278,1.491,1.697,
2,41,0.161,0.394,0.593,0.790,0.992,1.209,1.416,1.645,1.839,2.050,2.274,2.482,2.696,2.908,3.145,3.329,3.549,3.834,4.051,4.249,4.445,4.671,4.865,5.100,5.312,5.513,
2,42,0.150,0.366,0.554,0.777,0.998,1.207,1.411,1.646,1.843,2.047,2.268,2.518,2.710,2.943,3.159,3.409,3.635,3.875,4.085,4.296,
2,43,0.303,0.522,0.740,0.944,1.148,1.389,1.605,1.816,2.022,2.224,2.436,2.646,2.868,3.072,3.288,3.523,3.725,3.934,4.140,4.361,4.567,4.796,4.995,5.226,5.459,5.663,5.891,6.085,6.294,6.525,6.714,6.926,7.118,
2,44,0.239,0.451,
2,45,0.052,0.254,0.466,0.666,0.888,1.091,1.313,1.525,1.723,1.937,2.139,2.352,2.576,2.772,2.991,3.210,3.422,3.646,3.847,4.076,4.302,4.523,4.718,4.931,5.143,5.359,5.572,5.786,
2,46,0.214,0.415,0.611,0.827,1.053,1.245,1.439,1.672,
2,47,0.203,0.400,0.592,0.806,1.036,1.223,1.425,1.657,1.832,2.061,2.265,2.477,2.699,2.932,3.121,3.336,3.562,3.772,3.982,4.200,4.436,4.649,4.851,5.097,5.293,5.519,5.725,5.961,6.162,6.400,
2,48,0.092,0.291,0.493,0.699,0.910,1.111,1.498,1.695,1.891,2.105,2.313,2.524,2.724,2.955,3.164,3.385,3.596,3.829,4.018,
2,49,0.067,0.245,0.451,0.650,0.842,1.051,
2,50,0.164,0.349,0.533,0.730,0.961,1.156,1.361,1.595,1.788,1.981,2.197,2.400,2.612,2.835,3.061,3.270,3.495,3.702,3.911,4.151,4.324,4.521,4.725,4.916,
2,51,0.213,0.422,0.650,0.846,1.056,1.287,1.517,1.697,1.918,2.125,2.333,2.530,2.749,2.962,3.164,
2,52,0.270,0.466,0.695,0.940,1.175,1.442,1.686,1.947,2.212,2.435,2.659,2.916,3.161,
2,53,0.275,0.515,0.775,1.029,1.285,1.558,1.815,2.075,2.327,2.605,2.852,3.122,3.345,3.617,
2,54,0.194,0.427,
2,55,0.302,0.532,0.766,1.030,
2,56,0.209,0.455,0.666,0.916,1.169,1.399,1.676,1.915,2.174,2.420,2.671,2.900,3.123,3.345,3.600,3.859,4.115,4.340,4.608,4.853,
2,57,0.145,0.364,0.585,0.821,1.058,1.316,1.543,1.789,
2,58,0.076,0.306,0.524,0.747,0.991,1.232,1.476,1.730,
2,59,0.190,0.409,0.610,0.862,1.083,1.319,1.549,1.787,2.025,2.275,2.501,2.775,3.026,3.283,3.526,3.740,3.964,4.204,
2,60,0.082,0.305,0.536,0.796,1.071,1.300,1.566,1.820,2.056,2.318,2.545,2.772,3.023,3.251,3.555,3.773,3.982,4.198,4.446,
2,61,0.026,0.250,0.474,0.724,0.949,1.190,1.425,1.673,1.911,2.144,2.394,2.625,2.848,3.084,3.304,3.531,3.743,3.966,4.187,4.412,
2,62,0.174,0.413,0.624,0.865,1.089,1.320,1.546,1.767,1.988,2.227,2.473,2.702,2.932,3.151,3.360,3.577,3.797,4.018,4.218,4.438,4.686,
2,63,0.145,0.354,0.562,0.776,0.996,1.216,1.445,1.685,1.903,2.146,2.357,2.584,2.790,3.001,3.230,
2,64,0.036,0.263,0.439,
2,65,0.053,0.300,
2,66,0.148,0.268,0.518,0.743,0.959,1.174,1.399,1.597,1.804,2.038,2.280,2.519,2.744,2.984,3.207,3.419,3.650,3.866,4.109,4.344,4.580,4.791,5.017,5.236,5.461,5.716,5.957,
2,67,0.041,0.284,0.515,0.743,0.969,1.193,1.416,1.644,1.831,2.098,2.290,2.513,2.749,2.953,3.195,3.409,3.621,3.844,4.072,4.280,4.512,4.733,4.935,5.146,5.336,5.561,
2,68,0.174,0.417,0.635,0.854,1.080,1.328,1.556,1.769,1.998,2.209,2.419,2.644,2.860,3.075,3.299,3.520,3.721,3.944,4.153,4.373,4.593,4.822,
2,69,0.232,0.445,0.655,0.898,1.098,1.331,1.550,1.731,1.974,2.186,2.409,2.602,2.814,3.048,3.266,3.466,3.672,3.868,4.073,4.270,4.476,
2,70,0.123,0.295,0.524,0.740,0.962,1.177,1.395,1.605,1.804,2.024,2.226,2.440,2.641,2.844,3.047,3.275,3.448,3.654,3.851,4.062,4.276,4.475,
2,71,0.187,0.428,
2,72,0.139,0.358,
2,73,0.143,0.360,0.579,0.841,1.119,1.338,1.571,1.800,2.035,2.251,2.511,2.717,2.941,3.157,3.373,3.587,3.798,3.997,
2,74,0.184,0.422,0.648,0.850,
2,75,0.206,0.437,
2,76,0.276,0.483,0.706,0.925,1.156,1.400,1.643,1.863,
2,77,0.293,0.539,0.764,0.995,1.238,1.471,1.711,1.943,2.197,2.435,2.649,2.899,3.124,3.375,3.620,3.841,4.069,4.310,4.563,4.822,5.060,5.298,5.570,5.796,6.051,6.307,
2,78,0.243,0.476,0.690,0.918,1.148,1.376,1.614,1.858,2.094,2.334,2.577,2.815,3.045,3.288,
2,79,0.137,0.358,0.574,0.807,1.052,1.285,1.527,1.778,2.021,2.275,2.521,2.771,3.021,3.275,3.525,3.772,4.022,4.250,4.476,4.691,4.913,5.142,5.389,
2,80,0.098,0.329,0.535,0.742,0.963,1.176,1.400,1.614,1.835,2.048,2.267,2.461,2.665,2.900,3.114,3.326,
2,81,0.218,0.448,0.655,0.862,1.073,1.293,1.524,1.724,1.920,2.125,2.347,2.585,2.848,3.031,3.275,
2,82,0.097,0.338,0.498,0.722,0.932,1.151,1.348,1.543,1.768,2.018,2.222,2.436,2.669,2.887,3.122,3.329,3.549,3.769,3.967,4.181,4.398,4.599,4.808,5.019,5.219,5.417,
2,83,0.095,0.324,0.537,0.729,0.937,1.151,1.341,1.559,1.746,1.973,2.193,2.412,2.623,2.830,3.043,3.269,3.464,3.679,3.886,4.102,4.296,4.520,4.714,4.930,5.136,5.346,
2,84,0.272,0.488,0.695,0.909,1.110,1.319,1.533,1.749,1.963,2.167,2.390,2.589,2.806,3.024,3.233,3.462,3.669,3.891,4.100,4.313,4.546,4.774,4.982,5.202,5.416,5.645,5.856,6.067,6.275,
2,85,0.046,0.267,0.482,0.699,0.918,1.150,1.360,1.573,1.780,2.017,2.214,2.430,2.634,2.841,3.069,3.285,
2,86,0.065,0.276,0.488,0.699,0.917,1.150,1.346,1.549,1.767,1.966,2.184,2.401,2.605,2.809,3.024,3.233,3.437,3.647,3.856,4.084,4.303,4.518,4.721,4.923,5.135,5.345,
2,87,0.149,0.350,0.547,0.749,0.961,1.169,1.392,1.592,1.793,1.985,2.206,2.399,2.607,2.818,3.022,3.234,
2,88,0.141,0.335,0.544,0.743,0.954,1.174,1.391,1.590,1.805,2.028,2.244,2.462,2.681,2.892,3.103,3.319,3.532,3.745,3.965,4.177,4.393,4.586,4.799,5.002,5.212,5.427,
2,89,0.156,0.359,0.561,0.770,0.991,1.196,1.410,1.617,1.833,
2,90,0.235,0.417,0.612,
2,91,0.064,0.271,0.467,0.671,0.888,
2,92,0.266,0.468,0.666,0.869,1.081,1.306,1.526,1.744,1.934,2.157,2.377,2.586,2.799,3.065,3.294,
2,93,0.168,0.365,0.583,0.799,1.029,
2,94,0.054,0.300,0.517,0.704,0.925,1.149,1.364,1.576,1.782,2.018,2.207,2.419,2.635,2.844,3.047,3.272,3.460,3.678,3.885,4.073,4.302,4.498,4.706,4.924,5.136,5.337,5.546,
2,95,0.155,0.390,0.598,
2,96,0.079,0.281,0.494,0.704,0.930,1.154,1.364,1.576,1.788,1.982,2.188,2.398,2.613,2.824,3.025,3.236,3.464,3.674,3.892,4.109,4.337,4.566,4.774,4.988,5.197,
2,97,0.187,0.396,0.603,0.812,1.026,1.242,1.450,1.662,1.873,
2,98,0.273,0.486,0.685,0.903,1.112,
2,99,0.209,0.436,0.670,0.871,1.088,1.305,1.526,1.729,1.942,2.175,2.370,2.585,2.799,3.001,3.214,3.421,3.647,3.868,4.073,4.277,4.482,4.693,4.916,5.144,5.361,5.555,5.761,5.963,6.164,
2,100,0.147,0.351,0.567,0.781,0.993,1.206,1.415,1.648,1.842,2.062,2.268,2.479,2.691,2.905,3.113,3.333,3.539,3.731,3.946,4.149,4.341,4.541,4.766,4.958,5.164,5.373,5.589,
2,101,0.025,0.239,0.455,0.673,0.892,1.088,1.329,1.526,1.728,1.934,2.143,2.337,2.536,2.750,2.949,3.167,3.367,3.580,3.770,3.963,4.150,4.347,4.535,
2,102,0.028,0.229,0.431,0.642,
2,103,0.189,0.400,0.580,0.776,0.988,1.184,1.376,1.558,1.767,1.934,2.146,2.340,2.529,2.724,2.930,3.134,3.346,
2,104,0.103,0.309,0.501,0.700,0.906,1.105,1.310,1.523,1.698,1.896,2.099,2.305,2.523,2.711,2.910,3.106,3.317,3.524,3.740,3.934,4.141,4.337,4.534,4.736,
2,105,0.198,0.402,0.591,0.797,0.991,1.201,1.397,1.602,
2,106,0.404,0.635,0.822,1.031,1.222,1.424,1.636,1.835,2.044,2.269,2.476,2.662,2.865,3.076,3.292,
2,107,0.224,0.438,0.642,0.834,1.052,1.250,1.468,1.682,
2,108,0.077,0.304,0.493,0.709,0.923,1.144,1.329,1.532,1.727,1.941,2.157,2.394,2.591,2.807,3.018,3.230,3.449,3.672,3.895,4.113,4.334,4.540,4.762,4.959,5.163,
2,109,0.163,0.399,0.577,0.787,0.992,1.183,1.399,1.616,1.827,2.058,2.273,2.502,2.725,2.939,3.150,3.347,3.548,3.767,3.986,4.195,4.401,4.601,4.809,5.001,
2,110,0.045,0.249,0.456,0.657,0.861,1.066,1.270,1.462,1.655,1.872,2.088,2.289,2.475,2.685,2.884,3.094,3.285,3.494,3.698,3.885,4.084,4.272,4.478,
2,111,0.065,0.274,0.476,0.687,0.891,
2,112,0.230,0.449,0.650,0.835,1.046,1.267,1.446,1.670,1.862,2.083,2.296,2.517,2.712,2.918,3.113,3.307,3.534,3.740,3.950,4.164,4.359,4.591,4.815,
2,113,0.241,0.446,0.636,0.828,1.035,1.216,1.439,1.645,2.020,2.216,2.416,2.615,2.827,3.033,3.245,3.460,3.687,3.891,4.112,4.313,4.522,
2,114,0.153,0.355,0.569,0.771,0.972,1.180,1.389,1.589,1.810,
2,115,0.150,0.342,0.551,0.770,0.988,1.197,1.401,1.603,1.802,2.018,2.198,2.397,2.601,2.790,3.018,3.222,3.417,3.626,3.827,4.043,4.238,4.474,4.660,4.934,5.156,
2,116,0.213,0.439,0.652,0.872,1.093,1.311,1.529,1.762,1.964,2.168,2.396,2.588,2.794,2.991,3.205,3.409,3.611,3.819,4.022,4.208,4.413,
2,117,0.212,0.462,0.686,0.899,
2,118,0.058,0.308,0.520,0.767,0.991,1.199,1.410,1.651,1.846,2.088,2.227,2.418,2.620,2.853,3.098,3.339,3.543,3.768,3.978,4.171,4.385,4.573,4.831,
2,119,0.178,0.396,0.603,0.822,1.035,1.271,1.489,1.701,1.902,2.114,2.322,2.531,2.771,2.982,3.198,
2,120,0.296,0.533,0.725,
2,121,0.114,0.296,0.495,0.709,0.930,1.148,1.332,1.538,1.746,1.957,2.163,2.368,2.564,2.769,3.016,3.217,3.431,3.649,3.830,4.038,4.252,4.485,4.684,4.900,
2,122,0.234,0.462,
2,123,0.285,0.521,0.711,0.934,1.152,1.374,1.575,1.808,2.033,2.271,2.455,2.662,2.888,3.097,3.321,3.549,3.811,4.039,4.272,4.476,
2,124,0.145,0.353,0.562,0.785,1.012,1.262,1.427,1.627,1.874,2.146,2.354,2.593,2.821,3.036,3.267,3.492,3.701,3.924,
2,125,0.273,0.475,0.701,0.920,1.140,1.340,1.548,1.774,1.986,2.211,2.422,2.641,2.842,3.056,3.274,3.498,3.705,3.914,4.120,4.329,
2,126,0.127,0.349,0.549,0.764,0.965,
2,127,0.168,0.494,0.695,0.916,1.149,1.359,1.557,1.766,
2,128,0.033,0.206,0.410,0.614,0.823,1.199,1.384,1.551,1.767,1.979,
2,129,0.203,0.386,0.602,0.814,1.049,1.270,1.523,1.734,
2,130,0.241,0.416,0.640,0.869,1.078,1.294,1.498,1.713,1.929,2.136,2.355,2.558,2.773,3.020,3.214,
2,131,0.107,0.319,0.522,0.731,0.927,1.139,1.351,1.566,1.772,1.999,2.209,2.416,2.640,2.863,3.072,3.293,3.502,3.703,3.934,4.150,4.357,4.568,4.791,
2,132,0.174,0.401,0.587,
2,133,0.149,0.396,0.592,0.821,1.030,1.219,1.467,1.674,1.896,2.102,2.323,2.541,2.780,3.013,3.233,
2,134,0.242,0.441,0.647,0.876,1.093,1.308,1.518,1.723,1.943,2.155,2.398,2.609,2.821,3.045,3.265,3.495,3.710,3.919,4.149,4.336,4.535,4.746,
2,135,0.235,0.443,
2,136,0.215,0.442,0.659,0.875,
2,137,0.234,0.442,0.627,0.825,
2,138,0.163,0.366,
2,139,0.109,0.313,0.524,0.733,0.954,1.195,1.417,1.650,1.891,2.118,2.337,2.566,2.801,3.025,3.242,3.448,3.693,3.914,4.155,4.373,4.619,4.844,5.090,
2,140,0.240,0.442,0.660,0.890,1.103,1.316,1.540,1.797,2.027,2.271,2.499,2.725,2.962,3.193,3.449,3.698,3.925,4.158,4.392,4.616,4.828,5.071,5.300,5.522,5.739,
2,141,0.209,0.424,0.648,0.876,1.120,1.333,1.560,1.780,2.015,2.239,2.462,2.695,2.916,3.149,3.356,3.584,3.815,4.033,4.233,
2,142,0.084,0.288,0.487,0.715,0.934,1.150,1.352,1.597,1.806,
2,143,0.078,0.275,0.443,0.676,0.894,1.094,1.311,1.523,1.728,1.954,2.162,2.395,2.619,2.822,3.075,3.271,3.493,3.713,3.915,4.121,4.335,4.529,4.722,4.928,5.146,
2,144,0.236,0.461,0.675,0.901,
2,145,0.199,0.450,0.650,0.900,1.095,1.341,1.547,1.774,1.994,2.214,2.451,2.661,2.894,3.108,3.312,3.540,3.742,3.961,4.168,4.372,
2,146,0.188,0.427,0.645,0.868,1.072,1.300,1.501,1.710,1.925,2.156,2.396,2.615,2.838,3.067,3.306,
2,147,0.273,0.454,0.650,0.862,1.060,1.274,1.488,1.712,1.928,2.144,2.372,2.612,2.824,3.058,3.270,
2,148,0.063,0.277,0.484,0.706,0.933,
2,149,0.220,0.451,0.666,0.934,1.147,1.369,1.587,1.822,2.060,2.286,2.519,2.746,2.968,3.212,
2,150,0.167,0.332,0.541,
2,151,0.153,0.340,0.542,0.763,0.989,1.199,1.416,1.623,1.824,2.036,2.264,2.458,2.689,2.901,3.126,3.330,3.549,3.768,3.984,4.195,4.413,4.648,4.853,5.076,
2,152,0.122,0.335,0.549,0.749,0.955,
2,153,0.227,0.424,0.620,0.822,1.041,1.252,1.478,1.696,1.915,2.124,2.352,2.550,2.767,2.971,3.194,3.391,3.634,3.841,4.044,4.268,4.487,4.695,4.899,5.121,
2,154,0.173,0.373,0.581,0.793,0.990,1.198,1.417,1.611,1.822,2.033,2.264,2.459,2.674,2.898,3.105,3.307,3.551,3.765,3.965,4.173,4.370,4.581,4.787,5.015,
2,155,0.058,0.267,0.451,
2,156,0.168,0.398,
2,157,0.119,0.319,0.538,0.766,0.974,1.166,1.399,1.597,1.792,
2,158,0.172,0.365,
2,159,0.039,0.235,0.453,0.640,0.849,1.066,1.293,1.480,1.691,1.911,2.140,2.330,2.553,2.774,2.974,3.171,3.391,3.608,3.793,4.001,4.226,
2,160,0.092,0.296,0.514,0.701,0.925,1.148,1.350,1.566,1.765,1.976,2.178,2.399,2.610,2.827,3.037,3.247,3.469,3.686,3.903,4.115,4.344,
2,161,0.237,0.438,0.643,0.846,1.062,1.277,1.488,1.696,1.900,2.111,2.323,2.530,2.774,2.964,3.170,3.391,3.595,3.799,4.025,4.236,4.455,4.678,4.901,
2,162,,
