0,1,,
0,1,0.299,
0,1,0.065,0.222,0.407,0.554,0.707,0.858,1.018,1.158,1.314,1.459,1.617,1.771,1.938,2.073,2.232,2.392,2.543,2.689,2.842,3.001,3.154,3.310,3.461,3.620,3.789,3.965,4.109,4.269,4.442,4.599,4.769,4.911,5.066,5.228,5.386,5.552,5.699,5.865,6.020,6.140,6.302,6.479,6.637,6.770,6.847,6.989,7.151,7.322,7.465,7.606,7.771,7.926,8.084,8.271,8.406,8.575,8.750,8.895,9.041,9.206,9.376,9.522,9.695,9.847,9.988,10.139,10.321,
0,1,0.356,0.525,0.666,0.818,0.965,1.135,1.268,1.427,1.584,1.737,1.875,2.028,2.206,2.345,2.501,2.658,2.810,2.984,3.296,3.461,3.593,3.735,3.913,3.997,4.087,4.270,4.437,4.594,4.751,4.900,5.054,5.224,5.376,5.527,5.692,5.868,6.033,6.195,6.362,6.524,6.673,6.843,7.001,7.162,7.344,7.521,7.686,7.847,8.022,8.180,8.371,8.551,8.726,8.827,9.039,9.198,9.389,9.558,9.745,9.913,10.081,10.247,10.560,10.871,11.051,11.352,11.545,11.825,12.033,12.235,12.437,12.823,13.046,13.248,13.447,
1,1,0.469,0.618,0.772,0.908,1.049,1.190,1.348,1.492,1.646,1.763,1.923,2.104,2.233,2.377,2.516,2.664,2.829,2.966,3.118,3.270,3.437,3.580,3.748,3.910,4.070,4.231,4.416,4.566,4.738,4.912,5.033,5.216,5.375,5.529,5.690,5.842,
1,2,0.391,0.525,0.654,0.975,1.124,1.272,
1,3,0.301,0.452,0.588,0.767,0.868,1.047,1.197,1.342,1.501,1.661,1.829,1.991,2.134,2.501,2.634,2.780,2.938,3.091,3.251,3.451,3.635,3.817,4.018,4.157,4.335,4.502,4.675,4.850,5.019,5.179,5.340,5.519,5.687,5.874,6.059,6.229,6.408,6.585,6.770,6.956,7.137,7.336,7.520,7.700,7.896,8.078,8.274,8.432,8.608,8.793,8.968,9.157,9.341,9.521,9.678,9.859,10.040,10.199,10.368,10.566,10.749,10.945,11.105,11.272,11.445,11.642,11.815,12.022,12.203,12.393,12.569,12.744,12.938,13.124,13.305,13.523,13.709,13.902,14.070,14.273,14.400,14.548,14.774,14.946,15.150,15.338,15.527,15.717,15.903,16.112,16.301,16.498,16.700,16.918,17.101,17.292,17.470,17.678,17.865,18.042,18.258,18.444,18.642,18.847,19.029,19.225,19.417,19.607,19.791,19.920,20.125,20.328,20.517,20.710,20.915,21.117,21.309,21.493,21.680,21.853,22.042,22.260,22.433,22.616,22.821,23.035,23.227,23.416,23.588,23.774,23.843,23.930,24.058,24.277,24.466,24.648,24.857,25.050,25.265,25.483,25.707,25.895,26.146,26.318,26.517,26.688,26.848,27.146,27.348,27.525,27.730,27.928,28.147,28.309,28.497,28.686,28.901,29.070,29.290,29.541,29.764,29.952,30.158,30.354,30.564,30.764,31.014,31.172,31.398,31.683,31.852,32.067,32.275,
1,4,0.453,0.611,0.742,0.893,1.074,1.250,1.390,1.560,1.733,1.903,2.080,2.224,2.408,2.582,2.741,2.915,3.097,3.289,3.464,3.641,3.841,4.054,4.287,4.482,4.681,4.863,5.066,5.252,5.434,5.621,5.807,6.001,6.199,6.392,6.580,6.762,6.957,7.143,7.333,7.514,7.702,7.903,8.102,8.283,8.469,8.678,8.872,9.044,9.224,9.418,9.656,9.863,10.089,10.306,10.511,10.703,10.928,11.145,11.337,11.529,11.721,11.934,12.145,12.347,12.562,12.765,12.984,13.216,13.435,13.656,13.869,14.105,14.331,14.546,14.763,14.967,15.174,15.397,15.598,15.810,16.030,16.233,16.463,16.679,16.862,17.082,17.299,17.514,17.704,17.910,18.112,18.351,
1,5,0.147,0.327,0.518,0.724,0.933,1.148,1.347,1.556,1.765,1.964,2.162,2.368,2.569,2.775,2.975,3.184,3.371,3.565,3.773,3.983,4.186,4.399,4.573,4.766,4.954,5.172,5.376,5.592,5.794,6.017,6.226,6.437,6.650,6.848,7.059,7.277,7.467,7.673,7.851,8.047,8.220,8.433,8.621,8.810,9.031,9.240,9.469,9.689,9.905,10.127,10.333,10.551,10.769,10.983,11.195,11.395,11.620,11.846,12.123,12.312,12.520,12.735,12.953,13.177,13.396,13.615,13.862,14.116,14.271,14.500,14.771,14.958,15.216,15.391,15.576,15.784,16.036,16.326,16.496,16.689,16.869,17.069,17.272,17.479,17.654,17.849,18.084,18.273,18.523,18.691,18.924,19.114,19.324,19.536,19.788,20.036,20.274,20.454,20.644,20.859,21.068,21.274,21.474,21.732,21.915,22.113,22.297,22.485,22.690,22.865,23.057,23.275,23.478,23.679,23.892,24.080,24.271,24.526,24.694,24.877,25.099,25.308,25.501,25.687,25.905,26.172,26.360,26.625,26.814,26.994,27.282,27.477,27.685,27.894,28.117,28.338,28.606,28.787,29.011,29.155,29.365,29.645,29.822,30.097,30.293,30.478,30.697,30.929,31.085,31.325,31.531,31.675,31.896,32.038,32.263,
1,6,0.069,0.266,0.457,0.649,0.810,1.016,1.184,1.345,1.531,1.699,1.831,2.034,2.209,2.400,2.573,2.781,3.000,3.124,3.467,3.665,3.841,4.044,4.220,4.459,4.608,4.785,5.001,5.225,5.424,
1,7,0.459,0.622,0.785,0.933,1.105,1.261,1.426,1.628,1.775,
1,8,0.226,0.387,0.535,0.700,0.887,1.057,1.235,1.421,1.592,1.771,1.944,2.114,2.278,2.444,2.638,2.828,2.991,3.163,3.341,3.538,3.721,3.900,4.080,4.272,4.439,4.677,4.858,5.049,5.244,5.428,5.594,5.800,5.977,6.156,6.389,6.582,6.773,6.943,7.140,7.316,7.478,7.672,7.864,8.055,8.274,8.444,8.640,8.818,9.031,9.222,9.408,9.607,9.794,10.024,10.258,
1,9,0.191,0.366,0.551,0.728,0.908,1.090,1.274,1.449,1.643,1.847,2.034,2.236,2.420,2.591,2.767,2.941,3.161,3.353,3.545,3.725,3.904,4.079,4.312,4.478,4.694,4.892,5.135,5.333,5.519,5.711,5.901,6.063,6.452,6.638,6.828,7.019,7.192,7.398,7.576,7.776,7.942,8.123,8.363,8.533,8.740,8.927,9.114,9.277,9.486,9.672,9.871,10.048,10.236,10.388,10.488,
1,10,0.079,0.271,0.459,0.648,0.792,0.986,1.175,1.367,1.697,1.849,2.046,
1,11,0.287,0.462,0.626,0.785,0.965,1.134,1.310,1.472,1.651,1.830,2.018,2.169,2.364,2.575,2.738,2.914,3.097,3.286,3.446,3.635,4.026,4.355,4.564,4.731,4.926,5.158,5.341,5.520,5.719,
1,12,0.204,0.400,0.565,0.751,0.945,1.104,1.294,1.517,1.722,1.918,2.097,2.277,2.457,2.651,2.804,3.018,3.222,3.421,3.611,3.824,4.028,4.196,4.402,4.592,4.781,4.966,5.142,5.320,5.541,5.726,5.897,6.079,6.269,6.493,6.674,6.872,7.107,7.319,7.497,7.677,7.873,8.070,8.214,8.442,8.637,8.822,9.024,9.191,9.369,9.540,9.771,9.975,10.147,10.337,10.541,10.751,10.956,11.145,11.344,11.627,11.799,12.034,12.292,12.492,12.656,12.892,13.072,13.293,13.523,13.717,13.941,14.159,14.390,14.592,14.805,14.971,15.226,15.405,15.620,15.810,16.024,16.141,16.410,16.600,16.809,17.190,17.394,17.590,17.787,17.916,18.141,
1,13,0.346,0.533,0.684,0.855,1.038,1.191,1.344,1.520,1.717,1.900,2.046,2.274,2.462,2.660,2.884,3.044,3.232,3.418,3.626,3.831,4.018,4.210,4.416,4.611,4.802,5.018,5.185,5.371,5.577,5.817,5.996,6.200,6.422,6.635,6.804,7.053,7.291,7.479,7.696,7.886,8.100,8.273,8.484,8.694,8.911,9.126,9.314,9.520,9.770,9.969,10.157,10.347,10.604,10.798,10.989,11.224,11.445,11.536,11.721,11.972,12.138,12.318,12.546,12.772,12.937,13.161,13.389,13.600,13.838,14.044,14.237,14.443,14.639,14.859,15.053,15.305,15.493,15.723,15.939,16.170,16.390,16.580,16.774,17.024,17.201,17.403,17.605,17.794,18.024,18.208,18.401,
1,14,0.154,0.334,0.523,
1,15,0.172,0.420,0.593,0.767,0.947,1.150,1.306,1.464,1.651,1.855,2.017,2.200,2.384,2.539,2.742,2.901,3.099,3.280,3.465,3.663,3.847,4.028,4.218,4.405,4.580,4.747,4.941,5.135,5.493,5.691,5.874,6.100,6.276,6.491,6.680,6.856,7.030,7.214,7.406,7.608,7.807,7.989,8.169,8.366,8.584,8.693,8.970,9.171,9.335,9.524,9.699,9.872,10.031,10.226,10.425,10.605,10.826,11.022,11.206,11.447,11.666,11.870,12.078,12.309,12.522,12.698,12.911,13.116,13.307,13.485,13.681,13.890,14.079,14.390,14.539,14.672,14.981,15.140,15.328,15.524,15.723,15.897,16.072,16.246,16.427,16.620,16.814,17.031,17.195,17.391,17.579,17.758,17.965,18.165,18.392,
1,16,0.207,0.375,0.539,0.714,0.900,
1,17,0.042,0.242,0.437,0.611,0.789,0.984,1.178,1.355,1.567,1.767,1.943,
1,18,0.035,0.222,0.404,0.565,0.758,0.958,
1,19,0.033,0.223,0.485,0.702,0.899,1.150,1.353,1.553,1.774,1.999,2.207,2.423,2.628,2.819,3.033,3.247,
1,20,0.137,0.426,0.637,0.831,1.044,1.232,1.434,1.661,1.863,2.080,2.286,2.497,2.677,2.907,3.108,3.294,3.522,3.739,3.955,4.168,4.389,4.573,4.785,4.993,5.218,5.409,5.621,5.890,6.097,6.315,6.539,6.773,6.982,7.187,7.408,7.614,7.816,8.031,8.246,8.452,8.828,9.025,9.198,9.391,9.589,9.775,9.966,10.166,10.392,
1,21,0.036,0.230,0.424,0.614,0.803,0.975,1.162,1.337,1.524,1.718,1.900,2.085,2.270,2.464,2.661,2.860,3.054,3.251,3.437,3.643,3.836,4.048,4.241,4.436,4.639,4.840,5.045,5.252,5.456,5.661,5.864,6.073,6.269,6.484,6.698,6.913,7.119,7.323,7.539,7.743,7.949,8.163,8.371,8.595,8.819,9.020,9.235,9.447,9.653,9.871,10.085,10.292,10.521,10.727,10.938,11.149,11.354,11.570,11.781,11.991,12.198,12.414,12.622,12.816,13.032,13.272,13.474,13.722,13.980,14.142,14.321,14.523,14.737,14.939,15.185,15.324,15.501,15.684,15.900,16.107,16.394,16.580,16.849,17.051,17.249,17.458,17.724,17.932,18.358,
1,22,0.325,0.495,0.669,0.829,1.016,1.184,1.360,1.535,1.731,1.923,2.103,2.309,2.481,2.690,2.901,3.091,3.277,3.482,3.685,3.843,4.056,4.252,4.404,4.635,4.819,5.018,5.198,5.392,5.599,5.802,5.980,6.160,6.355,6.526,6.704,6.927,7.110,7.291,7.466,7.657,7.852,8.093,8.290,8.461,8.668,8.830,9.215,9.387,9.577,9.749,9.950,10.156,10.359,
1,23,0.056,0.212,0.394,0.596,0.802,0.975,1.161,1.341,1.654,1.868,2.043,2.245,2.426,2.645,2.820,3.028,3.228,3.417,3.558,3.762,3.959,4.145,4.341,4.528,4.692,4.896,5.088,5.269,5.443,5.603,5.803,6.013,6.205,6.396,6.564,6.763,6.934,7.147,7.335,7.520,7.674,7.872,8.063,8.208,8.432,8.518,8.764,8.983,9.189,9.340,9.529,9.765,9.950,10.148,10.317,10.484,10.727,10.905,11.173,11.399,11.594,11.863,12.052,12.266,12.523,12.699,12.903,13.102,13.288,13.516,13.714,13.900,14.031,14.267,14.476,14.668,14.858,15.052,15.469,15.663,15.868,16.079,16.278,16.497,16.700,16.909,17.094,17.268,17.463,17.676,17.885,18.100,18.301,18.519,18.704,18.908,19.187,19.350,19.534,19.773,19.969,20.246,20.439,20.637,20.863,21.105,21.280,21.500,21.727,21.896,22.038,22.210,22.413,22.585,22.749,22.899,23.070,23.238,23.409,23.575,23.771,24.041,24.206,24.392,24.588,24.772,24.911,25.341,25.547,25.736,25.892,26.093,26.279,26.470,26.687,26.873,27.033,27.240,27.458,27.640,27.851,28.140,28.288,28.524,28.774,28.945,29.127,29.391,29.550,29.774,30.024,30.173,30.411,30.676,30.848,31.156,31.334,31.525,31.740,31.921,32.109,32.317,
1,24,0.081,0.304,0.487,0.664,0.842,1.024,1.211,1.403,1.524,1.774,1.995,2.121,2.326,2.524,2.708,2.895,3.083,3.314,3.502,3.687,3.892,4.101,4.300,4.489,4.672,4.892,5.094,5.283,5.454,5.660,5.854,6.065,6.251,6.488,6.658,6.877,7.083,7.290,7.496,7.658,7.794,7.994,8.188,8.394,8.572,8.784,8.969,9.159,9.343,9.544,9.766,9.963,10.148,10.356,10.563,10.746,10.966,11.177,11.374,11.626,11.832,12.019,12.239,12.454,12.680,12.899,13.110,13.336,13.542,13.752,13.975,14.183,14.437,14.671,14.897,15.122,15.313,15.533,15.806,15.985,16.184,16.404,16.625,16.835,17.024,17.203,17.398,17.596,17.784,18.059,18.242,18.433,18.606,18.805,18.992,19.206,19.399,19.554,19.740,19.946,20.149,20.327,20.720,21.063,21.231,21.432,21.650,21.828,22.017,22.221,22.426,22.622,22.836,23.086,23.302,23.559,23.901,24.090,24.268,24.475,24.671,24.904,25.365,25.554,25.779,26.033,26.227,26.448,26.669,26.874,27.125,27.306,27.583,27.787,28.020,28.223,28.520,28.727,28.954,29.203,29.428,
1,25,0.331,0.525,
1,26,0.325,0.520,0.706,0.888,1.062,1.246,1.400,1.569,1.737,1.907,
1,27,,
1,28,0.073,0.279,0.533,0.711,0.890,1.049,1.245,1.435,1.624,1.808,2.002,2.188,2.372,2.579,2.774,2.965,3.151,
1,29,0.302,0.462,0.640,0.822,0.943,1.102,1.273,1.437,1.607,1.783,2.090,2.274,2.453,2.625,2.830,2.991,3.183,3.348,3.528,3.778,3.945,4.141,4.319,4.486,4.651,4.856,5.040,5.237,5.404,5.601,5.815,6.026,6.206,6.396,6.573,6.759,6.929,7.124,7.333,7.496,7.682,7.843,8.049,8.236,8.420,8.613,8.802,8.952,9.166,9.343,9.542,9.722,9.894,10.108,10.284,10.494,10.728,10.907,11.196,11.395,11.604,11.783,11.971,12.114,12.327,12.528,12.736,12.895,13.095,13.274,13.449,13.818,14.016,14.234,14.452,14.659,14.833,15.044,15.221,15.413,15.647,15.852,16.059,16.264,16.445,16.813,17.042,17.223,17.398,17.596,17.794,17.920,18.165,18.359,
1,30,0.137,0.305,0.521,0.683,0.887,1.061,1.271,1.441,1.621,1.796,
1,31,0.233,0.391,0.581,0.774,0.953,1.125,1.315,1.525,1.693,1.892,2.079,2.247,2.466,2.664,2.846,3.055,3.276,3.468,3.646,3.852,4.114,4.306,4.526,4.863,5.073,5.287,5.479,5.682,5.893,6.093,6.302,6.656,6.869,7.077,7.261,7.453,7.661,7.877,8.094,8.278,8.451,8.664,8.858,9.028,9.236,9.444,9.645,10.015,10.241,10.402,10.608,10.797,11.156,11.396,11.585,11.784,11.933,12.183,12.376,12.587,12.805,12.983,13.200,13.409,13.597,13.803,14.014,14.187,14.374,14.610,14.771,14.910,
1,32,0.037,0.230,0.427,0.594,0.794,0.988,1.138,1.342,1.551,1.771,1.952,2.158,2.370,2.576,2.794,2.986,3.168,3.351,
1,33,0.037,0.209,0.405,0.594,0.771,0.934,1.142,1.488,1.677,
1,34,0.127,0.308,0.495,0.660,1.026,1.209,1.402,1.583,1.799,2.000,2.185,2.363,2.546,2.787,2.930,3.125,3.314,3.499,3.693,3.911,4.209,4.426,4.644,4.826,5.023,5.194,5.395,5.623,5.814,5.998,6.245,6.430,6.645,6.854,7.067,7.269,7.480,7.705,7.913,8.122,8.340,8.530,8.737,8.942,9.153,9.343,9.555,9.725,9.939,10.150,10.360,10.582,10.771,10.985,11.174,11.401,11.610,11.803,12.046,12.248,12.462,12.905,13.083,13.265,13.479,13.717,13.902,14.113,14.324,14.538,14.745,14.939,15.149,15.344,15.532,15.733,15.941,16.174,16.362,16.575,16.806,17.017,17.217,17.435,17.650,17.855,18.069,18.297,18.518,18.708,18.911,19.134,19.354,19.567,19.785,20.018,
1,35,0.169,0.400,0.590,0.786,0.999,1.219,1.432,1.650,1.875,2.088,2.309,2.517,2.729,2.941,3.151,3.384,3.592,3.827,4.045,4.271,4.465,4.684,4.895,5.126,5.337,5.559,5.769,
1,36,0.051,0.246,0.457,0.663,0.860,1.092,1.280,1.494,1.688,1.901,2.118,2.307,2.533,2.768,2.990,3.194,
1,37,0.214,0.420,0.622,0.828,1.037,1.275,1.485,1.698,1.898,2.098,2.302,2.525,2.742,2.959,3.167,3.361,3.579,3.800,4.031,4.233,4.456,4.682,4.893,5.110,5.336,5.561,5.777,6.010,
1,38,0.052,0.266,0.480,0.706,0.914,1.118,1.325,1.541,1.750,1.966,2.183,2.396,2.600,2.809,3.017,3.220,3.428,3.639,3.868,4.077,4.302,4.518,4.742,4.960,5.169,5.385,5.615,5.835,6.043,6.251,6.471,6.698,6.922,7.141,7.377,7.578,7.799,8.020,8.226,8.459,8.699,8.913,9.137,9.349,9.585,9.810,10.033,10.277,
1,39,0.039,0.232,0.452,0.691,0.906,1.118,1.351,1.556,1.790,2.011,2.218,2.441,2.657,2.866,3.072,3.283,3.489,3.712,3.915,4.145,4.370,4.596,4.823,5.051,5.303,5.529,5.772,
1,40,0.186,0.405,0.622,0.830,1.044,1.274,1.469,1.683,1.895,2.108,2.316,2.559,2.775,2.997,3.225,3.441,3.654,3.875,4.097,4.295,4.533,4.776,4.980,5.211,5.427,5.655,5.875,6.088,
1,41,0.150,0.368,
1,42,0.192,0.425,0.648,0.843,
1,43,0.038,0.271,0.478,0.699,0.908,1.113,1.327,1.539,1.772,1.999,2.230,2.453,2.671,2.889,3.101,3.341,3.574,3.802,4.033,4.273,4.471,4.706,4.937,5.165,5.400,5.617,5.840,
1,44,0.070,0.301,0.526,0.745,0.972,1.193,1.403,1.636,1.854,2.080,2.309,2.530,2.732,2.965,3.222,3.431,3.652,3.904,4.117,4.327,4.548,4.792,4.993,5.213,5.453,5.677,5.908,6.114,6.328,6.556,6.786,6.998,7.209,7.425,7.663,7.867,8.086,8.319,8.538,8.771,8.991,9.218,9.430,9.649,9.888,10.107,10.325,10.548,10.741,10.980,11.190,11.424,11.657,11.889,12.121,12.346,12.564,12.789,13.023,13.233,13.460,13.676,13.899,14.140,14.371,14.597,14.827,15.056,15.289,15.524,15.774,15.959,16.192,16.415,16.641,16.857,17.088,17.316,17.534,17.775,17.985,18.213,18.431,18.645,18.856,19.070,19.335,19.553,19.750,19.980,20.209,20.415,20.602,20.818,21.054,21.289,21.515,21.736,22.017,22.225,22.458,22.680,22.897,23.172,23.417,23.607,23.824,24.035,24.261,24.449,24.657,24.876,25.101,25.329,25.536,25.762,26.026,26.211,26.423,26.646,26.896,27.116,27.310,27.516,27.734,27.950,28.183,28.412,28.623,28.849,29.044,29.264,29.473,29.706,29.934,30.182,30.397,30.648,30.854,31.083,31.303,31.525,31.741,31.969,32.203,
1,45,0.104,0.328,0.547,0.743,0.959,
1,46,0.185,0.391,0.615,0.843,
1,47,0.150,0.367,0.581,0.794,1.032,1.263,1.525,1.724,1.928,2.154,2.367,2.592,2.793,2.977,3.178,3.358,3.549,
1,48,0.079,0.297,0.514,0.728,0.953,1.180,1.398,1.625,1.848,2.065,2.278,2.553,2.726,2.915,3.146,3.369,
1,49,0.090,0.306,0.649,0.855,
1,50,0.175,0.366,0.574,0.780,0.986,1.197,1.411,1.641,1.845,2.053,2.271,2.468,2.677,2.902,3.127,3.352,3.576,3.816,4.001,4.246,4.465,4.693,4.914,5.139,5.360,5.608,5.827,6.047,6.279,6.492,6.701,6.928,7.150,7.415,7.640,7.843,8.078,8.296,8.524,8.744,8.996,9.217,9.435,9.678,9.895,10.108,10.331,
1,51,0.157,0.393,0.612,0.813,1.009,1.244,1.468,1.710,1.933,2.163,2.370,2.597,2.812,3.047,3.275,
1,52,0.109,0.312,0.546,0.743,0.954,1.158,1.357,1.580,1.804,2.020,2.243,2.466,2.684,2.903,3.113,
1,53,0.102,0.308,0.522,
1,54,0.199,0.415,0.650,0.843,1.049,1.267,1.479,1.702,1.929,2.144,2.366,2.595,2.836,3.067,3.297,3.518,3.733,3.961,4.184,4.410,4.635,4.845,5.070,5.286,5.519,5.733,5.957,6.182,6.389,6.613,6.853,7.093,7.326,7.542,7.770,7.964,8.187,8.416,8.679,8.896,9.115,9.339,9.543,9.771,9.975,10.207,10.432,10.648,10.862,11.059,11.272,11.542,11.782,12.001,12.229,12.468,12.683,12.909,13.139,13.351,13.590,13.789,13.991,14.172,14.323,14.548,14.780,15.024,15.231,15.400,15.600,15.826,16.063,16.296,16.524,16.731,16.955,17.180,17.412,17.623,17.834,18.089,18.247,18.500,18.722,18.954,19.206,19.442,19.696,19.893,20.143,20.328,20.544,20.772,21.010,21.234,21.496,21.731,21.928,22.150,22.345,22.547,22.775,22.977,23.208,23.412,23.644,23.894,24.116,24.334,24.540,24.762,24.973,25.186,25.410,25.616,25.822,26.034,26.271,26.540,26.747,26.965,27.168,27.370,27.585,27.804,28.038,28.270,28.476,28.703,28.924,29.127,29.364,29.609,29.831,30.058,30.281,30.514,30.724,30.927,31.148,31.363,31.598,31.804,32.069,32.265,
1,55,0.200,0.414,0.649,0.851,1.053,1.266,1.482,1.703,1.944,2.164,2.372,2.592,2.779,2.954,3.117,3.267,3.449,3.634,3.777,3.959,4.110,4.288,4.457,4.812,5.018,5.252,5.450,5.637,5.827,6.018,6.211,6.412,6.624,6.818,7.022,7.242,7.466,7.664,7.865,8.066,8.289,8.501,8.721,8.933,9.143,9.386,9.549,9.750,9.952,10.144,10.366,
1,56,0.221,0.417,0.609,0.792,0.952,1.157,
1,57,0.038,0.238,0.447,0.645,
1,58,0.149,0.353,0.558,
1,59,0.100,0.301,0.480,0.667,0.908,1.105,1.276,1.477,1.681,1.903,2.121,2.342,2.547,2.773,2.958,3.177,3.390,3.599,3.815,4.024,4.233,4.468,4.670,4.891,5.127,5.348,5.564,5.781,5.990,6.205,6.428,6.642,6.841,7.064,7.282,7.498,7.727,7.934,8.142,8.354,8.565,8.776,8.964,9.160,9.369,9.558,9.709,9.932,10.127,10.340,
1,60,0.036,0.242,0.460,
1,61,0.157,0.366,0.585,0.734,0.951,1.162,1.367,1.563,1.759,1.952,2.168,2.372,2.595,2.789,2.992,3.195,3.408,3.644,3.844,4.050,4.268,4.458,4.648,4.894,5.077,5.293,5.526,5.749,
1,62,0.191,0.392,0.590,0.815,1.009,
1,63,0.153,0.357,0.581,0.788,1.001,1.214,1.418,1.636,1.856,2.070,2.287,2.518,2.720,2.958,3.181,3.402,3.626,3.850,4.057,4.269,4.459,4.691,4.923,5.157,5.393,5.590,5.833,6.053,6.270,6.520,6.709,6.908,7.102,7.285,7.476,7.646,7.887,8.107,8.312,8.575,8.793,9.028,9.235,9.494,9.719,9.971,10.196,10.400,10.638,10.861,11.099,11.340,11.557,11.799,12.022,12.230,12.476,12.684,12.899,13.140,13.369,13.592,13.808,14.041,14.252,14.479,14.697,14.905,15.153,15.365,15.587,15.804,16.034,16.274,16.451,16.686,16.953,17.180,17.409,17.626,17.836,18.059,18.275,
1,64,0.150,0.466,0.653,0.864,1.085,1.306,1.520,1.750,1.961,2.171,2.401,2.623,2.838,3.101,3.312,3.518,3.747,3.961,
1,65,0.050,0.313,0.524,0.774,0.981,1.207,1.428,1.651,1.868,2.104,2.366,2.549,2.775,2.965,3.175,3.392,3.649,3.895,4.099,4.310,4.553,4.729,5.143,5.359,5.566,5.777,5.962,6.173,6.400,6.644,6.853,7.061,7.273,7.458,7.666,7.870,8.079,8.332,8.545,8.764,8.995,9.191,9.428,9.614,10.086,10.296,10.721,10.923,11.146,11.429,11.663,11.819,12.013,12.266,12.442,12.646,12.831,13.013,13.196,13.397,
1,66,0.193,0.399,0.592,0.806,1.020,1.231,1.441,1.650,
1,67,0.033,0.232,0.451,0.667,0.875,1.083,1.297,1.517,1.734,
1,68,0.149,0.325,0.538,0.766,0.975,1.192,1.415,1.650,1.835,2.059,2.267,2.482,2.699,2.916,3.127,3.336,
1,69,0.031,0.237,0.452,0.688,0.920,1.149,1.399,1.593,1.814,2.033,2.266,2.492,2.725,2.941,3.174,
1,70,0.179,0.407,0.626,
1,71,0.104,0.312,
1,72,0.236,0.426,0.635,0.850,1.073,1.294,1.526,1.743,1.962,2.187,2.417,2.643,2.886,3.106,3.326,3.568,3.795,4.020,4.270,4.488,4.719,4.951,5.181,5.406,5.649,5.874,6.112,6.330,6.556,6.772,6.973,7.182,7.370,7.564,7.772,8.047,8.238,8.414,8.581,8.773,8.943,9.247,9.456,9.706,9.934,10.103,10.325,10.485,10.699,10.917,11.122,11.369,11.626,11.798,12.024,12.274,12.461,12.673,12.895,13.111,13.391,13.599,13.840,14.057,14.248,14.458,14.652,14.860,15.075,15.279,15.526,15.725,15.912,16.143,16.362,16.578,16.779,17.015,17.239,17.460,17.650,17.894,18.083,18.275,18.501,
1,73,0.142,0.351,0.545,
1,74,0.068,0.267,0.452,0.654,0.850,1.071,1.289,1.517,1.709,1.933,2.154,2.384,2.587,2.798,3.018,3.218,
1,75,0.067,0.285,0.501,0.714,0.930,1.122,1.355,1.587,1.814,2.039,2.242,2.440,2.705,2.944,3.198,3.459,3.701,3.937,4.198,4.431,4.642,4.849,5.107,5.306,5.526,5.730,5.942,6.168,6.405,6.611,6.819,7.039,7.245,7.466,7.682,7.890,8.119,8.336,8.476,8.770,8.962,9.174,9.391,9.638,9.834,10.056,10.271,10.451,10.666,10.895,11.138,11.369,11.579,11.806,12.039,12.246,12.463,12.716,12.904,13.143,13.389,13.573,13.783,14.023,14.221,14.458,14.701,14.912,15.109,15.318,15.580,15.787,16.027,16.274,16.474,16.683,16.933,17.217,17.423,17.645,17.891,18.118,18.359,
1,76,0.030,0.230,0.478,0.706,0.931,
1,77,0.074,0.310,0.525,0.744,0.979,1.206,1.426,1.669,1.903,2.150,2.377,2.605,2.856,3.080,3.313,3.559,3.777,3.998,4.236,4.479,4.719,4.938,5.151,5.401,5.634,5.863,6.096,6.329,6.560,6.778,7.018,7.235,7.453,7.682,7.915,8.155,8.400,8.636,8.846,9.054,9.284,9.520,9.770,9.965,10.187,10.408,10.637,10.867,11.084,11.302,11.521,11.747,11.985,12.223,12.453,12.683,12.905,13.152,13.388,13.614,13.846,14.093,14.321,14.544,14.802,15.057,15.279,15.523,15.773,15.997,16.227,16.468,16.686,16.939,17.167,17.394,17.657,17.890,18.107,18.338,18.593,18.816,19.056,19.293,19.528,19.775,20.025,20.275,20.487,20.725,20.965,21.206,21.426,21.652,21.892,22.126,22.352,22.575,22.803,23.021,23.248,23.462,23.719,23.952,24.178,24.411,24.760,25.039,25.260,25.487,25.730,25.989,26.273,26.500,26.713,26.951,27.187,27.408,27.645,27.878,28.100,28.335,28.577,28.825,29.080,29.294,29.522,29.763,29.994,30.222,30.467,30.700,30.941,31.164,31.397,31.650,31.897,32.147,
1,78,0.215,0.446,0.706,0.899,1.122,1.345,1.570,1.798,2.077,2.296,2.650,2.869,3.075,3.277,3.517,3.807,4.017,4.240,4.472,4.683,4.919,5.166,5.424,5.659,5.885,6.116,6.349,6.594,6.840,7.075,7.347,7.575,7.806,8.019,8.269,8.483,8.711,8.934,9.168,9.387,9.608,9.841,10.062,10.294,10.537,
1,79,0.162,0.399,0.618,0.836,1.063,1.299,1.516,1.740,1.973,2.211,2.445,2.657,2.900,3.150,3.372,3.622,3.864,4.108,4.346,4.575,4.811,5.045,5.283,5.530,5.740,5.967,6.179,6.419,6.648,6.865,7.101,7.315,7.519,7.719,7.952,8.187,8.389,8.583,8.803,8.987,9.209,9.429,9.642,9.843,10.077,10.274,10.520,10.744,10.944,11.207,11.418,11.638,11.888,12.087,12.582,12.805,13.031,13.272,13.487,13.728,13.940,14.220,14.416,14.678,14.962,15.172,15.446,15.657,15.890,16.126,16.339,16.567,16.851,17.090,17.323,17.577,17.790,18.024,18.274,
1,80,0.150,0.366,0.602,0.838,1.066,1.282,1.517,1.735,
1,81,0.116,0.323,0.561,0.784,1.014,1.264,1.488,1.709,1.940,2.187,2.428,2.668,2.902,3.123,3.382,
1,82,0.174,0.414,0.650,0.900,1.107,1.323,1.551,1.803,2.034,2.267,2.517,2.767,2.981,3.222,3.453,3.698,3.919,4.154,4.392,4.612,4.839,5.068,5.291,5.519,5.769,5.980,6.204,6.421,6.660,6.900,7.136,7.353,7.566,7.786,8.027,8.270,8.498,8.770,8.994,9.220,9.470,9.722,9.979,10.221,10.450,
