0,1,0.186,0.335,0.490,0.653,0.802,0.957,1.119,1.270,1.423,1.577,1.740,1.897,2.048,2.208,2.360,2.514,2.657,2.808,2.951,3.096,3.228,3.398,3.529,3.683,3.825,3.979,4.109,4.235,4.398,4.515,4.648,4.794,4.938,5.077,5.224,5.360,5.497,5.649,5.785,5.943,6.080,6.235,6.402,6.564,6.693,6.827,7.070,7.201,7.400,7.544,7.703,7.857,8.026,8.194,8.362,8.517,8.670,8.789,8.927,9.104,9.274,9.432,9.592,9.741,9.906,10.073,10.240,10.384,10.525,
0,1,0.094,0.334,0.575,0.818,1.053,1.291,1.519,1.744,1.985,2.232,2.480,2.728,2.969,3.197,3.438,3.684,3.920,4.160,4.418,4.663,4.917,5.173,5.436,5.665,5.904,6.153,6.404,6.638,6.910,7.165,7.417,7.670,7.931,8.180,8.443,8.705,8.970,9.233,9.499,9.773,9.999,10.273,
0,1,0.217,0.431,0.645,0.856,1.067,1.284,1.519,1.728,1.963,2.194,2.442,2.679,2.922,3.156,3.386,3.615,3.858,4.103,4.329,4.579,4.810,5.054,5.295,5.541,5.781,6.024,6.298,6.563,6.816,7.073,7.325,7.580,7.850,8.087,8.318,8.554,8.792,8.998,9.220,
0,1,0.072,0.271,0.467,0.683,0.898,1.126,1.336,1.550,1.776,2.019,2.245,2.497,2.730,2.941,3.177,3.393,3.605,3.828,4.051,4.276,4.493,4.721,4.969,5.205,5.435,5.679,5.896,6.137,6.363,6.606,6.844,7.087,7.317,7.541,7.778,8.022,8.242,8.474,8.712,8.939,9.173,9.410,9.646,9.896,10.139,
1,1,0.083,0.293,0.512,0.717,0.928,1.146,1.364,1.581,1.803,2.027,2.263,2.477,2.695,2.909,3.125,3.347,3.559,3.776,3.992,4.203,4.417,4.647,4.856,5.084,5.315,5.531,5.765,6.015,6.234,6.489,6.734,6.976,7.223,7.477,7.703,7.970,8.232,8.467,8.720,8.963,9.220,9.458,9.704,9.939,10.184,10.427,
1,2,0.174,0.390,0.577,0.773,0.968,1.167,1.371,1.587,1.798,2.024,2.216,2.429,2.648,2.843,3.054,3.252,3.452,3.656,3.863,4.075,4.292,4.516,4.737,4.958,5.152,5.363,5.562,5.761,5.975,6.177,6.364,6.728,6.954,7.197,7.410,7.668,7.893,8.119,8.346,8.552,8.767,8.984,9.227,9.428,9.644,9.868,10.093,10.321,
1,3,0.088,0.290,0.502,0.710,0.924,1.144,1.366,1.574,1.780,2.000,2.196,2.410,2.907,3.127,3.345,
1,4,0.148,0.356,0.566,
1,5,0.187,0.393,0.594,0.797,0.999,1.212,1.423,1.644,1.853,2.064,2.275,2.480,2.691,2.898,3.120,3.351,3.567,3.785,4.012,4.218,4.432,4.645,4.864,5.072,5.286,5.501,5.696,
1,6,0.051,0.265,0.471,0.697,0.950,1.173,1.414,1.620,1.851,2.063,2.276,2.487,2.697,2.919,3.150,3.342,3.536,3.773,3.974,4.219,4.425,4.634,4.843,5.040,5.241,5.467,5.692,5.913,6.159,6.351,6.560,6.778,6.995,7.215,7.431,7.652,7.874,8.097,8.296,8.539,8.741,8.942,9.174,9.386,9.588,9.806,10.020,10.244,
1,7,0.183,0.390,0.588,
1,8,0.048,0.246,0.454,0.668,0.865,1.071,1.271,1.473,1.686,1.896,2.101,2.307,2.518,2.729,2.938,3.147,
1,9,0.185,0.404,0.616,0.837,1.054,1.271,1.483,1.687,1.900,2.121,2.335,2.557,2.796,2.993,3.213,3.473,3.673,3.892,4.109,4.341,4.542,4.776,4.975,5.213,5.438,5.690,5.941,
1,10,0.182,0.398,0.605,0.814,1.025,1.251,1.491,1.724,1.977,2.181,2.441,2.700,2.962,3.224,3.473,3.730,3.997,4.240,4.478,4.721,4.985,5.212,5.435,5.666,5.865,6.076,6.297,6.518,6.724,6.952,7.169,7.402,7.625,7.824,8.053,8.290,8.519,8.743,8.982,9.233,9.488,9.725,9.951,10.209,10.445,10.697,10.959,11.200,11.436,11.727,11.945,12.171,12.408,12.663,12.890,13.137,13.371,13.616,13.859,14.138,14.323,14.557,14.794,15.059,15.311,15.597,15.838,16.103,16.346,16.603,16.848,17.098,17.339,17.579,17.839,18.106,18.354,18.614,18.849,19.096,19.354,19.585,19.818,20.073,20.314,20.564,20.811,21.076,21.329,21.576,21.778,22.035,22.291,22.594,22.837,23.067,23.342,23.565,23.791,24.011,24.276,24.526,24.796,
1,11,0.154,0.395,0.598,0.784,1.149,1.399,1.612,1.825,2.061,2.297,2.546,2.792,3.041,3.299,3.530,3.763,4.017,4.248,4.491,4.696,4.936,5.147,5.366,5.617,5.876,6.117,6.360,6.621,6.898,7.148,7.410,7.679,7.960,8.232,8.530,8.795,9.079,9.327,9.586,9.847,10.121,10.373,10.633,10.900,11.119,11.374,11.617,11.857,12.105,12.355,
1,12,0.220,0.449,0.677,0.917,1.170,1.415,1.670,1.930,2.177,2.402,2.646,2.896,3.101,3.336,3.589,3.820,4.048,4.282,4.514,4.747,4.990,5.248,5.479,5.727,5.968,6.206,6.648,6.870,7.110,7.360,7.578,7.828,8.058,8.324,8.565,8.816,9.079,9.333,9.580,9.815,10.075,10.340,
1,13,0.168,0.348,0.547,0.734,0.962,1.168,1.370,1.578,1.836,2.027,2.244,2.455,2.703,2.894,3.096,3.316,3.552,3.761,3.984,4.179,4.395,4.600,4.832,5.012,5.217,5.434,5.646,5.855,
1,14,0.095,0.316,0.531,0.738,0.923,1.316,1.542,1.752,
1,15,0.033,0.406,0.627,0.858,1.083,1.317,1.535,1.746,
1,16,0.250,0.469,0.692,0.917,1.123,1.370,1.593,1.826,2.059,2.270,2.495,2.717,2.957,3.182,3.675,3.894,4.149,4.387,
1,17,0.196,0.432,0.660,0.891,1.097,1.335,1.557,1.787,2.017,2.251,2.477,2.705,2.936,3.164,3.394,3.618,3.866,4.084,4.320,4.538,4.788,5.019,5.248,5.483,5.733,5.956,6.185,6.403,6.636,6.862,7.076,7.311,7.557,7.777,8.020,8.234,8.454,8.685,8.912,9.116,9.354,9.577,9.830,10.039,10.271,10.495,10.715,10.954,11.170,11.401,11.615,11.853,12.061,12.279,12.522,12.772,12.992,13.208,13.442,13.667,13.890,14.123,14.366,14.589,14.815,15.041,15.274,15.488,15.740,15.956,16.195,16.428,
1,18,0.113,0.366,0.588,0.819,1.035,1.248,1.467,1.680,1.920,2.146,2.350,2.580,2.793,3.225,3.452,3.681,3.896,4.116,4.333,4.540,4.763,4.997,5.218,5.451,5.683,
1,19,0.105,0.312,0.541,0.779,0.997,1.213,1.417,1.651,1.898,2.079,2.294,2.514,2.721,2.964,3.175,3.401,3.648,3.860,4.069,4.307,4.515,4.727,4.953,5.188,5.429,5.649,5.876,6.150,6.342,6.577,6.827,7.043,7.276,7.534,7.742,7.967,8.168,8.401,8.651,8.877,9.098,9.341,9.566,9.778,10.002,10.227,10.458,10.684,10.912,11.137,11.349,11.596,11.816,12.048,12.250,12.476,12.691,12.937,13.157,13.374,13.599,13.820,14.045,14.285,14.520,14.736,14.953,15.160,
1,20,0.176,0.392,0.589,0.810,1.026,1.230,1.458,1.704,1.929,2.152,2.369,2.587,2.793,3.015,3.247,
1,21,0.032,0.248,0.461,0.688,0.916,1.146,1.358,1.594,1.850,2.056,2.278,2.496,2.742,2.958,3.170,3.407,3.627,3.852,4.097,4.345,4.563,4.781,5.024,5.249,5.470,5.700,5.911,6.148,6.355,6.579,6.807,7.047,7.247,7.448,7.653,7.916,8.085,8.313,8.541,8.766,8.973,9.184,9.417,9.650,9.830,10.051,10.277,
1,22,0.080,0.294,0.498,0.699,0.908,1.101,1.328,1.552,1.775,2.011,2.217,2.433,2.649,2.865,3.081,3.286,3.485,3.704,3.943,4.143,4.335,4.575,4.811,5.017,5.246,5.510,5.683,5.944,6.175,6.394,6.644,6.894,7.144,7.340,7.572,7.817,8.037,8.282,8.526,8.768,9.001,9.211,9.457,9.704,9.927,10.146,10.377,10.604,10.827,11.060,11.333,11.528,11.763,11.995,12.210,12.453,12.684,12.897,13.111,13.329,13.597,13.827,14.051,14.290,14.514,14.728,14.955,15.148,15.405,15.648,16.074,16.265,16.515,16.790,17.022,17.300,17.664,17.856,18.124,18.362,
1,23,0.108,0.323,0.564,
1,24,0.153,0.373,0.585,0.850,1.049,1.279,1.499,1.714,1.940,2.140,2.345,2.574,2.790,3.030,3.280,
1,25,0.143,0.364,0.591,0.822,
1,26,0.046,0.267,0.475,0.692,0.906,1.090,1.299,1.501,1.730,1.908,2.151,2.331,2.557,2.768,3.022,3.240,3.463,3.682,3.910,4.124,4.350,4.566,4.769,4.979,5.174,5.386,5.590,5.802,6.020,6.225,6.685,6.908,7.111,7.354,7.562,7.771,8.001,8.233,8.481,8.681,8.928,9.301,9.536,9.782,9.991,10.214,10.421,10.639,10.870,11.081,11.282,11.452,11.657,11.865,12.079,12.341,12.523,12.706,12.939,13.150,13.390,13.558,13.791,13.991,14.197,14.417,14.619,14.868,15.063,15.319,15.539,15.835,16.078,16.324,16.584,16.787,16.982,17.174,17.392,17.594,17.837,18.045,18.274,18.483,18.696,18.906,19.111,19.311,19.526,
1,27,0.149,0.570,0.766,1.104,1.337,1.536,1.745,1.961,2.160,2.391,2.610,2.804,3.017,3.200,
1,28,0.119,0.322,0.518,0.710,0.907,1.135,1.342,1.563,1.803,2.022,2.248,2.519,2.736,2.971,3.189,3.410,3.612,3.862,4.087,4.336,4.554,4.770,4.981,5.212,5.418,5.646,5.870,6.073,6.288,6.498,6.704,6.904,7.126,7.318,7.551,7.747,7.937,8.138,8.308,8.498,8.706,8.908,9.093,9.279,9.420,9.616,9.826,10.023,10.203,10.389,10.576,10.773,10.994,11.169,11.352,11.553,11.752,11.934,12.140,12.310,12.495,12.684,12.894,13.074,13.248,13.442,13.648,13.848,14.091,14.287,14.547,14.717,14.895,15.093,15.290,15.508,15.715,15.924,16.142,16.339,16.584,16.805,17.016,17.228,17.437,17.660,17.841,18.061,18.265,18.483,18.719,18.940,19.163,19.394,19.606,19.825,20.057,20.279,20.511,20.752,20.997,21.230,21.443,21.679,21.909,
1,29,0.038,
1,30,0.035,0.262,0.457,0.649,0.835,1.038,1.239,1.440,1.668,1.860,2.066,2.263,2.474,2.673,2.900,3.130,3.326,3.539,3.764,3.939,4.147,4.359,4.572,4.803,5.014,5.223,5.444,5.654,5.860,6.085,6.301,6.515,6.731,6.935,7.190,7.405,7.586,7.737,7.970,8.181,8.363,8.544,8.747,8.948,9.149,9.363,9.558,9.766,9.990,10.248,10.554,
1,31,0.124,0.352,0.573,0.814,1.048,1.276,1.501,1.747,
1,32,0.212,0.416,0.649,0.837,1.045,1.266,1.472,1.689,1.910,2.122,2.335,2.546,2.774,2.982,3.217,3.443,3.671,3.894,4.137,4.354,4.559,4.768,4.956,5.161,5.359,5.566,5.788,
1,33,0.164,0.357,
1,34,0.239,0.699,0.925,1.188,1.486,1.745,1.972,2.193,2.407,2.625,2.873,3.084,3.322,3.565,3.847,4.082,4.315,4.553,4.789,5.031,5.277,5.524,5.774,6.025,6.250,6.525,6.735,6.977,7.275,7.511,7.709,7.951,8.186,8.402,8.617,8.839,9.095,9.330,9.568,9.796,10.036,10.260,10.491,10.762,10.990,11.211,11.467,11.703,11.950,12.222,12.463,12.703,12.953,13.202,13.444,13.674,13.905,14.145,14.395,14.609,14.847,15.082,15.327,15.561,15.798,16.016,
1,35,0.076,0.297,0.495,
1,36,0.290,0.484,0.703,0.934,
1,37,0.049,0.310,0.487,0.698,0.924,1.109,1.327,1.533,1.743,1.958,2.191,2.429,2.614,2.838,3.049,3.267,3.481,3.717,3.940,4.144,4.350,4.564,4.804,5.018,5.228,5.445,
1,38,0.073,0.272,0.462,0.664,0.873,1.094,1.309,1.523,1.722,2.160,2.362,2.573,2.803,3.065,3.337,3.574,3.823,4.078,4.319,4.542,4.775,5.025,5.499,5.716,5.933,6.159,6.392,6.619,6.807,7.074,7.286,7.541,7.779,7.995,8.220,8.437,8.658,8.868,9.105,9.296,9.462,9.678,9.911,10.144,10.369,10.597,10.824,11.062,11.314,11.525,11.761,11.965,12.179,12.401,12.617,
1,39,0.027,0.217,0.418,0.644,0.841,1.058,1.277,1.461,1.664,
1,40,0.218,0.435,0.651,0.865,1.074,1.265,1.474,1.700,1.898,2.111,2.321,2.494,2.693,2.916,3.149,3.344,3.543,3.766,3.970,4.177,4.400,4.593,4.807,5.017,5.213,5.403,5.596,5.794,6.214,6.363,6.557,6.780,7.000,7.201,7.374,7.584,7.785,7.981,8.181,8.392,8.585,8.788,8.988,9.218,9.456,9.701,9.909,10.102,10.335,10.526,10.735,10.940,11.157,11.372,11.619,11.792,12.020,12.270,12.473,12.770,12.913,13.137,13.358,13.570,13.786,14.021,14.225,14.671,14.873,15.066,15.304,15.522,15.704,15.919,16.120,16.319,16.720,16.911,17.127,17.341,17.554,17.773,17.977,18.196,
1,41,0.155,0.393,0.568,0.797,1.228,1.418,1.644,1.826,
1,42,0.167,0.400,0.583,0.796,1.042,1.267,1.484,1.690,
1,43,0.144,0.394,0.610,0.839,
1,44,0.200,0.412,0.626,0.828,1.034,1.251,1.459,1.680,
1,45,0.064,0.280,0.499,0.696,0.895,
1,46,0.193,0.396,0.591,0.796,1.033,1.242,1.443,1.647,1.842,2.026,2.230,2.429,2.648,2.842,3.044,3.268,3.493,3.715,3.931,4.148,4.370,4.603,4.819,5.019,5.232,5.467,5.702,5.932,
1,47,0.171,0.324,0.522,0.738,0.941,1.149,1.350,1.563,1.770,1.958,2.165,2.372,2.568,2.773,2.971,3.170,3.368,3.595,3.807,3.997,4.217,4.470,4.673,4.862,5.091,5.322,5.560,5.801,6.000,
1,48,0.044,0.244,0.467,0.681,0.933,
1,49,0.212,0.475,0.735,0.946,1.420,1.638,1.870,2.117,2.355,2.603,2.840,3.078,3.321,3.540,3.832,4.074,4.403,
1,50,0.068,0.284,0.491,0.700,0.918,1.149,1.331,1.566,1.772,2.001,2.230,2.448,2.667,2.899,3.099,3.337,3.566,3.751,3.968,4.204,4.420,4.904,5.107,5.343,5.524,5.777,6.018,6.239,6.443,6.642,6.846,7.074,7.226,7.410,7.593,7.800,8.028,8.269,8.454,8.667,8.895,9.119,9.340,9.577,9.806,10.032,10.270,10.478,10.719,10.926,11.149,11.396,11.637,11.854,12.082,12.297,12.531,12.771,12.988,13.215,13.427,13.656,13.891,14.085,14.301,14.522,14.731,14.947,15.161,15.389,15.604,15.826,16.032,16.246,16.443,16.660,16.870,17.084,17.312,17.523,17.747,17.951,18.175,18.370,18.577,18.784,18.981,19.175,19.366,
1,51,0.228,0.454,0.650,0.845,
1,52,0.028,0.245,0.395,0.587,0.792,0.996,1.184,1.395,1.591,1.784,2.048,2.245,2.440,2.655,2.877,3.099,3.346,
1,53,0.089,0.311,0.554,0.774,0.959,1.170,1.398,1.597,1.798,1.976,2.190,2.411,2.649,2.852,3.064,3.285,
1,54,0.089,0.303,0.517,0.711,0.922,1.127,1.342,1.556,1.774,1.991,2.204,2.411,2.615,2.814,3.018,3.241,3.446,3.676,3.885,4.084,4.302,4.519,4.730,4.953,5.176,5.386,5.585,5.820,6.061,6.269,6.486,6.662,6.903,7.054,7.270,7.474,7.702,7.897,8.115,8.313,8.533,8.751,8.957,9.137,9.351,9.543,9.751,9.975,10.203,10.438,10.685,10.888,11.100,11.305,11.522,11.744,11.964,12.181,12.330,12.545,12.787,12.982,13.181,13.414,13.621,13.837,14.049,14.239,14.439,14.640,14.829,15.027,15.233,15.419,15.609,15.802,15.998,16.185,16.366,16.556,16.746,16.942,17.124,17.291,17.448,17.579,17.733,18.190,18.356,
1,55,0.199,0.429,0.636,0.835,1.148,
1,56,0.136,0.325,0.499,
1,57,0.070,0.270,0.447,0.637,0.802,0.987,1.181,1.368,1.553,1.771,1.938,
1,58,0.062,0.264,0.446,0.651,0.854,1.055,1.264,1.448,1.664,1.864,2.080,2.293,2.515,2.714,2.911,3.116,3.316,
1,59,0.151,0.413,0.618,0.820,1.015,1.205,1.399,1.579,1.765,
1,60,0.278,0.475,
1,61,0.178,0.357,0.551,0.741,0.962,1.162,1.350,1.549,1.747,1.943,2.145,2.328,2.529,2.713,2.924,3.116,3.312,3.526,3.709,3.915,4.097,4.291,4.500,4.704,4.913,5.110,5.311,5.525,5.736,5.952,6.168,6.377,6.588,6.775,6.977,7.168,7.366,7.569,7.739,7.956,8.144,8.337,8.536,8.720,8.941,9.164,9.410,9.607,9.800,10.027,10.246,10.469,10.658,10.857,11.078,11.238,11.429,11.646,11.826,11.992,12.186,12.380,12.579,12.790,13.014,13.211,13.407,13.610,13.813,14.017,14.218,14.422,14.676,14.866,15.080,15.284,15.481,15.871,16.076,16.296,16.479,16.673,16.899,17.096,17.300,17.516,17.709,17.899,18.099,18.310,18.519,18.740,18.946,19.150,19.327,19.541,19.779,19.954,20.167,20.384,20.593,20.801,21.017,21.217,21.418,21.603,21.790,21.962,22.115,22.285,22.433,22.654,22.837,23.190,23.385,23.589,23.810,24.025,24.241,24.451,24.653,24.872,25.090,25.316,25.532,25.751,25.944,26.155,26.387,26.576,26.797,
1,62,0.039,0.246,0.455,0.654,0.862,1.062,1.273,1.478,1.689,1.890,2.090,2.277,2.481,2.687,2.891,3.120,3.311,3.499,3.680,3.924,4.141,4.336,
1,63,0.108,0.280,0.428,0.616,0.803,0.990,1.173,1.342,1.560,1.771,1.941,2.138,2.338,2.561,2.772,2.981,3.194,3.368,3.559,3.772,3.935,4.124,4.326,4.537,4.724,4.919,5.100,5.282,5.486,5.674,5.917,6.116,6.303,6.483,6.679,6.905,7.095,7.283,7.476,7.678,7.891,8.085,8.316,8.501,8.697,8.875,9.076,9.275,9.489,9.698,9.902,10.094,10.288,10.493,10.689,10.892,11.065,11.276,11.469,11.652,11.845,12.048,12.246,12.440,12.665,12.833,13.034,13.243,13.438,13.663,13.875,14.127,14.312,14.510,14.695,14.877,15.056,15.244,15.412,15.587,15.785,16.002,16.201,16.369,16.557,16.762,16.971,17.177,17.407,17.599,17.795,18.057,18.246,18.435,
1,64,0.094,0.304,0.511,0.742,0.968,
1,65,0.099,0.313,0.499,0.689,0.893,
1,66,0.149,0.315,0.489,0.674,0.864,1.053,1.235,1.424,1.611,1.801,2.000,2.209,2.400,2.622,2.809,3.017,3.202,
1,67,0.049,0.265,0.474,0.685,0.914,
1,68,0.187,0.362,0.573,1.017,1.182,1.386,1.600,1.817,2.039,2.240,2.518,2.697,2.901,
1,69,0.363,0.594,0.800,1.001,
1,70,0.095,0.287,0.488,0.688,0.870,1.054,1.252,1.455,1.644,1.853,2.057,2.268,2.467,2.666,2.885,3.090,3.283,3.470,3.665,3.859,4.073,4.269,4.467,4.697,4.889,5.098,5.306,5.520,5.694,5.897,6.093,6.302,6.520,6.722,
1,71,0.172,0.365,0.548,0.764,0.981,1.179,1.398,1.595,1.815,
1,72,0.108,0.331,0.536,0.742,0.929,1.122,1.315,1.516,1.733,1.932,2.150,2.352,2.517,2.692,2.908,3.100,3.299,3.492,3.678,3.887,4.084,4.338,4.498,4.700,4.877,5.084,5.282,5.487,5.696,5.912,6.124,6.344,6.546,6.769,6.969,7.174,7.405,7.680,7.979,8.298,8.595,8.923,9.248,9.547,9.887,10.230,10.572,10.891,11.244,11.580,11.957,12.339,12.697,13.061,13.429,13.812,14.210,14.591,14.985,15.372,15.742,16.106,
1,73,0.033,0.240,0.452,
1,74,0.109,0.308,
1,75,0.188,0.389,0.581,0.782,0.967,1.156,1.362,1.557,1.745,1.931,2.123,2.320,2.500,2.696,2.919,3.116,3.324,3.523,3.723,3.939,4.153,4.369,4.573,4.774,4.983,5.191,5.391,5.580,5.751,5.935,6.122,6.316,6.497,6.707,6.892,7.083,7.275,7.458,7.642,7.834,8.025,8.207,8.376,8.587,8.896,9.067,9.214,9.393,9.575,9.741,9.937,10.115,10.337,10.524,10.714,10.930,11.123,11.328,11.534,11.722,11.914,12.144,12.343,12.581,12.805,13.016,13.248,13.461,13.676,13.895,14.118,14.343,14.553,14.741,14.921,15.125,15.322,15.526,15.736,15.928,16.146,16.335,16.525,
1,76,0.217,0.410,0.623,0.836,1.060,1.274,1.483,1.678,1.909,2.105,2.286,2.493,2.691,2.895,3.105,3.296,3.466,3.685,3.888,4.083,4.294,4.522,4.729,4.952,5.146,5.329,5.523,5.844,6.067,6.273,6.467,6.709,6.877,7.067,7.310,7.495,
1,77,0.162,0.333,0.515,0.694,0.896,1.063,1.243,1.419,1.603,1.791,1.965,2.180,2.370,2.568,2.814,2.987,3.200,
1,78,0.167,0.377,0.569,0.785,1.012,1.189,1.396,1.536,1.712,1.896,2.079,2.269,2.457,2.578,2.793,2.991,3.166,3.363,3.555,3.790,3.900,4.082,4.313,4.514,4.697,4.897,5.097,5.330,5.514,5.720,
1,79,0.191,0.392,0.585,0.779,0.966,1.155,1.338,1.532,1.741,1.942,2.158,2.552,2.752,2.962,3.190,3.404,3.606,3.819,4.021,4.284,4.511,4.710,4.917,5.111,5.349,5.567,5.800,
1,80,0.159,0.395,0.603,0.809,1.038,1.238,1.454,1.665,1.902,2.152,2.419,2.649,2.874,3.063,3.240,3.408,
1,81,0.056,0.270,0.467,0.672,0.887,1.069,1.297,1.485,1.676,1.888,2.092,2.281,2.480,2.683,2.888,3.093,3.352,3.551,3.732,3.923,4.123,4.307,4.479,4.671,4.848,5.023,5.239,5.438,5.640,5.851,6.050,6.234,6.424,6.611,6.790,6.971,7.189,7.359,7.551,7.719,7.922,8.141,8.362,8.568,8.774,8.959,
1,82,0.060,0.238,0.415,0.740,0.915,1.103,1.296,1.481,1.692,1.873,2.047,2.243,2.428,2.606,2.780,2.972,3.149,3.288,3.448,3.614,3.788,3.975,4.159,4.357,4.580,4.766,4.936,5.150,5.328,5.544,5.719,5.896,
1,83,0.164,0.364,0.550,0.773,1.016,1.230,1.439,1.643,1.845,2.061,2.274,2.469,2.691,2.900,3.105,3.313,3.531,3.731,3.921,4.123,4.341,4.525,4.719,4.926,5.123,5.320,5.531,5.713,5.924,6.098,6.284,6.470,6.718,6.894,7.070,7.284,7.467,7.673,7.847,8.049,8.240,8.422,8.611,8.741,8.939,9.113,9.302,9.493,9.709,9.907,10.115,10.325,
1,84,0.107,0.304,0.537,0.715,0.921,1.122,1.306,1.493,1.715,1.901,2.087,2.287,2.499,2.709,2.912,3.105,3.300,3.512,3.723,3.912,4.129,4.317,4.515,4.719,4.926,5.120,5.316,5.516,5.715,5.896,6.120,6.309,6.543,6.735,6.926,7.147,7.342,7.563,7.778,7.994,8.174,8.369,8.580,8.774,8.973,9.164,9.372,9.564,9.751,9.943,10.148,10.321,10.527,
1,85,0.150,0.325,0.500,0.674,0.859,1.051,1.213,1.405,1.624,1.817,2.022,2.216,2.405,2.606,2.820,3.022,3.157,3.500,3.666,3.843,4.037,4.211,4.406,4.594,4.790,5.023,5.203,5.390,5.601,5.793,5.998,6.194,6.407,6.604,6.802,7.036,7.234,7.422,7.641,7.847,8.045,8.275,8.476,8.683,8.871,9.074,9.268,9.477,9.902,10.099,10.310,10.526,10.725,10.944,11.142,11.337,11.558,
1,86,0.148,0.329,0.522,0.724,0.913,1.113,1.307,1.560,1.766,1.967,2.176,2.417,2.649,2.813,3.042,3.150,3.365,3.562,3.767,3.969,4.150,4.400,4.532,4.729,4.891,5.059,5.217,5.401,5.596,5.800,6.018,6.191,6.392,6.584,6.797,6.973,7.174,7.364,7.548,7.737,7.915,8.086,8.269,8.437,8.616,8.813,9.041,9.218,9.409,9.627,9.804,10.034,10.210,10.403,10.603,10.802,11.000,11.169,11.346,11.524,11.712,11.890,12.082,12.274,12.462,12.662,12.863,13.057,13.243,13.429,13.622,13.788,13.959,14.124,14.306,14.490,14.673,14.841,15.049,15.198,15.389,15.593,15.789,15.951,16.164,
1,87,0.143,0.357,0.538,0.717,0.927,
1,88,0.074,0.286,0.461,0.667,1.087,
1,89,0.082,0.277,0.466,0.656,0.867,1.056,1.258,1.450,1.641,1.838,2.002,2.186,2.392,2.562,2.745,2.948,3.305,
1,90,0.192,0.387,0.593,0.754,0.948,1.124,1.288,1.464,1.626,1.813,1.973,2.155,2.323,2.465,2.638,2.801,2.969,3.143,3.344,
1,91,0.061,0.273,0.440,0.644,0.802,0.990,1.164,1.343,1.535,1.725,1.904,2.107,2.307,2.495,2.679,2.871,3.052,3.249,3.440,3.645,3.810,4.012,4.212,4.406,4.612,4.845,5.040,5.227,5.416,5.598,5.790,6.023,6.213,6.428,6.613,6.817,7.000,7.214,7.404,7.575,7.768,7.946,8.148,8.337,8.460,8.655,8.804,8.971,9.155,9.340,9.552,9.765,9.957,10.180,10.358,10.519,10.710,10.899,11.108,11.297,11.487,11.698,11.899,12.060,12.266,12.454,12.660,12.861,13.068,13.267,13.603,13.806,14.017,14.187,14.357,
1,92,0.223,0.422,0.604,0.804,1.010,1.226,1.420,1.644,1.861,
1,93,0.148,0.337,0.524,0.959,1.148,1.328,1.532,1.738,1.949,2.148,2.346,2.535,2.737,2.916,3.102,
1,94,0.144,0.320,0.520,0.716,0.895,1.072,1.279,1.449,1.645,1.819,2.018,2.189,2.374,2.541,2.699,2.876,3.076,3.246,3.413,3.581,3.779,3.933,4.146,4.346,4.533,4.712,4.897,5.067,5.263,5.465,5.626,5.813,6.014,6.201,6.397,6.764,6.940,7.127,7.346,7.544,7.765,7.964,8.158,8.351,8.562,8.740,8.938,9.149,9.324,9.516,9.688,
1,95,0.037,0.220,0.392,0.555,0.759,0.946,
1,96,0.075,0.276,0.437,0.646,0.852,1.048,1.267,1.474,1.896,2.071,2.273,2.482,2.678,2.876,3.092,3.290,3.477,3.670,3.897,4.070,4.264,4.481,4.691,5.115,5.466,5.648,5.831,6.044,6.265,6.455,6.664,6.899,7.115,7.330,
1,97,0.117,0.316,0.527,0.705,0.906,1.115,1.344,1.545,1.750,1.970,2.162,2.361,2.559,2.769,2.955,3.145,3.337,3.522,3.708,3.902,4.090,4.287,4.476,4.678,4.907,5.091,5.294,5.520,5.687,5.876,
1,98,0.053,0.264,0.466,0.660,0.854,1.046,1.226,1.422,1.627,1.809,
1,99,0.113,0.293,0.480,0.669,0.840,1.016,1.203,1.400,1.558,1.739,1.910,2.097,2.292,2.467,2.654,2.841,3.017,3.188,3.359,3.544,3.718,3.884,4.075,4.251,4.416,4.608,4.780,4.976,5.135,5.334,5.518,5.719,5.885,6.062,6.250,6.434,6.614,6.806,6.985,7.204,7.386,7.569,7.739,7.910,8.066,8.229,8.355,8.569,8.770,8.948,9.126,9.286,9.459,9.637,9.803,9.969,10.137,10.332,
1,100,0.098,0.273,0.481,
1,101,0.053,0.250,0.455,0.672,0.886,1.071,1.282,1.481,1.668,1.865,2.057,2.270,2.503,2.690,2.896,3.101,3.317,3.520,3.731,3.951,4.161,4.391,4.619,4.844,5.068,5.292,5.538,5.778,5.999,6.218,6.449,6.683,6.918,7.153,7.411,7.642,7.874,8.108,8.346,8.589,8.835,9.092,9.339,9.559,9.773,10.000,10.206,10.451,10.697,10.903,11.110,11.323,11.524,11.724,11.891,12.061,12.268,12.475,12.702,
1,102,0.064,0.287,0.498,0.707,0.913,1.137,1.338,1.545,1.750,
1,103,0.212,0.415,0.617,0.828,1.037,1.234,1.442,1.649,1.887,
1,104,0.200,0.409,0.599,0.790,0.990,1.202,1.414,1.621,1.820,2.016,2.211,2.408,2.612,2.810,3.017,3.212,3.420,
