0,1,0.274,0.418,0.564,0.709,0.898,1.031,1.185,1.325,1.468,1.613,1.765,1.902,2.046,2.203,2.351,2.502,2.649,2.789,2.940,3.092,3.247,3.403,3.560,3.716,3.871,4.030,4.189,4.347,4.516,4.657,4.825,4.991,5.158,5.326,5.498,5.670,5.825,5.976,6.139,6.302,6.460,6.615,6.780,6.940,7.100,7.268,7.421,7.594,7.768,7.921,8.084,8.268,8.421,8.594,8.769,8.929,9.102,9.285,9.458,9.635,9.794,9.965,10.124,
0,1,0.302,0.456,0.606,0.768,0.921,1.077,1.242,1.407,1.575,1.724,1.895,2.172,2.388,2.556,2.709,2.893,3.036,3.184,3.352,3.519,3.705,3.853,3.997,4.172,4.324,4.497,4.653,4.821,4.986,5.153,5.314,5.485,5.665,5.819,5.976,6.137,6.289,6.447,6.601,6.777,6.946,7.121,7.281,7.433,7.602,7.771,7.931,8.095,8.272,8.446,8.593,8.772,8.938,9.112,9.284,9.448,9.618,9.792,9.971,10.139,10.327,
0,1,,
0,1,0.344,0.524,0.693,0.861,1.025,1.322,1.518,1.669,1.815,1.966,2.123,2.281,2.439,2.599,2.769,2.931,3.095,3.269,3.420,3.580,3.769,3.944,4.136,4.318,4.494,4.671,4.841,5.020,5.199,5.375,
2,1,,
2,2,0.369,0.530,0.663,0.800,0.943,1.092,1.234,1.409,1.608,1.773,1.924,2.067,2.220,2.370,2.521,2.709,2.910,3.087,3.233,3.408,3.585,3.765,3.927,4.092,4.271,4.454,4.648,4.824,5.022,5.207,5.399,5.581,5.835,5.992,6.161,6.337,6.516,6.679,6.839,
2,3,0.278,0.430,0.583,0.745,0.897,1.068,1.219,1.393,1.542,1.714,1.894,2.072,2.263,2.443,2.623,2.811,3.002,3.158,3.446,3.616,
2,4,0.059,0.249,0.414,0.584,0.761,0.923,1.088,1.266,1.443,1.628,1.792,
2,5,0.367,0.534,0.702,0.901,1.054,1.227,1.413,1.591,1.809,1.989,2.171,2.361,2.552,2.778,2.955,3.135,3.285,3.452,3.618,3.786,3.946,4.119,4.293,4.471,4.641,4.828,4.981,
2,6,0.137,0.297,0.468,
2,7,0.176,0.344,0.519,0.677,0.825,0.991,1.167,1.323,1.496,1.655,1.838,2.020,2.182,2.363,2.566,2.714,2.939,3.095,3.270,3.457,3.637,3.815,3.986,4.167,4.342,4.521,4.697,4.869,5.046,5.211,
2,8,0.142,0.300,0.470,0.642,0.795,0.965,1.142,1.310,1.480,1.662,1.816,1.976,2.153,2.330,2.497,2.667,2.854,3.043,3.214,3.393,3.561,
2,9,0.110,0.285,0.460,0.649,0.834,1.022,1.196,1.399,1.577,1.747,
2,10,0.055,0.226,0.394,0.558,0.740,0.914,1.098,1.272,1.442,1.665,1.801,
2,11,0.123,0.303,0.472,0.642,0.829,1.019,1.182,1.369,1.565,1.745,1.931,2.102,2.289,2.478,2.665,2.847,3.026,3.216,3.395,3.601,3.787,3.946,4.113,4.287,4.470,4.658,4.848,
2,12,0.209,0.388,0.541,0.727,0.923,1.077,1.243,1.444,1.654,1.841,2.047,2.232,2.435,2.748,2.940,3.151,3.317,3.497,3.679,3.861,4.070,4.273,4.433,
2,13,0.092,0.271,0.432,0.614,0.784,0.955,1.149,1.336,1.534,1.726,1.916,2.139,2.319,2.522,2.708,2.904,3.089,3.273,3.451,3.640,3.812,4.023,4.201,4.372,
2,14,0.188,0.368,0.548,0.744,0.953,1.151,1.355,1.533,1.749,1.914,2.077,2.272,2.495,2.676,2.844,3.019,3.224,
2,15,0.035,0.218,0.392,0.555,
2,16,0.084,0.271,0.450,0.638,0.805,0.999,1.196,1.388,1.609,1.794,1.995,2.176,2.377,2.566,2.772,2.969,3.153,3.374,3.576,3.744,3.932,4.125,4.309,4.493,
2,17,0.117,0.295,0.486,0.644,0.824,1.014,1.216,1.419,1.628,1.813,
2,18,0.275,0.496,0.686,0.877,1.068,1.264,1.458,1.648,1.809,2.015,2.185,2.359,2.549,2.736,2.924,3.098,3.297,3.483,3.671,3.846,4.038,4.217,4.474,
2,19,0.118,0.280,0.455,0.614,0.781,0.957,1.120,1.289,1.460,1.641,1.821,2.025,2.188,2.334,2.492,2.659,2.847,3.018,3.208,3.392,3.555,3.745,3.908,4.104,4.283,4.468,4.655,4.825,4.993,
2,20,0.210,0.401,
2,21,0.037,0.249,0.473,0.650,0.853,1.031,1.230,1.424,1.610,1.816,2.014,2.194,2.398,2.583,2.777,2.957,3.158,3.355,3.540,3.729,3.921,4.118,4.290,4.477,4.659,4.846,5.036,5.225,5.399,
2,22,0.357,0.549,0.767,0.940,1.151,1.317,1.517,1.710,
2,23,0.182,0.376,0.557,0.740,0.917,1.105,1.274,1.467,1.641,1.816,2.024,2.180,2.375,2.582,2.778,2.953,3.141,3.339,3.542,3.730,3.916,4.118,4.312,4.525,4.688,4.872,5.070,5.276,5.439,5.643,5.818,6.009,6.199,6.393,6.614,
2,24,0.242,0.443,0.621,0.807,0.991,1.177,1.373,1.584,1.779,1.996,2.190,2.396,2.749,2.987,3.190,3.444,3.627,3.803,3.935,
2,25,0.288,0.460,0.661,0.845,1.032,1.235,1.427,1.599,1.803,1.986,2.194,2.403,2.607,2.811,3.027,3.230,3.415,3.627,3.840,4.031,4.242,4.433,4.644,4.812,4.977,
2,26,0.399,0.564,0.747,0.930,1.149,1.339,1.550,1.766,1.946,2.149,2.362,2.560,2.766,2.956,3.150,3.333,3.517,3.704,3.900,4.065,4.279,4.452,
2,27,0.332,0.502,0.674,0.839,1.016,1.183,1.354,1.523,1.696,1.900,2.073,2.243,2.427,2.619,2.809,2.984,3.172,3.360,3.551,3.726,3.899,4.069,4.268,4.413,4.595,4.780,4.941,
2,28,0.310,0.469,0.648,0.820,1.026,1.199,1.395,1.568,1.747,1.951,2.145,2.334,2.533,2.762,2.945,3.149,
2,29,0.470,0.650,0.848,1.017,1.208,1.419,1.575,1.764,1.941,2.124,2.299,2.488,2.791,2.962,3.120,3.296,3.486,3.673,3.855,4.042,4.232,4.418,4.649,4.875,5.064,5.266,5.448,5.626,
2,30,0.462,0.686,0.889,1.079,1.273,1.461,1.643,1.837,2.023,2.213,2.390,2.740,2.939,3.124,3.328,3.524,3.721,3.910,4.110,4.311,4.489,4.680,4.891,5.088,5.280,5.467,5.666,5.864,
2,31,0.275,0.450,0.642,0.803,0.975,1.142,1.309,1.500,1.677,1.859,2.038,2.260,2.481,2.664,2.870,3.086,3.277,3.464,3.744,3.918,4.176,4.394,4.567,4.744,
2,32,0.349,0.556,0.750,0.933,1.111,1.297,1.498,1.716,1.914,2.125,2.322,2.527,2.718,2.926,3.116,3.344,3.566,3.768,3.956,4.144,4.327,4.529,4.725,4.934,5.114,5.281,5.454,5.638,5.806,
2,33,,
2,34,0.273,0.436,0.645,0.832,
2,35,0.243,0.401,0.568,0.767,0.942,
2,36,0.361,0.523,0.674,0.854,1.023,1.194,1.369,1.546,1.726,
2,37,0.296,0.458,
2,38,0.301,0.456,0.619,0.810,
2,39,0.250,0.412,0.566,0.739,0.951,1.145,1.315,1.562,1.802,1.986,2.165,2.347,2.552,2.748,2.918,3.107,3.306,3.489,3.681,3.855,4.045,4.232,4.440,4.647,4.853,5.053,
2,40,0.343,0.523,0.693,0.851,1.027,1.205,1.394,1.577,1.764,1.953,2.145,2.334,2.538,2.726,2.946,3.155,3.342,3.535,3.748,3.954,4.149,4.349,4.534,4.739,4.933,5.110,5.292,5.474,5.663,
2,41,0.277,0.455,0.633,0.803,0.986,1.146,1.323,1.517,1.684,1.853,2.017,2.195,2.356,2.525,2.709,2.894,3.060,3.249,3.451,3.642,3.839,4.033,4.215,4.409,4.595,4.783,4.966,5.176,5.357,5.519,5.703,5.843,6.292,
2,42,0.357,0.592,0.792,1.028,1.251,1.463,1.669,1.905,2.145,2.395,2.604,2.803,3.029,3.244,
2,43,,
2,44,0.233,0.400,
2,45,0.230,0.463,0.633,0.813,0.990,1.167,1.354,1.548,1.741,
2,46,0.040,0.221,0.420,0.643,0.781,0.959,1.143,1.325,1.509,1.703,1.893,2.066,2.246,2.437,2.644,2.807,2.991,3.188,
2,47,0.112,0.301,0.486,0.671,0.843,1.024,1.190,1.366,1.545,1.720,1.889,2.052,2.235,2.404,2.594,2.768,2.949,3.138,3.327,3.519,3.698,3.892,4.071,4.269,4.459,4.612,4.782,4.976,5.188,
2,48,0.311,0.492,
2,49,0.165,0.315,0.498,0.672,0.847,1.019,1.185,1.368,1.559,1.733,1.927,2.115,2.304,2.574,2.749,2.920,3.116,3.422,3.599,3.783,3.979,4.425,4.624,4.798,4.998,5.182,5.376,5.556,
2,50,0.370,0.537,0.712,0.899,1.050,
2,51,0.208,0.363,
2,52,0.157,0.334,0.489,
2,53,0.146,0.332,0.494,0.673,0.857,1.039,1.217,1.431,1.609,1.805,1.997,2.193,2.397,2.588,2.742,2.914,3.097,3.264,3.730,
2,54,0.266,0.468,0.654,0.833,1.017,1.182,1.362,1.538,1.744,1.945,2.161,2.348,2.547,2.959,3.162,
2,55,0.283,0.472,0.654,0.829,1.023,1.199,1.377,1.569,1.747,1.930,2.117,2.298,2.473,2.653,2.836,3.031,3.227,3.430,3.627,3.838,4.031,4.227,4.426,4.622,4.824,5.025,5.186,5.376,5.543,5.726,5.892,6.080,6.276,6.451,6.643,
2,56,0.413,0.625,0.810,0.984,1.297,1.496,1.690,
2,57,0.043,0.214,0.396,0.563,0.744,0.927,1.100,1.393,
2,58,0.221,0.400,0.573,0.745,0.919,1.100,1.277,1.454,1.650,1.802,1.966,2.173,2.360,2.547,2.732,2.933,3.117,3.305,3.472,3.654,3.832,4.025,4.201,4.397,4.577,4.772,4.954,5.154,5.338,5.538,5.733,5.894,
2,59,0.324,0.537,0.719,0.943,
2,60,0.201,0.375,0.553,0.749,0.928,1.109,1.319,1.513,1.704,1.896,2.082,2.285,2.478,2.667,2.854,3.050,3.274,3.458,3.647,3.983,4.160,4.362,4.568,
2,61,0.283,0.468,0.647,0.811,1.014,1.181,1.377,1.577,1.773,1.961,2.166,2.359,2.551,2.726,2.930,3.115,3.304,3.496,3.687,3.898,4.078,4.265,4.440,4.649,4.832,5.204,5.399,
2,62,0.267,0.410,0.573,0.734,0.915,
2,63,0.190,0.398,0.685,0.898,1.049,1.246,1.445,1.655,1.848,2.059,2.245,2.445,2.649,2.835,3.038,3.218,3.468,
2,64,0.398,0.577,0.781,0.937,1.148,
2,65,0.247,0.441,0.626,0.808,0.990,1.157,1.327,1.548,1.741,1.900,2.101,2.281,2.477,2.670,2.853,3.027,3.212,3.414,3.654,3.822,4.121,4.326,4.518,4.693,4.887,5.072,5.278,5.461,5.654,5.872,6.069,6.269,
2,66,0.283,0.470,0.667,0.845,1.026,1.187,1.361,1.552,1.770,1.977,2.182,2.407,2.585,2.770,2.949,3.139,3.313,3.491,3.681,3.853,4.041,4.268,4.426,
2,67,0.412,0.587,0.740,0.905,1.073,1.248,1.425,1.604,1.774,1.945,2.114,2.306,2.464,2.626,2.816,3.018,3.185,3.377,3.543,3.699,3.894,4.058,4.261,4.421,
2,68,0.127,0.288,0.466,0.646,0.827,1.002,1.174,1.347,1.527,1.706,1.897,2.080,2.274,2.455,2.641,2.828,3.024,3.192,3.375,3.550,
2,69,0.273,0.443,0.611,0.798,0.973,1.140,1.300,1.478,1.660,
2,70,0.423,0.614,0.788,0.962,1.146,1.295,1.465,1.653,1.817,2.000,2.179,2.350,2.530,2.701,2.897,3.074,3.264,3.444,3.619,3.812,3.998,4.180,4.365,4.545,4.702,4.898,5.059,5.236,5.413,
2,71,0.079,0.268,0.428,0.599,0.768,0.923,1.099,1.268,1.426,1.587,1.768,1.944,2.116,2.303,2.497,2.687,2.874,3.048,3.237,3.462,3.626,3.833,4.029,4.221,4.407,4.578,4.780,4.961,5.145,5.326,5.524,5.715,5.901,6.064,
2,72,0.296,0.486,
2,73,0.269,0.437,0.600,0.769,0.939,1.120,
2,74,0.293,0.460,0.647,0.800,0.980,
2,75,0.377,0.527,0.692,0.867,1.017,1.178,1.336,1.518,1.676,1.868,2.118,2.300,2.473,2.657,2.844,3.031,3.211,3.390,3.614,3.796,3.992,4.198,4.386,4.565,4.769,4.957,5.136,5.338,5.526,5.708,6.079,
2,76,0.411,0.641,0.803,0.963,1.142,1.304,1.487,1.661,1.851,2.025,2.189,2.392,2.575,2.776,2.954,3.146,3.345,
2,77,0.456,0.648,0.823,0.983,1.152,1.320,1.483,1.662,1.839,2.029,2.199,2.376,2.541,2.729,2.903,3.092,3.266,3.462,3.656,3.818,4.013,4.200,4.377,4.568,4.735,4.900,
2,78,0.377,0.544,0.719,0.906,1.071,1.247,1.428,1.630,1.782,1.958,2.147,2.326,2.499,2.681,2.869,3.053,3.226,3.411,3.598,3.782,3.962,4.148,4.318,
2,79,0.300,0.472,0.649,0.819,0.989,1.166,1.341,1.524,1.700,1.897,2.056,2.250,2.435,2.614,2.793,2.983,3.157,3.347,
2,80,0.335,0.515,0.676,0.855,1.032,1.222,1.399,1.566,1.749,1.929,2.111,2.297,2.453,2.623,2.818,3.016,3.194,3.400,3.560,3.748,3.947,4.150,4.323,4.501,4.722,4.900,
2,81,0.266,0.412,0.587,0.770,0.947,1.119,1.308,1.501,1.675,1.850,2.039,2.222,2.401,2.588,2.794,2.960,3.151,3.368,3.591,3.785,3.999,4.179,4.366,
2,82,0.320,0.490,0.682,0.856,1.048,1.229,
2,83,,
2,84,0.235,0.391,0.544,
2,85,0.266,0.427,0.580,0.741,0.900,1.068,1.241,1.433,1.610,1.800,1.996,2.192,2.404,2.610,2.804,2.972,3.151,3.321,3.525,3.703,3.905,4.094,4.302,4.461,4.662,4.835,5.019,5.176,5.366,5.546,5.711,
2,86,0.333,0.531,0.729,0.932,1.110,1.309,1.494,1.678,
2,87,0.307,0.489,0.677,0.864,1.033,1.247,1.423,1.656,1.845,
2,88,0.237,0.430,0.608,0.792,0.975,1.158,1.353,1.559,1.768,1.950,2.134,2.315,2.492,2.680,2.866,3.047,3.233,3.426,3.626,3.810,4.022,4.211,4.407,4.590,4.769,4.956,5.136,5.316,5.581,
2,89,0.038,0.215,0.427,
2,90,0.250,0.434,0.604,0.820,1.022,1.236,1.433,1.649,
2,91,0.328,0.509,0.680,0.876,1.088,
2,92,0.353,0.522,0.705,0.889,1.079,1.273,1.463,1.652,
2,93,0.388,0.575,0.781,0.959,1.162,1.388,1.580,1.818,2.028,2.198,2.389,2.571,2.749,2.945,3.142,
2,94,0.292,0.474,0.664,0.871,1.073,1.270,1.465,1.662,1.856,2.055,2.245,2.454,2.647,2.857,3.076,3.298,3.500,3.716,3.974,4.177,4.398,
2,95,0.500,0.687,0.869,1.070,1.267,1.444,1.655,1.843,2.061,2.274,2.501,2.707,2.913,3.114,3.341,3.533,3.746,3.924,4.121,4.327,4.518,4.708,4.916,5.087,
2,96,0.149,0.332,0.515,0.676,0.846,1.019,1.208,1.399,1.572,1.769,1.958,2.153,2.498,2.699,2.900,3.080,3.279,3.461,3.660,3.838,4.054,4.216,4.389,4.554,
2,97,,
2,98,0.096,0.247,0.419,0.596,0.780,0.971,1.177,1.345,1.535,1.738,1.920,2.114,2.291,2.488,2.700,2.896,3.075,3.266,
2,99,0.203,0.393,0.561,0.731,0.922,1.122,1.325,1.510,1.700,1.900,2.064,2.260,2.428,2.596,2.782,2.965,3.144,3.327,3.487,3.679,3.878,4.018,4.182,4.361,4.533,4.709,
2,100,0.267,0.447,0.620,0.804,0.972,1.157,1.344,1.530,1.708,1.896,2.118,2.312,2.492,2.672,2.885,3.043,3.206,3.393,3.572,3.769,3.954,4.148,4.335,4.502,
2,101,0.107,0.267,0.415,0.578,0.750,0.930,1.100,1.277,1.455,1.651,1.838,2.018,2.215,2.384,2.564,2.768,2.951,3.152,3.346,3.535,3.725,3.919,4.077,4.286,4.444,4.611,
2,102,0.340,0.524,0.697,0.891,1.061,1.244,1.448,1.645,1.799,1.994,2.191,2.392,2.586,2.780,2.967,3.159,3.364,3.560,3.781,3.954,4.194,4.393,4.579,4.784,4.968,5.165,5.336,5.530,5.725,6.147,
2,103,0.083,0.266,0.439,0.614,0.809,1.024,1.202,1.400,1.581,1.770,1.963,2.159,2.358,2.557,2.752,2.941,3.157,3.397,3.589,3.776,3.959,4.147,4.333,
2,104,0.279,0.457,0.622,0.799,0.969,1.126,
2,105,0.197,0.366,0.530,0.715,0.899,1.069,1.247,1.441,1.626,1.825,2.023,2.222,2.427,2.627,2.848,3.034,3.232,
2,106,0.149,0.314,0.491,
2,107,0.074,0.241,0.419,0.585,0.774,0.949,1.153,1.362,1.592,1.809,1.984,2.190,2.425,2.588,2.792,2.992,3.178,
2,108,0.234,0.396,0.544,0.699,0.858,1.020,1.180,1.349,1.526,1.691,1.867,
2,109,0.205,0.359,0.525,0.671,0.834,1.014,1.167,1.335,1.514,1.703,1.877,2.068,2.245,2.449,2.626,2.803,2.996,3.173,3.342,3.530,3.702,3.898,4.052,4.237,4.402,4.557,4.722,
2,110,0.038,0.196,0.362,0.539,0.711,0.893,
2,111,0.033,0.207,0.383,0.544,0.736,0.907,1.101,1.277,1.445,1.651,1.809,2.002,2.183,2.384,2.550,2.744,2.924,3.109,3.305,3.471,3.686,3.837,4.022,4.215,4.388,4.548,
2,112,0.066,0.223,0.390,0.562,0.771,0.929,1.081,1.280,1.450,1.614,1.806,1.985,2.155,2.345,2.541,2.741,2.917,3.112,3.296,
2,113,0.431,0.586,0.740,0.917,1.077,1.247,1.422,1.593,1.774,1.939,2.112,2.274,2.437,2.613,2.792,2.966,3.143,3.316,
2,114,0.060,0.260,0.430,0.595,0.777,0.955,
2,115,0.359,0.519,0.679,
2,116,0.196,0.367,0.539,0.702,0.889,1.037,1.213,1.396,1.576,1.747,1.921,2.105,2.285,2.453,2.639,2.805,2.996,3.182,3.368,3.553,3.736,3.915,4.102,4.293,4.490,4.667,4.830,4.990,5.150,
2,117,0.149,0.302,0.468,0.640,0.793,0.966,1.140,1.293,1.468,1.640,1.815,1.976,2.158,2.318,2.488,2.665,2.843,3.024,3.192,3.360,3.541,3.695,3.873,4.044,4.224,4.401,4.576,
2,118,0.032,0.207,0.370,0.533,0.700,0.868,1.040,1.220,1.403,1.583,1.766,1.949,2.133,2.320,2.495,2.665,2.842,3.024,3.212,3.400,3.573,3.748,3.911,4.078,4.227,
2,119,0.111,0.299,0.452,0.602,0.784,0.947,1.108,1.275,1.443,1.615,1.806,1.977,2.156,2.312,2.480,2.666,2.849,3.025,3.210,3.392,3.562,3.735,3.910,4.060,4.231,
2,120,0.050,0.193,0.346,0.501,0.662,0.833,0.998,
2,121,0.213,0.373,0.529,0.688,0.866,1.048,1.228,1.407,1.581,1.747,1.917,2.097,2.279,2.454,2.648,2.944,3.148,3.291,3.469,3.648,3.809,3.969,4.148,4.319,
2,122,0.170,0.320,0.479,0.646,0.821,0.981,1.163,1.340,1.516,1.691,
2,123,0.119,0.276,0.428,
2,124,0.095,0.260,0.415,0.578,0.752,0.933,1.105,1.287,1.460,1.644,1.829,2.011,2.173,2.341,2.516,2.686,2.864,3.042,3.228,3.412,3.572,3.761,3.917,4.074,
2,125,0.288,0.449,0.613,0.783,0.965,1.144,1.315,1.499,1.688,1.847,
2,126,0.330,0.491,0.657,0.811,0.971,1.141,1.294,1.486,1.664,1.830,2.000,2.183,2.360,2.544,2.717,2.901,3.078,3.252,3.443,3.642,3.812,4.025,4.252,
2,127,0.325,0.485,0.641,0.796,0.969,1.126,1.299,1.474,1.641,1.819,1.995,2.166,2.333,2.525,2.681,2.875,3.062,3.235,3.414,3.580,3.762,3.951,4.143,4.320,4.493,4.687,4.852,5.019,5.202,
2,128,0.188,0.338,
2,129,0.095,0.286,0.445,0.604,
2,130,,
2,131,0.077,0.240,0.397,0.557,0.716,0.897,1.065,1.247,1.424,1.607,1.780,1.961,2.147,2.331,2.514,2.682,2.861,3.051,3.235,
2,132,0.230,0.395,0.552,0.721,0.895,1.065,
2,133,0.263,0.428,0.597,0.763,0.928,1.104,1.270,1.458,1.647,1.817,1.990,2.174,2.363,2.556,2.748,2.927,3.109,3.294,3.469,3.648,3.822,4.015,4.170,4.355,4.530,4.697,4.877,
2,134,0.233,0.403,0.577,0.766,0.934,1.114,1.284,1.466,1.650,1.835,2.024,2.221,2.406,2.583,2.771,2.960,3.163,3.353,3.539,3.737,3.929,4.103,4.272,4.456,4.635,4.808,
2,135,0.320,0.480,0.645,0.798,0.965,1.145,1.312,1.488,1.677,1.852,2.038,2.241,2.415,2.605,2.804,2.978,3.146,3.334,3.521,3.710,3.899,4.087,4.266,4.446,4.612,4.790,4.972,
2,136,0.119,0.285,0.454,0.642,0.797,0.980,1.166,1.352,1.548,1.742,1.941,2.121,2.315,2.496,2.696,2.893,3.083,3.262,3.446,3.653,3.940,4.103,4.277,4.443,4.615,
2,137,0.154,0.328,0.480,0.648,0.831,1.015,1.194,1.375,1.567,1.762,1.954,2.145,2.329,2.515,2.704,2.896,3.068,3.263,3.426,3.621,3.896,4.054,4.229,
2,138,0.231,0.401,0.552,0.717,0.887,1.059,1.240,1.419,1.601,1.768,1.953,2.138,2.327,2.518,2.691,2.866,3.048,3.226,3.404,3.602,3.769,3.952,4.127,4.304,
2,139,0.251,0.421,0.603,0.782,0.955,1.149,
2,140,0.199,0.359,0.541,0.718,0.900,1.077,1.270,1.450,1.650,
2,141,0.407,0.583,0.749,0.925,1.102,1.282,1.462,1.651,1.826,2.018,2.205,2.401,2.599,2.795,2.990,3.176,3.368,3.585,3.734,3.922,4.101,4.291,4.475,4.662,4.898,
2,142,0.271,0.435,
2,143,0.238,0.395,0.553,0.713,0.890,1.061,1.226,1.399,1.580,1.749,
2,144,0.496,0.653,0.819,0.977,1.137,1.302,1.466,1.637,1.799,1.979,2.169,2.328,2.502,2.678,2.864,3.031,3.215,3.394,3.575,3.771,3.943,4.119,4.289,4.464,4.642,4.811,4.978,5.151,5.313,5.490,
2,145,0.227,0.398,0.569,0.739,0.920,1.108,1.292,1.492,1.659,1.842,2.026,2.206,2.399,2.570,2.766,2.942,3.121,3.313,3.485,3.660,3.823,
2,146,0.239,0.402,0.567,0.743,0.921,1.111,1.292,1.468,1.642,1.811,1.990,2.177,2.366,2.551,2.732,2.903,3.097,3.293,
2,147,0.327,0.502,0.671,0.839,1.016,1.181,1.356,1.526,1.701,
2,148,0.316,0.476,0.647,0.807,0.973,1.151,1.330,1.514,1.674,1.845,2.029,2.217,2.398,2.576,2.765,2.922,3.110,3.318,3.489,3.685,3.902,4.047,4.188,4.480,
2,149,0.275,0.447,0.614,0.779,0.941,1.112,1.294,1.459,1.636,1.814,1.991,2.174,2.355,2.529,2.701,2.886,3.064,3.236,
2,150,0.433,0.592,0.766,0.934,1.095,1.266,1.414,1.588,1.767,1.961,2.127,2.299,2.473,2.654,2.833,3.017,3.172,3.333,3.517,3.694,3.884,4.081,4.300,
2,151,0.149,0.307,0.485,0.666,0.815,1.016,1.184,1.344,1.541,1.742,
2,152,0.313,0.481,0.651,0.813,1.161,
2,153,0.143,0.283,0.429,0.600,0.786,0.959,1.160,1.348,1.534,1.717,1.893,2.073,2.275,2.458,2.647,2.829,3.019,3.210,3.394,3.555,3.746,3.936,4.110,4.284,4.478,4.659,4.831,5.032,5.210,5.402,5.572,5.750,5.951,6.145,6.320,6.496,6.680,6.840,
2,154,0.250,0.464,0.650,0.845,1.021,
2,155,0.030,0.217,0.397,0.572,0.763,0.958,
2,156,0.207,0.376,
2,157,0.203,0.394,0.548,
2,158,0.315,0.477,0.656,0.836,1.041,1.205,1.397,1.694,1.897,2.086,2.297,2.500,2.696,2.898,3.098,3.264,
2,159,,
2,160,0.086,0.245,0.409,
2,161,0.271,0.412,0.568,0.738,0.899,1.063,1.236,1.438,1.638,1.828,2.022,2.209,2.401,2.625,2.826,3.049,3.232,3.416,3.581,3.773,3.936,4.116,4.297,4.473,4.650,
2,162,0.218,0.388,
2,163,0.252,0.399,0.569,0.738,0.910,1.100,
2,164,0.293,0.446,0.650,0.796,0.974,1.150,1.328,1.498,1.693,1.900,2.071,2.248,2.420,2.598,2.785,2.957,3.149,
2,165,0.280,0.453,0.625,0.802,0.963,1.152,1.321,1.518,1.669,1.842,2.043,2.209,2.392,2.585,2.781,2.954,3.141,3.326,3.519,3.707,3.893,4.066,4.243,4.444,4.636,4.787,4.972,
2,166,0.224,0.406,0.576,0.742,0.914,1.113,1.285,1.470,1.656,
2,167,0.163,0.334,0.510,0.693,0.894,1.064,1.232,1.426,1.611,1.792,1.994,2.177,2.368,2.557,
